form	lemma	POS	morph
Qui	qui	PROrel	MORPH=empty
petit	petit	ADJqua	MORPH=empty
seme	semer1	VERcjg	MORPH=empty
petit	petit	ADJqua	MORPH=empty
quialt	coillir	VERcjg	MORPH=empty
,	,	PONfbl	MORPH=empty
et	et	CONcoo	MORPH=empty
qui	qui	PROrel	MORPH=empty
auques	auques	ADVgen	MORPH=empty
recoillir	recoillir	VERinf	MORPH=empty
vialt	voloir	VERcjg	MORPH=empty
an	en1	PRE	MORPH=empty
tel	tel	DETind	MORPH=empty
leu	lieu	NOMcom	MORPH=empty
sa	son4	DETpos	MORPH=empty
semance	semence	NOMcom	MORPH=empty
espande	espandre	VERcjg	MORPH=empty
que	que4	CONsub	MORPH=empty
fruit	fruit	NOMcom	MORPH=empty
a	a3	PRE	MORPH=empty
cent	cent	DETcar	MORPH=empty
dobles	doble	NOMcom	MORPH=empty
li	il	PROper	MORPH=empty
rande	rendre	VERcjg	MORPH=empty
;	;	PONfbl	MORPH=empty
car	car	CONcoo	MORPH=empty
an	en1	PRE	MORPH=empty
terre	terre	NOMcom	MORPH=empty
qui	qui	PROrel	MORPH=empty
rien	rien	PROind	MORPH=empty
ne	ne1	ADVneg	MORPH=empty
vaut	valoir	VERcjg	MORPH=empty
,	,	PONfbl	MORPH=empty
bone	bon	ADJqua	MORPH=empty
semance	semence	NOMcom	MORPH=empty
i	i2	PROadv	MORPH=empty
seche	sechier	VERcjg	MORPH=empty
et	et	CONcoo	MORPH=empty
faut	falir	VERcjg	MORPH=empty
.	.	PONfrt	MORPH=empty
Crestiens	Crestiien	NOMpro	MORPH=empty
seme	semer1	VERcjg	MORPH=empty
et	et	CONcoo	MORPH=empty
fet	faire	VERcjg	MORPH=empty
semance	semence	NOMcom	MORPH=empty
d'	de	PRE	MORPH=empty
un	un	DETndf	MORPH=empty
romans	romanz	NOMcom	MORPH=empty
que	que2	PROrel	MORPH=empty
il	il	PROper	MORPH=empty
ancomance	encomencier	VERcjg	MORPH=empty
,	,	PONfbl	MORPH=empty
et	et	CONcoo	MORPH=empty
si	si	ADVgen	MORPH=empty
le	il	PROper	MORPH=empty
seme	semer1	VERcjg	MORPH=empty
an	en1	PRE	MORPH=empty
si	si	ADVgen	MORPH=empty
bon	bon	ADJqua	MORPH=empty
leu	lieu	NOMcom	MORPH=empty
qu'	que4	CONsub	MORPH=empty
il	il	PROper	MORPH=empty
ne	ne1	ADVneg	MORPH=empty
puet	pöoir	VERcjg	MORPH=empty
estre	estre1	VERinf	MORPH=empty
sanz	sans	PRE	MORPH=empty
grant	grant	ADJqua	MORPH=empty
preu	pro	NOMcom	MORPH=empty
,	,	PONfbl	MORPH=empty
qu'	que4	CONcoo	MORPH=empty
il	il	PROper	MORPH=empty
le	il	PROper	MORPH=empty
fet	faire	VERcjg	MORPH=empty
por	por2	PRE	MORPH=empty
le	le	DETdef	MORPH=empty
plus	plus	ADVgen	MORPH=empty
prodome	pro	ADJqua	MORPH=empty
qui	qui	PROrel	MORPH=empty
soit	estre1	VERcjg	MORPH=empty
an	en1	PRE	MORPH=empty
l'	le	DETdef	MORPH=empty
empire	empire	NOMcom	MORPH=empty
de	de	PRE	MORPH=empty
Rome	Rome	NOMpro	MORPH=empty
.	.	PONfrt	MORPH=empty
C'	ce1	PROdem	MORPH=empty
est	estre1	VERcjg	MORPH=empty
li	le	DETdef	MORPH=empty
cuens	conte1	NOMcom	MORPH=empty
Phelipes	Phelipes	NOMpro	MORPH=empty
de	de	PRE	MORPH=empty
Flandres	Flandres	NOMpro	MORPH=empty
,	,	PONfbl	MORPH=empty
qui	qui	PROrel	MORPH=empty
mialz	mieus	ADVgen	MORPH=empty
valt	valoir	VERcjg	MORPH=empty
ne	ne1	ADVneg	MORPH=empty
fist	faire	VERcjg	MORPH=empty
Alixandres	Alixandre	NOMpro	MORPH=empty
,	,	PONfbl	MORPH=empty
cil	cel	PROdem	MORPH=empty
que	que2	PROrel	MORPH=empty
l'	le	DETdef	MORPH=empty
an	on	PROind	MORPH=empty
dit	dire	VERcjg	MORPH=empty
qui	qui	PROrel	MORPH=empty
tant	tant	ADVgen	MORPH=empty
fu	estre1	VERcjg	MORPH=empty
buens	bon	ADJqua	MORPH=empty
.	.	PONfrt	MORPH=empty
Mes	mais1	CONcoo	MORPH=empty
je	je	PROper	MORPH=empty
proverai	prover	VERcjg	MORPH=empty
que	que4	CONsub	MORPH=empty
li	le	DETdef	MORPH=empty
cuens	conte1	NOMcom	MORPH=empty
valt	valoir	VERcjg	MORPH=empty
mialz	mieus	ADVgen	MORPH=empty
que	que1	CONsub	MORPH=empty
cist	cest	PROdem	MORPH=empty
ne	ne1	ADVneg	MORPH=empty
fist	faire	VERcjg	MORPH=empty
asez	assez	ADVgen	MORPH=empty
,	,	PONfbl	MORPH=empty
car	car	CONcoo	MORPH=empty
il	il	PROper	MORPH=empty
ot	avoir	VERcjg	MORPH=empty
an	en1	PRE	MORPH=empty
lui	il	PROper	MORPH=empty
amassez	amasser	VERppe	MORPH=empty
toz	tot	DETind	MORPH=empty
les	le	DETdef	MORPH=empty
vices	vice1	NOMcom	MORPH=empty
et	et	CONcoo	MORPH=empty
toz	tot	DETind	MORPH=empty
les	le	DETdef	MORPH=empty
max	mal1	NOMcom	MORPH=empty
dont	dont	PROrel	MORPH=empty
li	le	DETdef	MORPH=empty
cuens	conte1	NOMcom	MORPH=empty
est	estre1	VERcjg	MORPH=empty
mondes	monde2	ADJqua	MORPH=empty
et	et	CONcoo	MORPH=empty
sax	sauf	ADJqua	MORPH=empty
.	.	PONfrt	MORPH=empty
Li	le	DETdef	MORPH=empty
cuens	conte1	NOMcom	MORPH=empty
est	estre1	VERcjg	MORPH=empty
tex	tel	ADJind	MORPH=empty
que	que4	CONsub	MORPH=empty
il	il	PROper	MORPH=empty
n'	ne1	ADVneg	MORPH=empty
escote	escouter	VERcjg	MORPH=empty
vilain	vilain	ADJqua	MORPH=empty
gap	gap	NOMcom	MORPH=empty
ne	ne2	CONcoo	MORPH=empty
parole	parole	NOMcom	MORPH=empty
estote	estout	ADJqua	MORPH=empty
,	,	PONfbl	MORPH=empty
et	et	CONcoo	MORPH=empty
s'	se	CONsub	MORPH=empty
il	il	PROper	MORPH=empty
ot	öir	VERcjg	MORPH=empty
mal	mal1	NOMcom	MORPH=empty
dire	dire	VERinf	MORPH=empty
d'	de	PRE	MORPH=empty
autrui	autrui	PROind	MORPH=empty
,	,	PONfbl	MORPH=empty
qui	qui	PROrel	MORPH=empty
que	que2	PROrel	MORPH=empty
il	il	PROper	MORPH=empty
soit	estre1	VERcjg	MORPH=empty
,	,	PONfbl	MORPH=empty
ce	ce1	PROdem	MORPH=empty
poise	peser	VERcjg	MORPH=empty
lui	il	PROper	MORPH=empty
.	.	PONfrt	MORPH=empty
Li	le	DETdef	MORPH=empty
cuens	conte1	NOMcom	MORPH=empty
ainme	amer1	VERcjg	MORPH=empty
droite	droit	ADJqua	MORPH=empty
justise	justice	NOMcom	MORPH=empty
et	et	CONcoo	MORPH=empty
lëauté	lëauté	NOMcom	MORPH=empty
et	et	CONcoo	MORPH=empty
Sainte	saint	ADJqua	MORPH=empty
Iglise	eglise	NOMcom	MORPH=empty
,	,	PONfbl	MORPH=empty
et	et	CONcoo	MORPH=empty
tote	tot	DETind	MORPH=empty
vilenie	vilenie	NOMcom	MORPH=empty
het	häir	VERcjg	MORPH=empty
;	;	PONfbl	MORPH=empty
s'	si	ADVgen	MORPH=empty
est	estre1	VERcjg	MORPH=empty
plus	plus	ADVgen	MORPH=empty
larges	large	ADJqua	MORPH=empty
que	que1	CONsub	MORPH=empty
l'	le	DETdef	MORPH=empty
an	on	PROind	MORPH=empty
ne	ne1	ADVneg	MORPH=empty
set	savoir	VERcjg	MORPH=empty
,	,	PONfbl	MORPH=empty
qu'	que4	CONcoo	MORPH=empty
il	il	PROper	MORPH=empty
done	doner	VERcjg	MORPH=empty
selonc	selonc	PRE	MORPH=empty
l'	le	DETdef	MORPH=empty
Evangile	Evangile	NOMpro	MORPH=empty
,	,	PONfbl	MORPH=empty
sanz	sans	PRE	MORPH=empty
ypocrisye	ipocrisie	NOMcom	MORPH=empty
et	et	CONcoo	MORPH=empty
sanz	sans	PRE	MORPH=empty
guile	guile	NOMcom	MORPH=empty
,	,	PONfbl	MORPH=empty
qui	qui	PROrel	MORPH=empty
dit	dire	VERcjg	MORPH=empty
:	:	PONfbl	MORPH=empty
"	"	PONpxx	MORPH=empty
Ne	ne1	ADVneg	MORPH=empty
saiche	savoir	VERcjg	MORPH=empty
ta	ton4	DETpos	MORPH=empty
senestre	senestre	ADJqua	MORPH=empty
le	le	DETdef	MORPH=empty
bien	bien2	NOMcom	MORPH=empty
,	,	PONfbl	MORPH=empty
quant	cant1	CONsub	MORPH=empty
le	il	PROper	MORPH=empty
fera	faire	VERcjg	MORPH=empty
la	le	DETdef	MORPH=empty
destre	destre	ADJqua	MORPH=empty
.	.	PONfrt	MORPH=empty
"	"	PONpxx	MORPH=empty
Cil	cel	PROdem	MORPH=empty
le	il	PROper	MORPH=empty
saiche	savoir	VERcjg	MORPH=empty
qui	qui	PROrel	MORPH=empty
le	il	PROper	MORPH=empty
reçoit	recevoir	VERcjg	MORPH=empty
,	,	PONfbl	MORPH=empty
et	et	CONcoo	MORPH=empty
Dex	Dieu	NOMpro	MORPH=empty
,	,	PONfbl	MORPH=empty
qui	qui	PROrel	MORPH=empty
toz	tot	DETind	MORPH=empty
les	le	DETdef	MORPH=empty
segrez	secré	NOMcom	MORPH=empty
voit	vëoir	VERcjg	MORPH=empty
et	et	CONcoo	MORPH=empty
set	savoir	VERcjg	MORPH=empty
totes	tot	DETind	MORPH=empty
les	le	DETdef	MORPH=empty
repostailles	repostaille	NOMcom	MORPH=empty
qui	qui	PROrel	MORPH=empty
sont	estre1	VERcjg	MORPH=empty
es	en1+le	PRE.DETdef	MORPH=empty
cuers	cuer2	NOMcom	MORPH=empty
et	et	CONcoo	MORPH=empty
es	en1+le	PRE.DETdef	MORPH=empty
antrailles	entraille1	NOMcom	MORPH=empty
.	.	PONfrt	MORPH=empty
L'	le	DETdef	MORPH=empty
Evangile	Evangile	NOMpro	MORPH=empty
,	,	PONfbl	MORPH=empty
por	por2	PRE	MORPH=empty
coi	coi2	PROrel	MORPH=empty
dit	dire	VERcjg	MORPH=empty
ele	il	PROper	MORPH=empty
:	:	PONfbl	MORPH=empty
"	"	PONpxx	MORPH=empty
Tes	ton4	DETpos	MORPH=empty
biens	bien2	NOMcom	MORPH=empty
a	a3	PRE	MORPH=empty
ta	ton4	DETpos	MORPH=empty
senestre	senestre	ADJqua	MORPH=empty
cele	celer1	VERcjg	MORPH=empty
?	?	PONfrt	MORPH=empty
"	"	PONpxx	MORPH=empty
La	le	DETdef	MORPH=empty
senestre	senestre	ADJqua	MORPH=empty
,	,	PONfbl	MORPH=empty
selonc	selonc	PRE	MORPH=empty
l'	le	DETdef	MORPH=empty
estoire	estoire1	NOMcom	MORPH=empty
,	,	PONfbl	MORPH=empty
senefie	senefiier	VERcjg	MORPH=empty
la	le	DETdef	MORPH=empty
vainne	vain	ADJqua	MORPH=empty
gloire	gloire	NOMcom	MORPH=empty
qui	qui	PROrel	MORPH=empty
vint	venir	VERcjg	MORPH=empty
de	de	PRE	MORPH=empty
fause	faus	ADJqua	MORPH=empty
ypocrisie	ipocrisie	NOMcom	MORPH=empty
.	.	PONfrt	MORPH=empty
Et	et	CONcoo	MORPH=empty
la	le	DETdef	MORPH=empty
destre	destre	ADJqua	MORPH=empty
,	,	PONfbl	MORPH=empty
que	que3	PROint	MORPH=empty
senefie	senefiier	VERcjg	MORPH=empty
?	?	PONfrt	MORPH=empty
Charité	charité	NOMcom	MORPH=empty
,	,	PONfbl	MORPH=empty
qui	qui	PROrel	MORPH=empty
de	de	PRE	MORPH=empty
sa	son4	DETpos	MORPH=empty
bone	bon	ADJqua	MORPH=empty
oevre	uevre	NOMcom	MORPH=empty
pas	pas	ADVneg	MORPH=empty
ne	ne1	ADVneg	MORPH=empty
se	soi1	PROper	MORPH=empty
vante	vanter	VERcjg	MORPH=empty
,	,	PONfbl	MORPH=empty
ençois	ainçois	ADVgen	MORPH=empty
la	il	PROper	MORPH=empty
coevre	covrir	VERcjg	MORPH=empty
,	,	PONfbl	MORPH=empty
que	que4	CONcoo	MORPH=empty
nus	nul	PROind	MORPH=empty
ne	ne1	ADVneg	MORPH=empty
le	il	PROper	MORPH=empty
set	savoir	VERcjg	MORPH=empty
se	se	CONsub	MORPH=empty
cil	cel	PROdem	MORPH=empty
non	non	ADVneg	MORPH=empty
qui	qui	PROrel	MORPH=empty
Dex	Dieu	NOMpro	MORPH=empty
et	et	CONcoo	MORPH=empty
Charité	charité	NOMcom	MORPH=empty
a	avoir	VERcjg	MORPH=empty
non	nom	NOMcom	MORPH=empty
.	.	PONfrt	MORPH=empty
Dex	Dieu	NOMpro	MORPH=empty
est	estre1	VERcjg	MORPH=empty
charitez	charité	NOMcom	MORPH=empty
,	,	PONfbl	MORPH=empty
et	et	CONcoo	MORPH=empty
qui	qui	PROrel	MORPH=empty
vit	vivre1	VERcjg	MORPH=empty
an	en1	PRE	MORPH=empty
charité	charité	NOMcom	MORPH=empty
,	,	PONfbl	MORPH=empty
selonc	selonc	PRE	MORPH=empty
l'	le	DETdef	MORPH=empty
escrit	escrit	NOMcom	MORPH=empty
,	,	PONfbl	MORPH=empty
sainz	saint	ADJqua	MORPH=empty
Pos	Paul	NOMpro	MORPH=empty
lo	il	PROper	MORPH=empty
dit	dire	VERcjg	MORPH=empty
et	et	CONcoo	MORPH=empty
je	je	PROper	MORPH=empty
le	il	PROper	MORPH=empty
lui	lire1	VERcjg	MORPH=empty
,	,	PONfbl	MORPH=empty
qu'	que4	CONcoo	MORPH=empty
i	i2	PROadv	MORPH=empty
maint	manoir1	VERcjg	MORPH=empty
an	en1	PRE	MORPH=empty
Deu	Dieu	NOMpro	MORPH=empty
et	et	CONcoo	MORPH=empty
Dex	Dieu	NOMpro	MORPH=empty
an	en1	PRE	MORPH=empty
lui	il	PROper	MORPH=empty
.	.	PONfrt	MORPH=empty
Donc	donc	ADVgen	MORPH=empty
sachoiz	savoir	VERcjg	MORPH=empty
bien	bien1	ADVgen	MORPH=empty
de	de	PRE	MORPH=empty
verité	verité	NOMcom	MORPH=empty
que	que4	CONsub	MORPH=empty
li	le	DETdef	MORPH=empty
don	don	NOMcom	MORPH=empty
sont	estre1	VERcjg	MORPH=empty
de	de	PRE	MORPH=empty
charité	charité	NOMcom	MORPH=empty
que	que2	PROrel	MORPH=empty
li	le	DETdef	MORPH=empty
bons	bon	ADJqua	MORPH=empty
cuens	conte1	NOMcom	MORPH=empty
Felipes	Phelipes	NOMpro	MORPH=empty
done	doner	VERcjg	MORPH=empty
,	,	PONfbl	MORPH=empty
c'	que4	CONsub	MORPH=empty
onques	onque	ADVgen	MORPH=empty
nelui	nul	PROind	MORPH=empty
n'	ne1	ADVneg	MORPH=empty
an	en2	PROadv	MORPH=empty
areisone	araisnier	VERcjg	MORPH=empty
fors	fors1	PRE	MORPH=empty
son	son4	DETpos	MORPH=empty
franc	franc1	ADJqua	MORPH=empty
cuer	cuer2	NOMcom	MORPH=empty
le	le	DETdef	MORPH=empty
debonere	debonaire	ADJqua	MORPH=empty
,	,	PONfbl	MORPH=empty
qui	qui	PROrel	MORPH=empty
li	il	PROper	MORPH=empty
loe	löer1	VERcjg	MORPH=empty
le	le	DETdef	MORPH=empty
bien	bien2	NOMcom	MORPH=empty
a	a3	PRE	MORPH=empty
fere	faire	VERinf	MORPH=empty
.	.	PONfrt	MORPH=empty
Ne	ne1	ADVneg	MORPH=empty
valt	valoir	VERcjg	MORPH=empty
mialz	mieus	ADVgen	MORPH=empty
cil	cel	PROdem	MORPH=empty
que	que4	CONsub	MORPH=empty
ne	ne1	ADVneg	MORPH=empty
valut	valoir	VERcjg	MORPH=empty
Alixandres	Alixandre	NOMpro	MORPH=empty
,	,	PONfbl	MORPH=empty
cui	cui	PROrel	MORPH=empty
ne	ne1	ADVneg	MORPH=empty
chalut	chaloir	VERcjg	MORPH=empty
de	de	PRE	MORPH=empty
charité	charité	NOMcom	MORPH=empty
ne	ne2	CONcoo	MORPH=empty
de	de	PRE	MORPH=empty
nul	nul	DETind	MORPH=empty
bien	bien2	NOMcom	MORPH=empty
?	?	PONfrt	MORPH=empty
Oïl	öil	ADVgen	MORPH=empty
,	,	PONfbl	MORPH=empty
n'	ne1	ADVneg	MORPH=empty
an	en2	PROadv	MORPH=empty
dotez	doter2	VERcjg	MORPH=empty
ja	ja	ADVgen	MORPH=empty
de	de	PRE	MORPH=empty
rien	rien	PROind	MORPH=empty
.	.	PONfrt	MORPH=empty
Donc	donc	ADVgen	MORPH=empty
avra	avoir	VERcjg	MORPH=empty
bien	bien1	ADVgen	MORPH=empty
sauve	sauf	ADJqua	MORPH=empty
sa	son4	DETpos	MORPH=empty
peinne	peine	NOMcom	MORPH=empty
Crestiens	Crestiien	NOMpro	MORPH=empty
,	,	PONfbl	MORPH=empty
qui	qui	PROrel	MORPH=empty
antant	entendre	VERcjg	MORPH=empty
et	et	CONcoo	MORPH=empty
peinne	pener	VERcjg	MORPH=empty
a	a3	PRE	MORPH=empty
rimoier	rimoiier1	VERinf	MORPH=empty
le	le	DETdef	MORPH=empty
meillor	meillor	ADJqua	MORPH=empty
conte	conte2	NOMcom	MORPH=empty
,	,	PONfbl	MORPH=empty
par	par	PRE	MORPH=empty
le	le	DETdef	MORPH=empty
comandemant	comandement	NOMcom	MORPH=empty
le	le	DETdef	MORPH=empty
conte	conte1	NOMcom	MORPH=empty
,	,	PONfbl	MORPH=empty
qui	qui	PROrel	MORPH=empty
soit	estre1	VERcjg	MORPH=empty
contez	conter	VERcjg	MORPH=empty
an	en1	PRE	MORPH=empty
cort	cort1	NOMcom	MORPH=empty
real	roial2	ADJqua	MORPH=empty
.	.	PONfrt	MORPH=empty
Ce	ce1	PROdem	MORPH=empty
est	estre1	VERcjg	MORPH=empty
li	le	DETdef	MORPH=empty
contes	conte2	NOMcom	MORPH=empty
del	de+le	PRE.DETdef	MORPH=empty
graal	gräal	NOMcom	MORPH=empty
,	,	PONfbl	MORPH=empty
don	dont	PROrel	MORPH=empty
li	le	DETdef	MORPH=empty
cuens	conte1	NOMcom	MORPH=empty
li	il	PROper	MORPH=empty
baille	baillier	VERcjg	MORPH=empty
le	le	DETdef	MORPH=empty
livre	livre2	NOMcom	MORPH=empty
,	,	PONfbl	MORPH=empty
s'	si	ADVgen	MORPH=empty
orroiz	öir	VERcjg	MORPH=empty
comant	coment1	ADVsub	MORPH=empty
il	il	PROper	MORPH=empty
s'	soi1	PROper	MORPH=empty
an	en2	PROadv	MORPH=empty
delivre	delivrer	VERcjg	MORPH=empty
.	.	PONfrt	MORPH=empty
Ce	ce1	PROdem	MORPH=empty
fu	estre1	VERcjg	MORPH=empty
au	a3+le	PRE.DETdef	MORPH=empty
tans	tens	NOMcom	MORPH=empty
qu'	que2	PROrel	MORPH=empty
arbre	arbre	NOMcom	MORPH=empty
florissent	florir	VERcjg	MORPH=empty
,	,	PONfbl	MORPH=empty
fuelles	fueille	NOMcom	MORPH=empty
,	,	PONfbl	MORPH=empty
boschaige	boschage	NOMcom	MORPH=empty
,	,	PONfbl	MORPH=empty
pré	pré	NOMcom	MORPH=empty
verdissent	verdir	VERcjg	MORPH=empty
,	,	PONfbl	MORPH=empty
et	et	CONcoo	MORPH=empty
cil	cel	DETdem	MORPH=empty
oisel	oisel	NOMcom	MORPH=empty
an	en1	PRE	MORPH=empty
lor	lor2	DETpos	MORPH=empty
latin	latin	NOMcom	MORPH=empty
dolcemant	doucement	ADVgen	MORPH=empty
chantent	chanter	VERcjg	MORPH=empty
au	a3+le	PRE.DETdef	MORPH=empty
matin	matin2	NOMcom	MORPH=empty
et	et	CONcoo	MORPH=empty
tote	tot	DETind	MORPH=empty
riens	rien	NOMcom	MORPH=empty
de	de	PRE	MORPH=empty
joie	joie	NOMcom	MORPH=empty
anflame	enflamer	VERcjg	MORPH=empty
,	,	PONfbl	MORPH=empty
que	que4	CONcoo	MORPH=empty
li	le	DETdef	MORPH=empty
filz	fil2	NOMcom	MORPH=empty
a	a3	PRE	MORPH=empty
la	le	DETdef	MORPH=empty
veve	veve2	ADJqua	MORPH=empty
dame	dame	NOMcom	MORPH=empty
de	de	PRE	MORPH=empty
la	le	DETdef	MORPH=empty
Gaste	gast1	ADJqua	MORPH=empty
Forest	forest	NOMcom	MORPH=empty
soutainne	soutain2	ADJqua	MORPH=empty
se	soi1	PROper	MORPH=empty
leva	lever	VERcjg	MORPH=empty
,	,	PONfbl	MORPH=empty
et	et	CONcoo	MORPH=empty
ne	ne1	ADVneg	MORPH=empty
li	il	PROper	MORPH=empty
fu	estre1	VERcjg	MORPH=empty
painne	peine	NOMcom	MORPH=empty
que	que4	CONsub	MORPH=empty
il	il	PROper	MORPH=empty
sa	son4	DETpos	MORPH=empty
sele	sele	NOMcom	MORPH=empty
ne	ne1	ADVneg	MORPH=empty
meïst	metre2	VERcjg	MORPH=empty
sor	sor2	PRE	MORPH=empty
son	son4	DETpos	MORPH=empty
chaceor	chacëor	NOMcom	MORPH=empty
et	et	CONcoo	MORPH=empty
preïst	prendre	VERcjg	MORPH=empty
.iii.	3	DETcar	MORPH=empty
javeloz	javelot	NOMcom	MORPH=empty
,	,	PONfbl	MORPH=empty
et	et	CONcoo	MORPH=empty
tot	tot	ADVgen	MORPH=empty
ensi	ainsi	ADVgen	MORPH=empty
fors	fors1	ADVgen	MORPH=empty
del	de+le	PRE.DETdef	MORPH=empty
manoir	manoir2	NOMcom	MORPH=empty
sa	son4	DETpos	MORPH=empty
mere	mere	NOMcom	MORPH=empty
issi	issir	VERcjg	MORPH=empty
.	.	PONfrt	MORPH=empty
Et	et	CONcoo	MORPH=empty
pansa	penser	VERcjg	MORPH=empty
que	que4	CONsub	MORPH=empty
veoir	vëoir	VERinf	MORPH=empty
iroit	aler	VERcjg	MORPH=empty
hercheors	hercëor	NOMcom	MORPH=empty
que	que2	PROrel	MORPH=empty
sa	son4	DETpos	MORPH=empty
mere	mere	NOMcom	MORPH=empty
avoit	avoir	VERcjg	MORPH=empty
,	,	PONfbl	MORPH=empty
qui	qui	PROrel	MORPH=empty
ses	son4	DETpos	MORPH=empty
aveinnes	aveine	NOMcom	MORPH=empty
li	il	PROper	MORPH=empty
herchoient	hercier1	VERcjg	MORPH=empty
;	;	PONfbl	MORPH=empty
bués	buef	NOMcom	MORPH=empty
.xii.	12	PROcar	MORPH=empty
et	et	CONcoo	MORPH=empty
sis	sis2	DETcar	MORPH=empty
hierches	herce	NOMcom	MORPH=empty
avoient	avoir	VERcjg	MORPH=empty
.	.	PONfrt	MORPH=empty
Ensi	ainsi	ADVgen	MORPH=empty
an	en1	PRE	MORPH=empty
la	le	DETdef	MORPH=empty
forest	forest	NOMcom	MORPH=empty
s'	soi1	PROper	MORPH=empty
an	en2	PROadv	MORPH=empty
antre	entrer	VERcjg	MORPH=empty
,	,	PONfbl	MORPH=empty
et	et	CONcoo	MORPH=empty
maintenant	maintenant	ADVgen	MORPH=empty
li	le	DETdef	MORPH=empty
cuers	cuer2	NOMcom	MORPH=empty
del	de+le	PRE.DETdef	MORPH=empty
vantre	ventre1	NOMcom	MORPH=empty
por	por2	PRE	MORPH=empty
le	le	DETdef	MORPH=empty
dolz	douz	ADJqua	MORPH=empty
tans	tens	NOMcom	MORPH=empty
li	il	PROper	MORPH=empty
resjoï	resjöir	VERcjg	MORPH=empty
et	et	CONcoo	MORPH=empty
por	por2	PRE	MORPH=empty
le	le	DETdef	MORPH=empty
chant	chant2	NOMcom	MORPH=empty
que	que2	PROrel	MORPH=empty
il	il	PROper	MORPH=empty
oï	öir	VERcjg	MORPH=empty
des	de+le	PRE.DETdef	MORPH=empty
oisiax	oisel	NOMcom	MORPH=empty
qui	qui	PROrel	MORPH=empty
joie	joie	NOMcom	MORPH=empty
feisoient	faire	VERcjg	MORPH=empty
;	;	PONfbl	MORPH=empty
totes	tot	DETind	MORPH=empty
ces	ce2	DETdem	MORPH=empty
choses	chose	NOMcom	MORPH=empty
li	il	PROper	MORPH=empty
pleisoient	plaire	VERcjg	MORPH=empty
.	.	PONfrt	MORPH=empty
Por	por2	PRE	MORPH=empty
la	le	DETdef	MORPH=empty
dolçor	douçor	NOMcom	MORPH=empty
del	de+le	PRE.DETdef	MORPH=empty
tans	tens	NOMcom	MORPH=empty
serain	serein	ADJqua	MORPH=empty
osta	oster2	VERcjg	MORPH=empty
au	a3+le	PRE.DETdef	MORPH=empty
chaceor	chacëor	NOMcom	MORPH=empty
son	son4	DETpos	MORPH=empty
frain	frein	NOMcom	MORPH=empty
,	,	PONfbl	MORPH=empty
si	si	ADVgen	MORPH=empty
le	il	PROper	MORPH=empty
leissa	laissier	VERcjg	MORPH=empty
aler	aler	VERinf	MORPH=empty
peissant	paistre	VERppa	MORPH=empty
par	par	PRE	MORPH=empty
l'	le	DETdef	MORPH=empty
erbe	erbe	NOMcom	MORPH=empty
fresche	frois1	ADJqua	MORPH=empty
verdeant	verdoiier	VERppa	MORPH=empty
.	.	PONfrt	MORPH=empty
Et	et	CONcoo	MORPH=empty
cil	cel	PROdem	MORPH=empty
qui	qui	PROrel	MORPH=empty
bien	bien1	ADVgen	MORPH=empty
lancier	lancier3	VERinf	MORPH=empty
savoit	savoir	VERcjg	MORPH=empty
des	de+le	PRE.DETdef	MORPH=empty
javeloz	javelot	NOMcom	MORPH=empty
que	que2	PROrel	MORPH=empty
il	il	PROper	MORPH=empty
avoit	avoir	VERcjg	MORPH=empty
aloit	aler	VERcjg	MORPH=empty
anviron	environ	PRE	MORPH=empty
lui	il	PROper	MORPH=empty
lancent	lancier3	VERppa	MORPH=empty
,	,	PONfbl	MORPH=empty
une	un	DETcar	MORPH=empty
ore	ore3	NOMcom	MORPH=empty
arriere	ariere	ADVgen	MORPH=empty
et	et	CONcoo	MORPH=empty
altre	autre	PROind	MORPH=empty
avant	avant	ADVgen	MORPH=empty
,	,	PONfbl	MORPH=empty
une	un	DETcar	MORPH=empty
ore	ore3	NOMcom	MORPH=empty
an	en1	PRE	MORPH=empty
bas	bas	ADJqua	MORPH=empty
et	et	CONcoo	MORPH=empty
altre	autre	PROind	MORPH=empty
an	en1	PRE	MORPH=empty
haut	haut	ADJqua	MORPH=empty
,	,	PONfbl	MORPH=empty
tant	tant	ADVgen	MORPH=empty
qu'	que4	CONsub	MORPH=empty
il	il	PROper	MORPH=empty
oï	öir	VERcjg	MORPH=empty
parmi	parmi	PRE	MORPH=empty
le	le	DETdef	MORPH=empty
gaut	gaut2	NOMcom	MORPH=empty
venir	venir	VERinf	MORPH=empty
.v.	5	DETcar	MORPH=empty
chevaliers	chevalier	NOMcom	MORPH=empty
armez	armer	VERppe	MORPH=empty
,	,	PONfbl	MORPH=empty
de	de	PRE	MORPH=empty
totes	tot	DETind	MORPH=empty
armes	arme	NOMcom	MORPH=empty
acesmez	acesmer	VERppe	MORPH=empty
.	.	PONfrt	MORPH=empty
Et	et	CONcoo	MORPH=empty
mout	mout	ADVgen	MORPH=empty
grant	grant	ADJqua	MORPH=empty
noise	noise	NOMcom	MORPH=empty
demenoient	demener	VERcjg	MORPH=empty
les	le	DETdef	MORPH=empty
armes	arme	NOMcom	MORPH=empty
a	a3	PRE	MORPH=empty
ces	ce2	PROdem	MORPH=empty
qui	qui	PROrel	MORPH=empty
venoient	venir	VERcjg	MORPH=empty
,	,	PONfbl	MORPH=empty
car	car	CONcoo	MORPH=empty
sovant	sovent	ADVgen	MORPH=empty
hurtoient	hurter	VERcjg	MORPH=empty
as	a3+le	PRE.DETdef	MORPH=empty
armes	arme	NOMcom	MORPH=empty
li	le	DETdef	MORPH=empty
rain	raim	NOMcom	MORPH=empty
des	de+le	PRE.DETdef	MORPH=empty
chasnes	chaisne	NOMcom	MORPH=empty
et	et	CONcoo	MORPH=empty
des	de+le	PRE.DETdef	MORPH=empty
charmes	charme2	NOMcom	MORPH=empty
.	.	PONfrt	MORPH=empty
Et	et	CONcoo	MORPH=empty
tuit	tot	DETind	MORPH=empty
li	le	DETdef	MORPH=empty
hauberc	hauberc	NOMcom	MORPH=empty
fremissoient	fremir	VERcjg	MORPH=empty
,	,	PONfbl	MORPH=empty
les	le	DETdef	MORPH=empty
lances	lance	NOMcom	MORPH=empty
as	a3+le	PRE.DETdef	MORPH=empty
escuz	escu	NOMcom	MORPH=empty
hurtoient	hurter	VERcjg	MORPH=empty
,	,	PONfbl	MORPH=empty
sonoit	soner	VERcjg	MORPH=empty
li	le	DETdef	MORPH=empty
fuz	fust1	NOMcom	MORPH=empty
,	,	PONfbl	MORPH=empty
sonoit	soner	VERcjg	MORPH=empty
li	le	DETdef	MORPH=empty
fers	fer	NOMcom	MORPH=empty
et	et	CONcoo	MORPH=empty
des	de+le	PRE.DETdef	MORPH=empty
escuz	escu	NOMcom	MORPH=empty
et	et	CONcoo	MORPH=empty
des	de+le	PRE.DETdef	MORPH=empty
haubers	hauberc	NOMcom	MORPH=empty
.	.	PONfrt	MORPH=empty
Li	le	DETdef	MORPH=empty
vaslez	vaslet	NOMcom	MORPH=empty
ot	öir	VERcjg	MORPH=empty
et	et	CONcoo	MORPH=empty
ne	ne1	ADVneg	MORPH=empty
voit	vëoir	VERcjg	MORPH=empty
pas	pas	ADVneg	MORPH=empty
ces	ce2	PROdem	MORPH=empty
qui	qui	PROrel	MORPH=empty
vienent	venir	VERcjg	MORPH=empty
plus	plus	ADVgen	MORPH=empty
que	que1	CONsub	MORPH=empty
le	le	DETdef	MORPH=empty
pas	pas	NOMcom	MORPH=empty
;	;	PONfbl	MORPH=empty
si	si	ADVgen	MORPH=empty
s'	soi1	PROper	MORPH=empty
an	en2	PROadv	MORPH=empty
mervoille	merveillier	VERcjg	MORPH=empty
et	et	CONcoo	MORPH=empty
dit	dire	VERcjg	MORPH=empty
:	:	PONfbl	MORPH=empty
"	"	PONpxx	MORPH=empty
Par	par	PRE	MORPH=empty
m'	mon1	DETpos	MORPH=empty
ame	ame	NOMcom	MORPH=empty
,	,	PONfbl	MORPH=empty
voir	voir	ADJqua	MORPH=empty
me	je	PROper	MORPH=empty
dist	dire	VERcjg	MORPH=empty
ma	mon1	DETpos	MORPH=empty
mere	mere	NOMcom	MORPH=empty
,	,	PONfbl	MORPH=empty
ma	mon1	DETpos	MORPH=empty
dame	dame	NOMcom	MORPH=empty
,	,	PONfbl	MORPH=empty
qui	qui	PROrel	MORPH=empty
me	je	PROper	MORPH=empty
dist	dire	VERcjg	MORPH=empty
que	que4	CONsub	MORPH=empty
deable	dïable	NOMcom	MORPH=empty
sont	estre1	VERcjg	MORPH=empty
plus	plus	ADVgen	MORPH=empty
esfreé	esfrëer	VERppe	MORPH=empty
que	que1	CONsub	MORPH=empty
rien	rien	PROind	MORPH=empty
del	de+le	PRE.DETdef	MORPH=empty
mont	monde1	NOMcom	MORPH=empty
;	;	PONfbl	MORPH=empty
et	et	CONcoo	MORPH=empty
si	si	ADVgen	MORPH=empty
dist	dire	VERcjg	MORPH=empty
,	,	PONfbl	MORPH=empty
por	por2	PRE	MORPH=empty
moi	je	PROper	MORPH=empty
anseignier	enseignier	VERinf	MORPH=empty
,	,	PONfbl	MORPH=empty
que	que4	CONsub	MORPH=empty
por	por2	PRE	MORPH=empty
aus	il	PROper	MORPH=empty
se	soi1	PROper	MORPH=empty
doit	devoir	VERcjg	MORPH=empty
an	on	PROind	MORPH=empty
seignier	seignier	VERinf	MORPH=empty
.	.	PONfrt	MORPH=empty
Mes	mais1	CONcoo	MORPH=empty
cest	cest	DETdem	MORPH=empty
anseing	enseing	NOMcom	MORPH=empty
desdaignerai	desdeignier	VERcjg	MORPH=empty
,	,	PONfbl	MORPH=empty
que	que4	CONcoo	MORPH=empty
ja	ja	ADVgen	MORPH=empty
voir	voir	ADVgen	MORPH=empty
ne	ne1	ADVneg	MORPH=empty
m'	je	PROper	MORPH=empty
an	en2	PROadv	MORPH=empty
seignerai	seignier	VERcjg	MORPH=empty
,	,	PONfbl	MORPH=empty
einz	ainz	ADVgen	MORPH=empty
ferrai	ferir	VERcjg	MORPH=empty
si	si	ADVgen	MORPH=empty
tot	tot	DETind	MORPH=empty
le	le	DETdef	MORPH=empty
plus	plus	ADVgen	MORPH=empty
fort	fort	ADJqua	MORPH=empty
d'	de	PRE	MORPH=empty
un	un	PROind	MORPH=empty
des	de+le	PRE.DETdef	MORPH=empty
javeloz	javelot	NOMcom	MORPH=empty
que	que2	PROrel	MORPH=empty
je	je	PROper	MORPH=empty
port	porter	VERcjg	MORPH=empty
,	,	PONfbl	MORPH=empty
que	que4	CONsub	MORPH=empty
ja	ja	ADVgen	MORPH=empty
n'	ne1	ADVneg	MORPH=empty
aprocheront	aprochier	VERcjg	MORPH=empty
de	de	PRE	MORPH=empty
moi	je	PROper	MORPH=empty
nus	nul	PROind	MORPH=empty
des	de+le	PRE.DETdef	MORPH=empty
altres	autre	PROind	MORPH=empty
,	,	PONfbl	MORPH=empty
si	si	ADVgen	MORPH=empty
con	come1	CONsub	MORPH=empty
je	je	PROper	MORPH=empty
croi	croire	VERcjg	MORPH=empty
.	.	PONfrt	MORPH=empty
"	"	PONpxx	MORPH=empty
Ensins	ainsi	ADVgen	MORPH=empty
a	a3	PRE	MORPH=empty
lui	il	PROper	MORPH=empty
meïsmes	mëisme	ADJind	MORPH=empty
dist	dire	VERcjg	MORPH=empty
li	le	DETdef	MORPH=empty
vaslez	vaslet	NOMcom	MORPH=empty
einz	ainz	ADVgen	MORPH=empty
qu'	que4	CONsub	MORPH=empty
il	il	PROper	MORPH=empty
les	il	PROper	MORPH=empty
veïst	vëoir	VERcjg	MORPH=empty
.	.	PONfrt	MORPH=empty
Et	et	CONcoo	MORPH=empty
quant	cant1	CONsub	MORPH=empty
il	il	PROper	MORPH=empty
les	il	PROper	MORPH=empty
vit	vëoir	VERcjg	MORPH=empty
en	en1	PRE	MORPH=empty
apert	apert1	ADJqua	MORPH=empty
,	,	PONfbl	MORPH=empty
que	que4	CONsub	MORPH=empty
del	de+le	PRE.DETdef	MORPH=empty
bois	bois	NOMcom	MORPH=empty
furent	estre1	VERcjg	MORPH=empty
descovert	descovrir	VERppe	MORPH=empty
,	,	PONfbl	MORPH=empty
et	et	CONcoo	MORPH=empty
vit	vëoir	VERcjg	MORPH=empty
les	le	DETdef	MORPH=empty
haubers	hauberc	NOMcom	MORPH=empty
fremianz	formiier	VERppa	MORPH=empty
et	et	CONcoo	MORPH=empty
les	le	DETdef	MORPH=empty
hiaumes	heaume	NOMcom	MORPH=empty
clers	cler	ADJqua	MORPH=empty
et	et	CONcoo	MORPH=empty
luisanz	luisir	VERppa	MORPH=empty
,	,	PONfbl	MORPH=empty
et	et	CONcoo	MORPH=empty
vit	vëoir	VERcjg	MORPH=empty
le	le	DETdef	MORPH=empty
vert	vert	ADJqua	MORPH=empty
et	et	CONcoo	MORPH=empty
le	le	DETdef	MORPH=empty
vermoil	vermeil1	ADJqua	MORPH=empty
reluire	reluisir	VERinf	MORPH=empty
contre	contre	PRE	MORPH=empty
le	le	DETdef	MORPH=empty
soloil	soleil	NOMcom	MORPH=empty
,	,	PONfbl	MORPH=empty
et	et	CONcoo	MORPH=empty
l'	le	DETdef	MORPH=empty
or	or1	NOMcom	MORPH=empty
et	et	CONcoo	MORPH=empty
l'	le	DETdef	MORPH=empty
azur	asur	NOMcom	MORPH=empty
et	et	CONcoo	MORPH=empty
l'	le	DETdef	MORPH=empty
argent	argent	NOMcom	MORPH=empty
,	,	PONfbl	MORPH=empty
se	si	ADVgen	MORPH=empty
li	il	PROper	MORPH=empty
fu	estre1	VERcjg	MORPH=empty
mout	mout	ADVgen	MORPH=empty
et	et	CONcoo	MORPH=empty
bel	bel1	ADJqua	MORPH=empty
et	et	CONcoo	MORPH=empty
gent	gent2	ADJqua	MORPH=empty
.	.	PONfrt	MORPH=empty
Lors	lors	ADVgen	MORPH=empty
dist	dire	VERcjg	MORPH=empty
:	:	PONfbl	MORPH=empty
"	"	PONpxx	MORPH=empty
Ha	ha	INJ	MORPH=empty
!	!	PONfrt	MORPH=empty
sire	seignor	NOMcom	MORPH=empty
Dex	Dieu	NOMpro	MORPH=empty
,	,	PONfbl	MORPH=empty
merci	merci	NOMcom	MORPH=empty
!	!	PONfrt	MORPH=empty
Ce	ce1	PROdem	MORPH=empty
sont	estre1	VERcjg	MORPH=empty
ange	angele	NOMcom	MORPH=empty
que	que2	PROrel	MORPH=empty
je	je	PROper	MORPH=empty
voi	vëoir	VERcjg	MORPH=empty
ci	ci	ADVgen	MORPH=empty
.	.	PONfrt	MORPH=empty
Hé	hai!	INJ	MORPH=empty
!	!	PONfrt	MORPH=empty
voir	voir	ADVgen	MORPH=empty
,	,	PONfbl	MORPH=empty
or	or4	ADVgen	MORPH=empty
ai	avoir	VERcjg	MORPH=empty
ge	je	PROper	MORPH=empty
mout	mout	ADVgen	MORPH=empty
pechié	pechier	VERppe	MORPH=empty
,	,	PONfbl	MORPH=empty
or	or4	ADVgen	MORPH=empty
ai	avoir	VERcjg	MORPH=empty
ge	je	PROper	MORPH=empty
mout	mout	ADVgen	MORPH=empty
mal	mal1	ADJqua	MORPH=empty
esploitié	esploitier	VERppe	MORPH=empty
,	,	PONfbl	MORPH=empty
qui	qui	PROrel	MORPH=empty
dis	dire	VERcjg	MORPH=empty
que	que4	CONsub	MORPH=empty
c'	ce1	PROdem	MORPH=empty
estoient	estre1	VERcjg	MORPH=empty
deable	dïable	NOMcom	MORPH=empty
.	.	PONfrt	MORPH=empty
Ne	ne1	ADVneg	MORPH=empty
me	je	PROper	MORPH=empty
dist	dire	VERcjg	MORPH=empty
pas	pas	ADVneg	MORPH=empty
ma	mon1	DETpos	MORPH=empty
mere	mere	NOMcom	MORPH=empty
fable	fable	NOMcom	MORPH=empty
,	,	PONfbl	MORPH=empty
qui	qui	PROrel	MORPH=empty
me	je	PROper	MORPH=empty
dist	dire	VERcjg	MORPH=empty
que	que4	CONsub	MORPH=empty
li	le	DETdef	MORPH=empty
ange	angele	NOMcom	MORPH=empty
estoient	estre1	VERcjg	MORPH=empty
les	le	DETdef	MORPH=empty
plus	plus	ADVgen	MORPH=empty
beles	bel1	ADJqua	MORPH=empty
choses	chose	NOMcom	MORPH=empty
qui	qui	PROrel	MORPH=empty
soient	estre1	VERcjg	MORPH=empty
,	,	PONfbl	MORPH=empty
fors	fors1	PRE	MORPH=empty
Deu	Dieu	NOMpro	MORPH=empty
,	,	PONfbl	MORPH=empty
qui	qui	PROrel	MORPH=empty
est	estre1	VERcjg	MORPH=empty
plus	plus	ADVgen	MORPH=empty
biax	bel1	ADJqua	MORPH=empty
que	que1	CONsub	MORPH=empty
tuit	tot	PROind	MORPH=empty
.	.	PONfrt	MORPH=empty
Ci	ci	ADVgen	MORPH=empty
voi	vëoir	VERcjg	MORPH=empty
ge	je	PROper	MORPH=empty
Damedeu	Damnedeu	NOMpro	MORPH=empty
,	,	PONfbl	MORPH=empty
ce	ce1	PROdem	MORPH=empty
cuit	cuidier1	VERcjg	MORPH=empty
,	,	PONfbl	MORPH=empty
car	car	CONcoo	MORPH=empty
un	un	PROind	MORPH=empty
si	si	ADVgen	MORPH=empty
bel	bel1	ADJqua	MORPH=empty
an	en2	PROadv	MORPH=empty
i	i2	PROadv	MORPH=empty
esgart	esgarder	VERcjg	MORPH=empty
que	que4	CONsub	MORPH=empty
li	le	DETdef	MORPH=empty
autre	autre	PROind	MORPH=empty
,	,	PONfbl	MORPH=empty
se	se	CONsub	MORPH=empty
Dex	Dieu	NOMpro	MORPH=empty
me	je	PROper	MORPH=empty
gart	garder	VERcjg	MORPH=empty
,	,	PONfbl	MORPH=empty
n'	ne1	ADVneg	MORPH=empty
ont	avoir	VERcjg	MORPH=empty
mie	mie	ADVneg	MORPH=empty
de	de	PRE	MORPH=empty
biauté	biauté	NOMcom	MORPH=empty
le	le	DETdef	MORPH=empty
disme	disme	PROord	MORPH=empty
.	.	PONfrt	MORPH=empty
Et	et	CONcoo	MORPH=empty
si	si	ADVgen	MORPH=empty
dist	dire	VERcjg	MORPH=empty
ma	mon1	DETpos	MORPH=empty
mere	mere	NOMcom	MORPH=empty
meïsme	mëisme	ADJind	MORPH=empty
qu'	que4	CONsub	MORPH=empty
an	on	PROind	MORPH=empty
doit	devoir	VERcjg	MORPH=empty
Deu	Dieu	NOMpro	MORPH=empty
croire	croire	VERinf	MORPH=empty
et	et	CONcoo	MORPH=empty
aorer	aorer2	VERinf	MORPH=empty
et	et	CONcoo	MORPH=empty
soploier	soploiier	VERinf	MORPH=empty
et	et	CONcoo	MORPH=empty
enorer	onorer	VERinf	MORPH=empty
,	,	PONfbl	MORPH=empty
et	et	CONcoo	MORPH=empty
je	je	PROper	MORPH=empty
aorerai	aorer2	VERcjg	MORPH=empty
cestui	cest	PROdem	MORPH=empty
et	et	CONcoo	MORPH=empty
toz	tot	DETind	MORPH=empty
les	le	DETdef	MORPH=empty
altres	autre	PROind	MORPH=empty
avoec	avuec	PRE	MORPH=empty
lui	il	PROper	MORPH=empty
.	.	PONfrt	MORPH=empty
"	"	PONpxx	MORPH=empty
Maintenant	maintenant	ADVgen	MORPH=empty
vers	vers2	PRE	MORPH=empty
terre	terre	NOMcom	MORPH=empty
se	soi1	PROper	MORPH=empty
lance	lancier3	VERcjg	MORPH=empty
et	et	CONcoo	MORPH=empty
dit	dire	VERcjg	MORPH=empty
trestote	trestot	DETind	MORPH=empty
sa	son4	DETpos	MORPH=empty
creance	crëance	NOMcom	MORPH=empty
et	et	CONcoo	MORPH=empty
orisons	oraison	NOMcom	MORPH=empty
que	que2	PROrel	MORPH=empty
il	il	PROper	MORPH=empty
savoit	savoir	VERcjg	MORPH=empty
,	,	PONfbl	MORPH=empty
que	que2	PROrel	MORPH=empty
sa	son4	DETpos	MORPH=empty
mere	mere	NOMcom	MORPH=empty
apris	aprendre	VERppe	MORPH=empty
li	il	PROper	MORPH=empty
avoit	avoir	VERcjg	MORPH=empty
.	.	PONfrt	MORPH=empty
Et	et	CONcoo	MORPH=empty
li	le	DETdef	MORPH=empty
mestres	maistre	NOMcom	MORPH=empty
des	de+le	PRE.DETdef	MORPH=empty
chevaliers	chevalier	NOMcom	MORPH=empty
le	il	PROper	MORPH=empty
voit	vëoir	VERcjg	MORPH=empty
et	et	CONcoo	MORPH=empty
dit	dire	VERcjg	MORPH=empty
:	:	PONfbl	MORPH=empty
"	"	PONpxx	MORPH=empty
Estez	ester	VERcjg	MORPH=empty
arriers	ariere	ADVgen	MORPH=empty
,	,	PONfbl	MORPH=empty
qu'	que4	CONcoo	MORPH=empty
a	a3	PRE	MORPH=empty
terre	terre	NOMcom	MORPH=empty
est	estre1	VERcjg	MORPH=empty
de	de	PRE	MORPH=empty
peor	pëor	NOMcom	MORPH=empty
cheüz	chëoir	VERppe	MORPH=empty
cil	cel	DETdem	MORPH=empty
vaslez	vaslet	NOMcom	MORPH=empty
,	,	PONfbl	MORPH=empty
qui	qui	PROrel	MORPH=empty
nos	nos1	PROper	MORPH=empty
a	avoir	VERcjg	MORPH=empty
veüz	vëoir	VERppe	MORPH=empty
.	.	PONfrt	MORPH=empty
Se	se	CONsub	MORPH=empty
nos	nos1	PROper	MORPH=empty
alions	aler	VERcjg	MORPH=empty
tuit	tot	PROind	MORPH=empty
ansanble	ensemble	ADVgen	MORPH=empty
vers	vers2	PRE	MORPH=empty
lui	il	PROper	MORPH=empty
,	,	PONfbl	MORPH=empty
il	il	PROper	MORPH=empty
avroit	avoir	VERcjg	MORPH=empty
,	,	PONfbl	MORPH=empty
ce	ce1	PROdem	MORPH=empty
me	je	PROper	MORPH=empty
sanble	sembler	VERcjg	MORPH=empty
,	,	PONfbl	MORPH=empty
si	si	ADVgen	MORPH=empty
grant	grant	ADJqua	MORPH=empty
peor	pëor	NOMcom	MORPH=empty
que	que4	CONsub	MORPH=empty
il	il	PROper	MORPH=empty
morroit	morir	VERcjg	MORPH=empty
ne	ne2	CONcoo	MORPH=empty
respondre	respondre1	VERinf	MORPH=empty
ne	ne1	ADVneg	MORPH=empty
me	je	PROper	MORPH=empty
porroit	pöoir	VERcjg	MORPH=empty
a	a3	PRE	MORPH=empty
rien	rien	PROind	MORPH=empty
que	que2	PROrel	MORPH=empty
je	je	PROper	MORPH=empty
li	il	PROper	MORPH=empty
demandasse	demander	VERcjg	MORPH=empty
.	.	PONfrt	MORPH=empty
"	"	PONpxx	MORPH=empty
Il	il	PROper	MORPH=empty
s'	soi1	PROper	MORPH=empty
arestent	arester	VERcjg	MORPH=empty
,	,	PONfbl	MORPH=empty
et	et	CONcoo	MORPH=empty
cil	cel	PROdem	MORPH=empty
s'	soi1	PROper	MORPH=empty
an	en2	PROadv	MORPH=empty
passe	passer1	VERcjg	MORPH=empty
vers	vers2	PRE	MORPH=empty
le	le	DETdef	MORPH=empty
vallet	vaslet	NOMcom	MORPH=empty
grant	grant	ADJqua	MORPH=empty
aleüre	alëure	NOMcom	MORPH=empty
;	;	PONfbl	MORPH=empty
si	si	ADVgen	MORPH=empty
le	il	PROper	MORPH=empty
salue	salüer	VERcjg	MORPH=empty
et	et	CONcoo	MORPH=empty
aseüre	assëurer	VERcjg	MORPH=empty
,	,	PONfbl	MORPH=empty
et	et	CONcoo	MORPH=empty
dit	dire	VERcjg	MORPH=empty
:	:	PONfbl	MORPH=empty
"	"	PONpxx	MORPH=empty
Vallez	vaslet	NOMcom	MORPH=empty
,	,	PONfbl	MORPH=empty
n'	ne1	ADVneg	MORPH=empty
aies	avoir	VERcjg	MORPH=empty
peor	pëor	NOMcom	MORPH=empty
!	!	PONfrt	MORPH=empty
Non	non	ADVneg	MORPH=empty
ai	avoir	VERcjg	MORPH=empty
ge	je	PROper	MORPH=empty
,	,	PONfbl	MORPH=empty
par	par	PRE	MORPH=empty
le	le	DETdef	MORPH=empty
Salveor	sauvëor	NOMcom	MORPH=empty
,	,	PONfbl	MORPH=empty
fet	faire	VERcjg	MORPH=empty
li	le	DETdef	MORPH=empty
vaslez	vaslet	NOMcom	MORPH=empty
,	,	PONfbl	MORPH=empty
an	en1	PRE	MORPH=empty
cui	cui	PROrel	MORPH=empty
je	je	PROper	MORPH=empty
croi	croire	VERcjg	MORPH=empty
.	.	PONfrt	MORPH=empty
Estes	estre1	VERcjg	MORPH=empty
vos	vos	PROper	MORPH=empty
Dex	Dieu	NOMpro	MORPH=empty
?	?	PONfrt	MORPH=empty
Nenil	nenil	ADVneg	MORPH=empty
,	,	PONfbl	MORPH=empty
par	par	PRE	MORPH=empty
foi	foi	NOMcom	MORPH=empty
.	.	PONfrt	MORPH=empty
Qui	qui	PROint	MORPH=empty
estes	estre1	VERcjg	MORPH=empty
vos	vos	PROper	MORPH=empty
dons	donc	ADVgen	MORPH=empty
?	?	PONfrt	MORPH=empty
Chevaliers	chevalier	NOMcom	MORPH=empty
sui	estre1	VERcjg	MORPH=empty
.	.	PONfrt	MORPH=empty
Ainz	ainc	ADVgen	MORPH=empty
mes	mais1	ADVgen	MORPH=empty
chevalier	chevalier	NOMcom	MORPH=empty
ne	ne1	ADVneg	MORPH=empty
conui	conoistre	VERcjg	MORPH=empty
,	,	PONfbl	MORPH=empty
fet	faire	VERcjg	MORPH=empty
li	le	DETdef	MORPH=empty
vallez	vaslet	NOMcom	MORPH=empty
,	,	PONfbl	MORPH=empty
ne	ne2	CONcoo	MORPH=empty
nul	nul	PROind	MORPH=empty
n'	ne1	ADVneg	MORPH=empty
an	en2	PROadv	MORPH=empty
vi	vëoir	VERcjg	MORPH=empty
,	,	PONfbl	MORPH=empty
n'	ne2	CONcoo	MORPH=empty
onques	onque	ADVgen	MORPH=empty
mes	mais1	ADVgen	MORPH=empty
parler	parler	VERinf	MORPH=empty
n'	ne1	ADVneg	MORPH=empty
an	en2	PROadv	MORPH=empty
oï	öir	VERcjg	MORPH=empty
;	;	PONfbl	MORPH=empty
mes	mais1	CONcoo	MORPH=empty
vos	vos	PROper	MORPH=empty
estes	estre1	VERcjg	MORPH=empty
plus	plus	ADVgen	MORPH=empty
biax	bel1	ADJqua	MORPH=empty
que	que1	CONsub	MORPH=empty
Dex	Dieu	NOMpro	MORPH=empty
.	.	PONfrt	MORPH=empty
Car	car	ADVgen	MORPH=empty
fusse	estre1	VERcjg	MORPH=empty
je	je	PROper	MORPH=empty
or	or1	NOMcom	MORPH=empty
autretex	autretel	ADJind	MORPH=empty
,	,	PONfbl	MORPH=empty
ensi	ainsi	ADVgen	MORPH=empty
luisanz	luisir	VERppa	MORPH=empty
et	et	CONcoo	MORPH=empty
ensi	ainsi	ADVgen	MORPH=empty
fez	faire	VERppe	MORPH=empty
!	!	PONfrt	MORPH=empty
"	"	PONpxx	MORPH=empty
A	a3	PRE	MORPH=empty
cest	cest	DETdem	MORPH=empty
mot	mot	NOMcom	MORPH=empty
pres	près	ADVgen	MORPH=empty
de	de	PRE	MORPH=empty
lui	il	PROper	MORPH=empty
s'	soi1	PROper	MORPH=empty
est	estre1	VERcjg	MORPH=empty
trez	traire	VERppe	MORPH=empty
li	le	DETdef	MORPH=empty
chevaliers	chevalier	NOMcom	MORPH=empty
,	,	PONfbl	MORPH=empty
si	si	ADVgen	MORPH=empty
li	il	PROper	MORPH=empty
demande	demander	VERcjg	MORPH=empty
:	:	PONfbl	MORPH=empty
"	"	PONpxx	MORPH=empty
Veïs	vëoir	VERcjg	MORPH=empty
tu	tu	PROper	MORPH=empty
hui	ui	ADVgen	MORPH=empty
an	en1	PRE	MORPH=empty
ceste	cest	DETdem	MORPH=empty
lande	lande1	NOMcom	MORPH=empty
.v.	5	DETcar	MORPH=empty
chevaliers	chevalier	NOMcom	MORPH=empty
et	et	CONcoo	MORPH=empty
trois	trois	DETcar	MORPH=empty
puceles	pucele	NOMcom	MORPH=empty
?	?	PONfrt	MORPH=empty
"	"	PONpxx	MORPH=empty
Li	le	DETdef	MORPH=empty
vaslez	vaslet	NOMcom	MORPH=empty
a	a3	PRE	MORPH=empty
autres	autre	DETind	MORPH=empty
noveles	novele	NOMcom	MORPH=empty
anquerre	enquerre	VERinf	MORPH=empty
et	et	CONcoo	MORPH=empty
demander	demander	VERinf	MORPH=empty
antant	entendre	VERcjg	MORPH=empty
.	.	PONfrt	MORPH=empty
A	a3	PRE	MORPH=empty
sa	son4	DETpos	MORPH=empty
lance	lance	NOMcom	MORPH=empty
sa	son4	DETpos	MORPH=empty
main	main2	NOMcom	MORPH=empty
li	il	PROper	MORPH=empty
tant	tendre1	VERcjg	MORPH=empty
,	,	PONfbl	MORPH=empty
sel	si+il	ADVgen.PROper	MORPH=empty
prant	prendre	VERcjg	MORPH=empty
et	et	CONcoo	MORPH=empty
dit	dire	VERcjg	MORPH=empty
:	:	PONfbl	MORPH=empty
"	"	PONpxx	MORPH=empty
Biax	bel1	ADJqua	MORPH=empty
amis	ami	NOMcom	MORPH=empty
chiers	chier	ADJqua	MORPH=empty
,	,	PONfbl	MORPH=empty
vos	vos	PROper	MORPH=empty
qui	qui	PROrel	MORPH=empty
avez	avoir	VERcjg	MORPH=empty
non	nom	NOMcom	MORPH=empty
chevaliers	chevalier	NOMcom	MORPH=empty
,	,	PONfbl	MORPH=empty
que	que3	PROint	MORPH=empty
est	estre1	VERcjg	MORPH=empty
ice	ice1	PROdem	MORPH=empty
que	que2	PROrel	MORPH=empty
vos	vos	PROper	MORPH=empty
tenez	tenir1	VERcjg	MORPH=empty
?	?	PONfrt	MORPH=empty
Or	or4	ADVgen	MORPH=empty
sui	estre1	VERcjg	MORPH=empty
je	je	PROper	MORPH=empty
mout	mout	ADVgen	MORPH=empty
bien	bien1	ADVgen	MORPH=empty
asenez	assener	VERppe	MORPH=empty
,	,	PONfbl	MORPH=empty
fet	faire	VERcjg	MORPH=empty
li	le	DETdef	MORPH=empty
chevaliers	chevalier	NOMcom	MORPH=empty
,	,	PONfbl	MORPH=empty
ce	ce1	PROdem	MORPH=empty
m'	je	PROper	MORPH=empty
est	estre1	VERcjg	MORPH=empty
vis	vis2	NOMcom	MORPH=empty
.	.	PONfrt	MORPH=empty
Je	je	PROper	MORPH=empty
cuidoie	cuidier1	VERcjg	MORPH=empty
,	,	PONfbl	MORPH=empty
biax	bel1	ADJqua	MORPH=empty
dolz	douz	ADJqua	MORPH=empty
amis	ami	NOMcom	MORPH=empty
,	,	PONfbl	MORPH=empty
noveles	novele	NOMcom	MORPH=empty
apanre	aprendre	VERinf	MORPH=empty
de	de	PRE	MORPH=empty
toi	tu	PROper	MORPH=empty
,	,	PONfbl	MORPH=empty
et	et	CONcoo	MORPH=empty
tu	tu	PROper	MORPH=empty
les	il	PROper	MORPH=empty
viax	voloir	VERcjg	MORPH=empty
savoir	savoir	VERinf	MORPH=empty
de	de	PRE	MORPH=empty
moi	je	PROper	MORPH=empty
!	!	PONfrt	MORPH=empty
Jel	je+il	PROper.PROper	MORPH=empty
te	tu	PROper	MORPH=empty
dirai	dire	VERcjg	MORPH=empty
,	,	PONfbl	MORPH=empty
ce	ce1	PROdem	MORPH=empty
est	estre1	VERcjg	MORPH=empty
ma	mon1	DETpos	MORPH=empty
lance	lance	NOMcom	MORPH=empty
.	.	PONfrt	MORPH=empty
Dites	dire	VERcjg	MORPH=empty
vos	vos	PROper	MORPH=empty
,	,	PONfbl	MORPH=empty
fet	faire	VERcjg	MORPH=empty
il	il	PROper	MORPH=empty
,	,	PONfbl	MORPH=empty
qu'	que4	CONsub	MORPH=empty
an	on	PROind	MORPH=empty
la	il	PROper	MORPH=empty
lance	lancier3	VERcjg	MORPH=empty
si	si	ADVgen	MORPH=empty
con	come1	CONsub	MORPH=empty
je	je	PROper	MORPH=empty
faz	faire	VERcjg	MORPH=empty
mes	mon1	DETpos	MORPH=empty
javeloz	javelot	NOMcom	MORPH=empty
?	?	PONfrt	MORPH=empty
Nenil	nenil	ADVneg	MORPH=empty
,	,	PONfbl	MORPH=empty
vaslez	vaslet	NOMcom	MORPH=empty
,	,	PONfbl	MORPH=empty
tu	tu	PROper	MORPH=empty
es	estre1	VERcjg	MORPH=empty
trop	trop	ADVgen	MORPH=empty
soz	sot	ADJqua	MORPH=empty
!	!	PONfrt	MORPH=empty
Einz	ainz	ADVgen	MORPH=empty
an	en2	PROadv	MORPH=empty
fiert	ferir	VERcjg	MORPH=empty
an	on	PROind	MORPH=empty
tot	tot	ADVgen	MORPH=empty
demenois	demanois	ADVgen	MORPH=empty
.	.	PONfrt	MORPH=empty
Donc	donc	ADVgen	MORPH=empty
valt	valoir	VERcjg	MORPH=empty
mialz	mieus	ADVgen	MORPH=empty
li	le	DETdef	MORPH=empty
uns	un	PROind	MORPH=empty
de	de	PRE	MORPH=empty
ces	ce2	DETdem	MORPH=empty
trois	trois	ADJcar	MORPH=empty
javeloz	javelot	NOMcom	MORPH=empty
que	que2	PROrel	MORPH=empty
vos	vos	PROper	MORPH=empty
veez	vëoir	VERcjg	MORPH=empty
ci	ci	ADVgen	MORPH=empty
,	,	PONfbl	MORPH=empty
car	car	CONcoo	MORPH=empty
quanque	cantque	PROrel	MORPH=empty
je	je	PROper	MORPH=empty
vuel	voloir	VERcjg	MORPH=empty
an	en2	PROadv	MORPH=empty
oci	ocire	VERcjg	MORPH=empty
,	,	PONfbl	MORPH=empty
oisiax	oisel	NOMcom	MORPH=empty
et	et	CONcoo	MORPH=empty
bestes	beste	NOMcom	MORPH=empty
,	,	PONfbl	MORPH=empty
a	a3	PRE	MORPH=empty
besoing	besoing	NOMcom	MORPH=empty
;	;	PONfbl	MORPH=empty
et	et	CONcoo	MORPH=empty
si	si	ADVgen	MORPH=empty
les	il	PROper	MORPH=empty
oci	ocire	VERcjg	MORPH=empty
de	de	PRE	MORPH=empty
tant	tant	ADVgen	MORPH=empty
loing	loing	ADVgen	MORPH=empty
con	come1	CONsub	MORPH=empty
l'	le	DETdef	MORPH=empty
an	on	PROind	MORPH=empty
porroit	pöoir	VERcjg	MORPH=empty
.i.	un	DETndf	MORPH=empty
bozon	bouzon	NOMcom	MORPH=empty
trere	traire	VERinf	MORPH=empty
.	.	PONfrt	MORPH=empty
Vaslez	vaslet	NOMcom	MORPH=empty
,	,	PONfbl	MORPH=empty
de	de	PRE	MORPH=empty
ce	ce1	PROdem	MORPH=empty
n'	ne1	ADVneg	MORPH=empty
ai	avoir	VERcjg	MORPH=empty
ge	je	PROper	MORPH=empty
que	que2	PROrel	MORPH=empty
fere	faire	VERinf	MORPH=empty
,	,	PONfbl	MORPH=empty
mes	mais1	CONcoo	MORPH=empty
des	de+le	PRE.DETdef	MORPH=empty
chevaliers	chevalier	NOMcom	MORPH=empty
me	je	PROper	MORPH=empty
respont	respondre1	VERcjg	MORPH=empty
.	.	PONfrt	MORPH=empty
Di	dire	VERcjg	MORPH=empty
moi	je	PROper	MORPH=empty
se	se	CONsub	MORPH=empty
tu	tu	PROper	MORPH=empty
sez	savoir	VERcjg	MORPH=empty
ou	où	PROrel	MORPH=empty
il	il	PROper	MORPH=empty
sont	estre1	VERcjg	MORPH=empty
;	;	PONfbl	MORPH=empty
et	et	CONcoo	MORPH=empty
les	le	DETdef	MORPH=empty
puceles	pucele	NOMcom	MORPH=empty
veïs	vëoir	VERcjg	MORPH=empty
tu	tu	PROper	MORPH=empty
?	?	PONfrt	MORPH=empty
"	"	PONpxx	MORPH=empty
Li	le	DETdef	MORPH=empty
vaslez	vaslet	NOMcom	MORPH=empty
au	a3+le	PRE.DETdef	MORPH=empty
pan	pan1	NOMcom	MORPH=empty
de	de	PRE	MORPH=empty
l'	le	DETdef	MORPH=empty
escu	escu	NOMcom	MORPH=empty
le	il	PROper	MORPH=empty
prant	prendre	VERcjg	MORPH=empty
et	et	CONcoo	MORPH=empty
dit	dire	VERcjg	MORPH=empty
tot	tot	ADVgen	MORPH=empty
en	en1	PRE	MORPH=empty
apert	apert1	ADJqua	MORPH=empty
:	:	PONfbl	MORPH=empty
"	"	PONpxx	MORPH=empty
Ce	ce1	PROdem	MORPH=empty
,	,	PONfbl	MORPH=empty
que	que3	PROint	MORPH=empty
est	estre1	VERcjg	MORPH=empty
et	et	CONcoo	MORPH=empty
de	de	PRE	MORPH=empty
coi	coi2	PROint	MORPH=empty
vos	vos	PROper	MORPH=empty
sert	servir	VERcjg	MORPH=empty
?	?	PONfrt	MORPH=empty
Vaslez	vaslet	NOMcom	MORPH=empty
,	,	PONfbl	MORPH=empty
fet	faire	VERcjg	MORPH=empty
il	il	PROper	MORPH=empty
,	,	PONfbl	MORPH=empty
ce	ce1	PROdem	MORPH=empty
est	estre1	VERcjg	MORPH=empty
abez	abet	NOMcom	MORPH=empty
,	,	PONfbl	MORPH=empty
qu'	que4	CONsub	MORPH=empty
an	en1	PRE	MORPH=empty
altres	autre	DETind	MORPH=empty
noveles	novele	NOMcom	MORPH=empty
me	je	PROper	MORPH=empty
mez	metre2	VERcjg	MORPH=empty
que	que2	PROrel	MORPH=empty
je	je	PROper	MORPH=empty
ne	ne1	ADVneg	MORPH=empty
te	tu	PROper	MORPH=empty
quier	querre	VERcjg	MORPH=empty
ne	ne2	CONcoo	MORPH=empty
demant	demander	VERcjg	MORPH=empty
!	!	PONfrt	MORPH=empty
Je	je	PROper	MORPH=empty
cuidoie	cuidier1	VERcjg	MORPH=empty
,	,	PONfbl	MORPH=empty
se	se	CONsub	MORPH=empty
Dex	Dieu	NOMpro	MORPH=empty
m'	je	PROper	MORPH=empty
amant	amender	VERcjg	MORPH=empty
,	,	PONfbl	MORPH=empty
que	que4	CONsub	MORPH=empty
tu	tu	PROper	MORPH=empty
noveles	novele	NOMcom	MORPH=empty
me	je	PROper	MORPH=empty
deïsses	dire	VERcjg	MORPH=empty
einz	ainz	ADVgen	MORPH=empty
que	que4	CONsub	MORPH=empty
de	de	PRE	MORPH=empty
moi	je	PROper	MORPH=empty
les	il	PROper	MORPH=empty
apreïsses	aprendre	VERcjg	MORPH=empty
,	,	PONfbl	MORPH=empty
et	et	CONcoo	MORPH=empty
tu	tu	PROper	MORPH=empty
viax	voloir	VERcjg	MORPH=empty
que	que4	CONsub	MORPH=empty
je	je	PROper	MORPH=empty
les	il	PROper	MORPH=empty
t'	tu	PROper	MORPH=empty
apraingne	aprendre	VERcjg	MORPH=empty
!	!	PONfrt	MORPH=empty
Jel	je+il	PROper.PROper	MORPH=empty
te	tu	PROper	MORPH=empty
dirai	dire	VERcjg	MORPH=empty
,	,	PONfbl	MORPH=empty
comant	coment1	ADVgen	MORPH=empty
qu'	que4	CONsub	MORPH=empty
il	il	PROper	MORPH=empty
praigne	prendre	VERcjg	MORPH=empty
,	,	PONfbl	MORPH=empty
car	car	CONcoo	MORPH=empty
a	a3	PRE	MORPH=empty
toi	tu	PROper	MORPH=empty
volantiers	volentiers	ADVgen	MORPH=empty
m'	je	PROper	MORPH=empty
acort	acorder	VERcjg	MORPH=empty
.	.	PONfrt	MORPH=empty
Escuz	escu	NOMcom	MORPH=empty
a	avoir	VERcjg	MORPH=empty
non	nom	NOMcom	MORPH=empty
ce	ce1	PROdem	MORPH=empty
que	que2	PROrel	MORPH=empty
je	je	PROper	MORPH=empty
port	porter	VERcjg	MORPH=empty
.	.	PONfrt	MORPH=empty
Escuz	escu	NOMcom	MORPH=empty
a	avoir	VERcjg	MORPH=empty
non	nom	NOMcom	MORPH=empty
?	?	PONfrt	MORPH=empty
Voire	voir	ADVgen	MORPH=empty
,	,	PONfbl	MORPH=empty
fet	faire	VERcjg	MORPH=empty
il	il	PROper	MORPH=empty
,	,	PONfbl	MORPH=empty
ne	ne1	ADVneg	MORPH=empty
le	il	PROper	MORPH=empty
doi	devoir	VERcjg	MORPH=empty
mie	mie	ADVneg	MORPH=empty
tenir	tenir1	VERinf	MORPH=empty
vil	vil1	ADJqua	MORPH=empty
,	,	PONfbl	MORPH=empty
car	car	CONcoo	MORPH=empty
il	il	PROimp	MORPH=empty
m'	je	PROper	MORPH=empty
est	estre1	VERcjg	MORPH=empty
tant	tant	ADVgen	MORPH=empty
de	de	PRE	MORPH=empty
bone	bon	ADJqua	MORPH=empty
foi	foi	NOMcom	MORPH=empty
que	que4	CONsub	MORPH=empty
,	,	PONfbl	MORPH=empty
se	se	CONsub	MORPH=empty
nus	nul	PROind	MORPH=empty
lance	lancier3	VERcjg	MORPH=empty
ou	o3	CONcoo	MORPH=empty
tret	traire	VERcjg	MORPH=empty
a	a3	PRE	MORPH=empty
moi	je	PROper	MORPH=empty
,	,	PONfbl	MORPH=empty
ancontre	encontre1	PRE	MORPH=empty
toz	tot	DETind	MORPH=empty
les	le	DETdef	MORPH=empty
cos	coup1	NOMcom	MORPH=empty
se	soi1	PROper	MORPH=empty
tret	traire	VERcjg	MORPH=empty
.	.	PONfrt	MORPH=empty
C'	ce1	PROdem	MORPH=empty
est	estre1	VERcjg	MORPH=empty
li	le	DETdef	MORPH=empty
servises	servise	NOMcom	MORPH=empty
qu'	que2	PROrel	MORPH=empty
il	il	PROper	MORPH=empty
me	je	PROper	MORPH=empty
fet	faire	VERcjg	MORPH=empty
.	.	PONfrt	MORPH=empty
"	"	PONpxx	MORPH=empty
Atant	atant	ADVgen	MORPH=empty
cil	cel	PROdem	MORPH=empty
qui	qui	PROrel	MORPH=empty
furent	estre1	VERcjg	MORPH=empty
arriere	ariere	ADVgen	MORPH=empty
s'	soi1	PROper	MORPH=empty
an	en2	PROadv	MORPH=empty
vindrent	venir	VERcjg	MORPH=empty
tote	tot	DETind	MORPH=empty
la	le	DETdef	MORPH=empty
charriere	charriere	NOMcom	MORPH=empty
vers	vers2	PRE	MORPH=empty
lor	lor2	DETpos	MORPH=empty
seignor	seignor	NOMcom	MORPH=empty
trestot	trestot	DETind	MORPH=empty
le	le	DETdef	MORPH=empty
pas	pas	NOMcom	MORPH=empty
,	,	PONfbl	MORPH=empty
si	si	ADVgen	MORPH=empty
li	il	PROper	MORPH=empty
dïent	dire	VERcjg	MORPH=empty
en	en1	PRE	MORPH=empty
es	es2	PROdem	MORPH=empty
le	le	DETdef	MORPH=empty
pas	pas	NOMcom	MORPH=empty
:	:	PONfbl	MORPH=empty
"	"	PONpxx	MORPH=empty
Sire	seignor	NOMcom	MORPH=empty
,	,	PONfbl	MORPH=empty
que	que3	PROint	MORPH=empty
vos	vos	PROper	MORPH=empty
dit	dire	VERcjg	MORPH=empty
cil	cel	DETdem	MORPH=empty
Galois	Galois	NOMpro	MORPH=empty
?	?	PONfrt	MORPH=empty
Ne	ne1	ADVneg	MORPH=empty
set	savoir	VERcjg	MORPH=empty
mie	mie	ADVneg	MORPH=empty
totes	tot	DETind	MORPH=empty
les	le	DETdef	MORPH=empty
lois	loi3	NOMcom	MORPH=empty
,	,	PONfbl	MORPH=empty
fet	faire	VERcjg	MORPH=empty
li	le	DETdef	MORPH=empty
sires	seignor	NOMcom	MORPH=empty
,	,	PONfbl	MORPH=empty
se	se	CONsub	MORPH=empty
Dex	Dieu	NOMpro	MORPH=empty
m'	je	PROper	MORPH=empty
amant	amender	VERcjg	MORPH=empty
,	,	PONfbl	MORPH=empty
qu'	que4	CONcoo	MORPH=empty
a	a3	PRE	MORPH=empty
rien	rien	NOMcom	MORPH=empty
nule	nul	ADJind	MORPH=empty
que	que2	PROrel	MORPH=empty
li	il	PROper	MORPH=empty
demant	demander	VERcjg	MORPH=empty
ne	ne1	ADVneg	MORPH=empty
respont	respondre1	VERcjg	MORPH=empty
il	il	PROper	MORPH=empty
onques	onque	ADVgen	MORPH=empty
a	a3	PRE	MORPH=empty
droit	droit	ADJqua	MORPH=empty
,	,	PONfbl	MORPH=empty
einz	ainz	ADVgen	MORPH=empty
demande	demander	VERcjg	MORPH=empty
de	de	PRE	MORPH=empty
quanqu'	cantque	PROrel	MORPH=empty
il	il	PROper	MORPH=empty
voit	vëoir	VERcjg	MORPH=empty
comant	coment1	ADVsub	MORPH=empty
a	avoir	VERcjg	MORPH=empty
non	nom	NOMcom	MORPH=empty
et	et	CONcoo	MORPH=empty
qu'	que2	PROrel	MORPH=empty
an	on	PROind	MORPH=empty
an	en2	PROadv	MORPH=empty
fet	faire	VERcjg	MORPH=empty
.	.	PONfrt	MORPH=empty
Sire	seignor	NOMcom	MORPH=empty
,	,	PONfbl	MORPH=empty
sachiez	savoir	VERcjg	MORPH=empty
bien	bien1	ADVgen	MORPH=empty
antreset	entresait	ADVgen	MORPH=empty
que	que4	CONsub	MORPH=empty
Galois	Galois	NOMpro	MORPH=empty
sont	estre1	VERcjg	MORPH=empty
tuit	tot	PROind	MORPH=empty
par	par	PRE	MORPH=empty
nature	nature	NOMcom	MORPH=empty
plus	plus	ADVgen	MORPH=empty
fol	fol3	ADJqua	MORPH=empty
que	que1	CONsub	MORPH=empty
bestes	beste	NOMcom	MORPH=empty
an	en1	PRE	MORPH=empty
pasture	pasture1	NOMcom	MORPH=empty
;	;	PONfbl	MORPH=empty
cist	cest	PROdem	MORPH=empty
est	estre1	VERcjg	MORPH=empty
ausi	aussi	ADVgen	MORPH=empty
con	come1	CONsub	MORPH=empty
une	un	DETndf	MORPH=empty
beste	beste	NOMcom	MORPH=empty
.	.	PONfrt	MORPH=empty
Fos	fol3	ADJqua	MORPH=empty
est	estre1	VERcjg	MORPH=empty
qui	qui	PROrel	MORPH=empty
delez	dalez	PRE	MORPH=empty
lui	il	PROper	MORPH=empty
s'	soi1	PROper	MORPH=empty
areste	arester	VERcjg	MORPH=empty
,	,	PONfbl	MORPH=empty
s'	se	CONsub	MORPH=empty
a	a3	PRE	MORPH=empty
la	le	DETdef	MORPH=empty
muse	muse3	NOMcom	MORPH=empty
ne	ne1	ADVneg	MORPH=empty
vialt	voloir	VERcjg	MORPH=empty
muser	muser1	VERinf	MORPH=empty
et	et	CONcoo	MORPH=empty
le	le	DETdef	MORPH=empty
tans	tens	NOMcom	MORPH=empty
an	en1	PRE	MORPH=empty
folie	folie2	NOMcom	MORPH=empty
user	user	VERinf	MORPH=empty
.	.	PONfrt	MORPH=empty
Ne	ne1	ADVneg	MORPH=empty
sai	savoir	VERcjg	MORPH=empty
,	,	PONfbl	MORPH=empty
fet	faire	VERcjg	MORPH=empty
il	il	PROper	MORPH=empty
,	,	PONfbl	MORPH=empty
se	se	CONsub	MORPH=empty
Dex	Dieu	NOMpro	MORPH=empty
me	je	PROper	MORPH=empty
voie	vëoir	VERcjg	MORPH=empty
!	!	PONfrt	MORPH=empty
Einz	ainz	ADVgen	MORPH=empty
que	que4	CONsub	MORPH=empty
soie	estre1	VERcjg	MORPH=empty
mis	metre2	VERppe	MORPH=empty
a	a3	PRE	MORPH=empty
la	le	DETdef	MORPH=empty
voie	voie	NOMcom	MORPH=empty
,	,	PONfbl	MORPH=empty
quanque	cantque	PROrel	MORPH=empty
il	il	PROper	MORPH=empty
voldra	voloir	VERcjg	MORPH=empty
li	il	PROper	MORPH=empty
dirai	dire	VERcjg	MORPH=empty
,	,	PONfbl	MORPH=empty
ja	ja	ADVgen	MORPH=empty
autremant	autrement	ADVgen	MORPH=empty
n'	ne1	ADVneg	MORPH=empty
an	en2	PROadv	MORPH=empty
partirai	partir	VERcjg	MORPH=empty
.	.	PONfrt	MORPH=empty
"	"	PONpxx	MORPH=empty
Lors	lors	ADVgen	MORPH=empty
li	il	PROper	MORPH=empty
demande	demander	VERcjg	MORPH=empty
de	de	PRE	MORPH=empty
rechief	rechief_(de)	ADVgen	MORPH=empty
:	:	PONfbl	MORPH=empty
"	"	PONpxx	MORPH=empty
Vaslez	vaslet	NOMcom	MORPH=empty
,	,	PONfbl	MORPH=empty
fet	faire	VERcjg	MORPH=empty
il	il	PROper	MORPH=empty
,	,	PONfbl	MORPH=empty
ne	ne1	ADVneg	MORPH=empty
te	tu	PROper	MORPH=empty
soit	estre1	VERcjg	MORPH=empty
grief	grief	ADJqua	MORPH=empty
,	,	PONfbl	MORPH=empty
mes	mais1	CONcoo	MORPH=empty
des	de+le	PRE.DETdef	MORPH=empty
.v.	5	ADJcar	MORPH=empty
chevaliers	chevalier	NOMcom	MORPH=empty
me	je	PROper	MORPH=empty
di	dire	VERcjg	MORPH=empty
et	et	CONcoo	MORPH=empty
des	de+le	PRE.DETdef	MORPH=empty
puceles	pucele	NOMcom	MORPH=empty
autresi	autresi	ADVgen	MORPH=empty
se	se	CONsub	MORPH=empty
les	il	PROper	MORPH=empty
ancontras	encontrer	VERcjg	MORPH=empty
ne	ne2	CONcoo	MORPH=empty
veïs	vëoir	VERcjg	MORPH=empty
.	.	PONfrt	MORPH=empty
"	"	PONpxx	MORPH=empty
Et	et	CONcoo	MORPH=empty
li	le	DETdef	MORPH=empty
vaslez	vaslet	NOMcom	MORPH=empty
le	il	PROper	MORPH=empty
tenoit	tenir1	VERcjg	MORPH=empty
pris	prendre	VERppe	MORPH=empty
au	a3+le	PRE.DETdef	MORPH=empty
pan	pan1	NOMcom	MORPH=empty
del	de+le	PRE.DETdef	MORPH=empty
hauberc	hauberc	NOMcom	MORPH=empty
,	,	PONfbl	MORPH=empty
si	si	ADVgen	MORPH=empty
le	il	PROper	MORPH=empty
tire	tirer	VERcjg	MORPH=empty
:	:	PONfbl	MORPH=empty
"	"	PONpxx	MORPH=empty
Or	or4	ADVgen	MORPH=empty
me	je	PROper	MORPH=empty
dites	dire	VERcjg	MORPH=empty
,	,	PONfbl	MORPH=empty
fet	faire	VERcjg	MORPH=empty
il	il	PROper	MORPH=empty
,	,	PONfbl	MORPH=empty
biau	bel1	ADJqua	MORPH=empty
sire	seignor	NOMcom	MORPH=empty
,	,	PONfbl	MORPH=empty
qu'	que3	PROint	MORPH=empty
est	estre1	VERcjg	MORPH=empty
ce	ce1	PROdem	MORPH=empty
que	que2	PROrel	MORPH=empty
vos	vos	PROper	MORPH=empty
avez	avoir	VERcjg	MORPH=empty
vestu	vestir	VERppe	MORPH=empty
?	?	PONfrt	MORPH=empty
Vaslez	vaslet	NOMcom	MORPH=empty
,	,	PONfbl	MORPH=empty
fet	faire	VERcjg	MORPH=empty
il	il	PROper	MORPH=empty
,	,	PONfbl	MORPH=empty
don	donc	ADVgen	MORPH=empty
nel	ne1+il	ADVneg.PROper	MORPH=empty
sez	savoir	VERcjg	MORPH=empty
tu	tu	PROper	MORPH=empty
?	?	PONfrt	MORPH=empty
Je	je	PROper	MORPH=empty
non	non	ADVneg	MORPH=empty
.	.	PONfrt	MORPH=empty
Vaslez	vaslet	NOMcom	MORPH=empty
,	,	PONfbl	MORPH=empty
c'	ce1	PROdem	MORPH=empty
est	estre1	VERcjg	MORPH=empty
mes	mon1	DETpos	MORPH=empty
haubers	hauberc	NOMcom	MORPH=empty
,	,	PONfbl	MORPH=empty
s'	si	ADVgen	MORPH=empty
est	estre1	VERcjg	MORPH=empty
ausi	aussi	ADVgen	MORPH=empty
pesanz	peser	VERppa	MORPH=empty
come	come1	CONsub	MORPH=empty
fers	fer	NOMcom	MORPH=empty
.	.	PONfrt	MORPH=empty
De	de	PRE	MORPH=empty
fer	fer	NOMcom	MORPH=empty
est	estre1	VERcjg	MORPH=empty
il	il	PROper	MORPH=empty
?	?	PONfrt	MORPH=empty
Ce	ce1	PROdem	MORPH=empty
voiz	vëoir	VERcjg	MORPH=empty
tu	tu	PROper	MORPH=empty
bien	bien1	ADVgen	MORPH=empty
.	.	PONfrt	MORPH=empty
De	de	PRE	MORPH=empty
ce	ce1	PROdem	MORPH=empty
,	,	PONfbl	MORPH=empty
fet	faire	VERcjg	MORPH=empty
il	il	PROper	MORPH=empty
,	,	PONfbl	MORPH=empty
ne	ne1	ADVneg	MORPH=empty
sai	savoir	VERcjg	MORPH=empty
je	je	PROper	MORPH=empty
rien	rien	PROind	MORPH=empty
,	,	PONfbl	MORPH=empty
mes	mais1	CONcoo	MORPH=empty
mout	mout	ADVgen	MORPH=empty
est	estre1	VERcjg	MORPH=empty
biax	bel1	ADJqua	MORPH=empty
,	,	PONfbl	MORPH=empty
se	se	CONsub	MORPH=empty
Dex	Dieu	NOMpro	MORPH=empty
me	je	PROper	MORPH=empty
salt	sauver	VERcjg	MORPH=empty
.	.	PONfrt	MORPH=empty
Qu'	que3	PROint	MORPH=empty
an	en2	PROadv	MORPH=empty
fetes	faire	VERcjg	MORPH=empty
vos	vos	PROper	MORPH=empty
et	et	CONcoo	MORPH=empty
que	que3	PROint	MORPH=empty
vos	vos	PROper	MORPH=empty
valt	valoir	VERcjg	MORPH=empty
?	?	PONfrt	MORPH=empty
Vaslez	vaslet	NOMcom	MORPH=empty
,	,	PONfbl	MORPH=empty
c'	ce1	PROdem	MORPH=empty
est	estre1	VERcjg	MORPH=empty
a	a3	PRE	MORPH=empty
dire	dire	VERinf	MORPH=empty
legier	legier2	ADJqua	MORPH=empty
:	:	PONfbl	MORPH=empty
se	se	CONsub	MORPH=empty
voloies	voloir	VERcjg	MORPH=empty
a	a3	PRE	MORPH=empty
moi	je	PROper	MORPH=empty
lancier	lancier3	VERinf	MORPH=empty
javeloz	javelot	NOMcom	MORPH=empty
ne	ne2	CONcoo	MORPH=empty
saiete	saiete	NOMcom	MORPH=empty
traire	traire	VERinf	MORPH=empty
,	,	PONfbl	MORPH=empty
ne	ne1	ADVneg	MORPH=empty
me	je	PROper	MORPH=empty
porroies	pöoir	VERcjg	MORPH=empty
nul	nul	DETind	MORPH=empty
mal	mal1	NOMcom	MORPH=empty
faire	faire	VERinf	MORPH=empty
.	.	PONfrt	MORPH=empty
Danz	Damnedeu	NOMcom	MORPH=empty
chevaliers	chevalier	NOMcom	MORPH=empty
,	,	PONfbl	MORPH=empty
de	de	PRE	MORPH=empty
tex	tel	DETind	MORPH=empty
haubers	hauberc	NOMcom	MORPH=empty
,	,	PONfbl	MORPH=empty
gart	garder	VERcjg	MORPH=empty
Dex	Dieu	NOMpro	MORPH=empty
les	le	DETdef	MORPH=empty
biches	bisse	NOMcom	MORPH=empty
et	et	CONcoo	MORPH=empty
les	le	DETdef	MORPH=empty
cers	cerf	NOMcom	MORPH=empty
,	,	PONfbl	MORPH=empty
que	que4	CONcoo	MORPH=empty
nul	nul	PROind	MORPH=empty
ocirre	ocire	VERinf	MORPH=empty
n'	ne1	ADVneg	MORPH=empty
an	en2	PROadv	MORPH=empty
porroie	pöoir	VERcjg	MORPH=empty
ne	ne2	CONcoo	MORPH=empty
ja	ja	ADVgen	MORPH=empty
mes	mais1	ADVgen	MORPH=empty
aprés	après	ADVgen	MORPH=empty
ne	ne1	ADVneg	MORPH=empty
corroie	corir	VERcjg	MORPH=empty
.	.	PONfrt	MORPH=empty
"	"	PONpxx	MORPH=empty
Et	et	CONcoo	MORPH=empty
li	le	DETdef	MORPH=empty
chevaliers	chevalier	NOMcom	MORPH=empty
li	il	PROper	MORPH=empty
redist	redire	VERcjg	MORPH=empty
:	:	PONfbl	MORPH=empty
"	"	PONpxx	MORPH=empty
Vaslez	vaslet	NOMcom	MORPH=empty
,	,	PONfbl	MORPH=empty
se	se	CONsub	MORPH=empty
Damedex	Damnedeu	NOMpro	MORPH=empty
t'	tu	PROper	MORPH=empty
aïst	aidier	VERcjg	MORPH=empty
,	,	PONfbl	MORPH=empty
se	se	CONsub	MORPH=empty
tu	tu	PROper	MORPH=empty
me	je	PROper	MORPH=empty
sez	savoir	VERcjg	MORPH=empty
dire	dire	VERinf	MORPH=empty
noveles	novele	NOMcom	MORPH=empty
des	de+le	PRE.DETdef	MORPH=empty
chevaliers	chevalier	NOMcom	MORPH=empty
et	et	CONcoo	MORPH=empty
des	de+le	PRE.DETdef	MORPH=empty
puceles	pucele	NOMcom	MORPH=empty
?	?	PONfrt	MORPH=empty
"	"	PONpxx	MORPH=empty
Et	et	CONcoo	MORPH=empty
cil	cel	PROdem	MORPH=empty
,	,	PONfbl	MORPH=empty
qui	qui	PROrel	MORPH=empty
petit	petit	ADJqua	MORPH=empty
fu	estre1	VERcjg	MORPH=empty
senez	sené2	ADJqua	MORPH=empty
,	,	PONfbl	MORPH=empty
li	il	PROper	MORPH=empty
dit	dire	VERcjg	MORPH=empty
:	:	PONfbl	MORPH=empty
"	"	PONpxx	MORPH=empty
Fustes	estre1	VERcjg	MORPH=empty
vos	vos	PROper	MORPH=empty
ensi	ainsi	ADVgen	MORPH=empty
nez	naistre	VERppe	MORPH=empty
?	?	PONfrt	MORPH=empty
Nenil	nenil	ADVneg	MORPH=empty
,	,	PONfbl	MORPH=empty
vaslez	vaslet	NOMcom	MORPH=empty
,	,	PONfbl	MORPH=empty
ce	ce1	PROdem	MORPH=empty
ne	ne1	ADVneg	MORPH=empty
puet	pöoir	VERcjg	MORPH=empty
estre	estre1	VERinf	MORPH=empty
qu'	que4	CONsub	MORPH=empty
ainsi	ainsi	ADVgen	MORPH=empty
poïst	pöoir	VERcjg	MORPH=empty
nule	nul	DETind	MORPH=empty
riens	rien	NOMcom	MORPH=empty
nestre	naistre	VERinf	MORPH=empty
.	.	PONfrt	MORPH=empty
Qui	qui	PROint	MORPH=empty
vos	vos	PROper	MORPH=empty
atorna	atorner	VERcjg	MORPH=empty
donc	donc	ADVgen	MORPH=empty
ensi	ainsi	ADVgen	MORPH=empty
?	?	PONfrt	MORPH=empty
Vaslez	vaslet	NOMcom	MORPH=empty
,	,	PONfbl	MORPH=empty
je	je	PROper	MORPH=empty
te	tu	PROper	MORPH=empty
dirai	dire	VERcjg	MORPH=empty
bien	bien1	ADVgen	MORPH=empty
qui	qui	PROrel	MORPH=empty
.	.	PONfrt	MORPH=empty
Dites	dire	VERcjg	MORPH=empty
le	il	PROper	MORPH=empty
donc	donc	ADVgen	MORPH=empty
.	.	PONfrt	MORPH=empty
Mout	mout	ADVgen	MORPH=empty
volantiers	volentiers	ADVgen	MORPH=empty
.	.	PONfrt	MORPH=empty
N'	ne1	ADVneg	MORPH=empty
a	avoir	VERcjg	MORPH=empty
mie	mie	ADVneg	MORPH=empty
ancor	encore	ADVgen	MORPH=empty
.v.	5	DETcar	MORPH=empty
jorz	jor	NOMcom	MORPH=empty
antiers	entier	ADJqua	MORPH=empty
que	que4	CONsub	MORPH=empty
tot	tot	DETind	MORPH=empty
cest	cest	DETdem	MORPH=empty
hernois	harnois	NOMcom	MORPH=empty
me	je	PROper	MORPH=empty
dona	doner	VERcjg	MORPH=empty
li	le	DETdef	MORPH=empty
rois	roi2	NOMcom	MORPH=empty
Artus	Artu	NOMpro	MORPH=empty
,	,	PONfbl	MORPH=empty
qui	qui	PROrel	MORPH=empty
m'	je	PROper	MORPH=empty
adoba	adober	VERcjg	MORPH=empty
.	.	PONfrt	MORPH=empty
Mes	mais1	CONcoo	MORPH=empty
or	or4	ADVgen	MORPH=empty
me	je	PROper	MORPH=empty
redi	redire	VERcjg	MORPH=empty
que	que2	PROrel	MORPH=empty
devindrent	devenir	VERcjg	MORPH=empty
li	le	DETdef	MORPH=empty
chevalier	chevalier	NOMcom	MORPH=empty
qui	qui	PROrel	MORPH=empty
par	par	PRE	MORPH=empty
ci	ci	ADVgen	MORPH=empty
vindrent	venir	VERcjg	MORPH=empty
,	,	PONfbl	MORPH=empty
qui	qui	PROrel	MORPH=empty
les	le	DETdef	MORPH=empty
.iii.	3	ADJcar	MORPH=empty
puceles	pucele	NOMcom	MORPH=empty
conduient	conduire	VERcjg	MORPH=empty
.	.	PONfrt	MORPH=empty
Vont	aler	VERcjg	MORPH=empty
il	il	PROper	MORPH=empty
le	le	DETdef	MORPH=empty
pas	pas	NOMcom	MORPH=empty
ou	o3	CONcoo	MORPH=empty
il	il	PROper	MORPH=empty
s'	soi1	PROper	MORPH=empty
an	en2	PROadv	MORPH=empty
fuient	fuir	VERcjg	MORPH=empty
?	?	PONfrt	MORPH=empty
"	"	PONpxx	MORPH=empty
Et	et	CONcoo	MORPH=empty
il	il	PROper	MORPH=empty
dit	dire	VERcjg	MORPH=empty
:	:	PONfbl	MORPH=empty
"	"	PONpxx	MORPH=empty
Sire	seignor	NOMcom	MORPH=empty
,	,	PONfbl	MORPH=empty
or	or4	ADVgen	MORPH=empty
esgardez	esgarder	VERcjg	MORPH=empty
cel	cel	DETdem	MORPH=empty
plus	plus	ADVgen	MORPH=empty
haut	haut	ADJqua	MORPH=empty
bois	bois	NOMcom	MORPH=empty
que	que2	PROrel	MORPH=empty
vos	vos	PROper	MORPH=empty
veez	vëoir	VERcjg	MORPH=empty
,	,	PONfbl	MORPH=empty
qui	qui	PROrel	MORPH=empty
cele	cel	DETdem	MORPH=empty
montaigne	montaigne	NOMcom	MORPH=empty
avirone	avironer	VERcjg	MORPH=empty
.	.	PONfrt	MORPH=empty
La	là	ADVgen	MORPH=empty
sont	estre1	VERcjg	MORPH=empty
li	le	DETdef	MORPH=empty
destroit	destroit	NOMcom	MORPH=empty
de	de	PRE	MORPH=empty
Valdone	Valdone	NOMpro	MORPH=empty
.	.	PONfrt	MORPH=empty
Et	et	CONcoo	MORPH=empty
qu'	que3	PROint	MORPH=empty
est	estre1	VERcjg	MORPH=empty
de	de	PRE	MORPH=empty
ce	ce1	PROdem	MORPH=empty
,	,	PONfbl	MORPH=empty
fet	faire	VERcjg	MORPH=empty
il	il	PROper	MORPH=empty
,	,	PONfbl	MORPH=empty
biau	bel1	ADJqua	MORPH=empty
frere	frere	NOMcom	MORPH=empty
?	?	PONfrt	MORPH=empty
La	là	ADVgen	MORPH=empty
sont	estre1	VERcjg	MORPH=empty
li	le	DETdef	MORPH=empty
hercheor	hercëor	NOMcom	MORPH=empty
ma	mon1	DETpos	MORPH=empty
mere	mere	NOMcom	MORPH=empty
,	,	PONfbl	MORPH=empty
qui	qui	PROrel	MORPH=empty
ses	son4	DETpos	MORPH=empty
terres	terre	NOMcom	MORPH=empty
herchent	hercier1	VERcjg	MORPH=empty
et	et	CONcoo	MORPH=empty
erent	arer	VERcjg	MORPH=empty
.	.	PONfrt	MORPH=empty
Et	et	CONcoo	MORPH=empty
se	se	CONsub	MORPH=empty
ces	ce2	DETdem	MORPH=empty
genz	gent1	NOMcom	MORPH=empty
i	i2	PROadv	MORPH=empty
trespasserent	trespasser	VERcjg	MORPH=empty
,	,	PONfbl	MORPH=empty
s'	se	CONsub	MORPH=empty
il	il	PROper	MORPH=empty
les	il	PROper	MORPH=empty
virent	vëoir	VERcjg	MORPH=empty
,	,	PONfbl	MORPH=empty
il	il	PROper	MORPH=empty
le	il	PROper	MORPH=empty
diront	dire	VERcjg	MORPH=empty
.	.	PONfrt	MORPH=empty
"	"	PONpxx	MORPH=empty
Et	et	CONcoo	MORPH=empty
il	il	PROper	MORPH=empty
dïent	dire	VERcjg	MORPH=empty
qu'	que4	CONsub	MORPH=empty
il	il	PROper	MORPH=empty
i	i2	PROadv	MORPH=empty
iront	aler	VERcjg	MORPH=empty
avoec	avuec	PRE	MORPH=empty
lui	il	PROper	MORPH=empty
,	,	PONfbl	MORPH=empty
se	se	CONsub	MORPH=empty
il	il	PROper	MORPH=empty
les	il	PROper	MORPH=empty
i	i2	PROadv	MORPH=empty
mainne	mener	VERcjg	MORPH=empty
,	,	PONfbl	MORPH=empty
jusqu'	jusque	PRE	MORPH=empty
a	a3	PRE	MORPH=empty
ces	ce2	PROdem	MORPH=empty
qui	qui	PROrel	MORPH=empty
herchent	hercier1	VERcjg	MORPH=empty
l'	le	DETdef	MORPH=empty
avainne	aveine	NOMcom	MORPH=empty
.	.	PONfrt	MORPH=empty
Li	le	DETdef	MORPH=empty
vaslez	vaslet	NOMcom	MORPH=empty
prant	prendre	VERcjg	MORPH=empty
son	son4	DETpos	MORPH=empty
chaceor	chacëor	NOMcom	MORPH=empty
et	et	CONcoo	MORPH=empty
vet	aler	VERcjg	MORPH=empty
la	là	ADVgen	MORPH=empty
ou	où	PROrel	MORPH=empty
li	le	DETdef	MORPH=empty
hercheor	hercëor	NOMcom	MORPH=empty
herchoient	hercier1	VERcjg	MORPH=empty
les	le	DETdef	MORPH=empty
terres	terre	NOMcom	MORPH=empty
arees	arer	VERppe	MORPH=empty
ou	où	PROrel	MORPH=empty
les	le	DETdef	MORPH=empty
aveinnes	aveine	NOMcom	MORPH=empty
sont	estre1	VERcjg	MORPH=empty
semees	semer1	VERppe	MORPH=empty
.	.	PONfrt	MORPH=empty
Et	et	CONcoo	MORPH=empty
quant	cant1	CONsub	MORPH=empty
cil	cel	PROdem	MORPH=empty
virent	vëoir	VERcjg	MORPH=empty
lor	lor2	DETpos	MORPH=empty
seignor	seignor	NOMcom	MORPH=empty
,	,	PONfbl	MORPH=empty
si	si	ADVgen	MORPH=empty
tranblerent	trembler1	VERcjg	MORPH=empty
tuit	tot	PROind	MORPH=empty
de	de	PRE	MORPH=empty
peor	pëor	NOMcom	MORPH=empty
.	.	PONfrt	MORPH=empty
Et	et	CONcoo	MORPH=empty
savez	savoir	VERcjg	MORPH=empty
por	por2	PRE	MORPH=empty
coi	coi2	PROrel	MORPH=empty
il	il	PROper	MORPH=empty
le	il	PROper	MORPH=empty
firent	faire	VERcjg	MORPH=empty
?	?	PONfrt	MORPH=empty
Por	por2	PRE	MORPH=empty
les	le	DETdef	MORPH=empty
chevaliers	chevalier	NOMcom	MORPH=empty
que	que2	PROrel	MORPH=empty
il	il	PROper	MORPH=empty
virent	vëoir	VERcjg	MORPH=empty
,	,	PONfbl	MORPH=empty
qui	qui	PROrel	MORPH=empty
avoec	avuec	PRE	MORPH=empty
lui	il	PROper	MORPH=empty
armé	armer	VERppe	MORPH=empty
venoient	venir	VERcjg	MORPH=empty
,	,	PONfbl	MORPH=empty
que	que4	CONsub	MORPH=empty
bien	bien1	ADVgen	MORPH=empty
sorent	savoir	VERcjg	MORPH=empty
,	,	PONfbl	MORPH=empty
s'	se	CONsub	MORPH=empty
il	il	PROper	MORPH=empty
li	il	PROper	MORPH=empty
avoient	avoir	VERcjg	MORPH=empty
lor	lor2	DETpos	MORPH=empty
afere	afaire2	NOMcom	MORPH=empty
dit	dire	VERppe	MORPH=empty
et	et	CONcoo	MORPH=empty
lor	lor2	DETpos	MORPH=empty
estre	estre2	NOMcom	MORPH=empty
,	,	PONfbl	MORPH=empty
que	que4	CONsub	MORPH=empty
il	il	PROper	MORPH=empty
voldroit	voloir	VERcjg	MORPH=empty
chevaliers	chevalier	NOMcom	MORPH=empty
estre	estre1	VERinf	MORPH=empty
,	,	PONfbl	MORPH=empty
et	et	CONcoo	MORPH=empty
sa	son4	DETpos	MORPH=empty
mere	mere	NOMcom	MORPH=empty
an	en2	PROadv	MORPH=empty
istroit	issir	VERcjg	MORPH=empty
del	de+le	PRE.DETdef	MORPH=empty
san	sen2	NOMcom	MORPH=empty
,	,	PONfbl	MORPH=empty
que	que4	CONcoo	MORPH=empty
destorner	destorner	VERinf	MORPH=empty
le	il	PROper	MORPH=empty
cuidoit	cuidier1	VERcjg	MORPH=empty
an	on	PROind	MORPH=empty
que	que4	CONsub	MORPH=empty
ja	ja	ADVgen	MORPH=empty
chevalier	chevalier	NOMcom	MORPH=empty
ne	ne1	ADVneg	MORPH=empty
veïst	vëoir	VERcjg	MORPH=empty
ne	ne2	CONcoo	MORPH=empty
lor	lor2	DETpos	MORPH=empty
afere	afaire2	NOMcom	MORPH=empty
n'	ne1	ADVneg	MORPH=empty
apreïst	aprendre	VERcjg	MORPH=empty
.	.	PONfrt	MORPH=empty
Et	et	CONcoo	MORPH=empty
li	le	DETdef	MORPH=empty
vaslez	vaslet	NOMcom	MORPH=empty
dist	dire	VERcjg	MORPH=empty
as	a3+le	PRE.DETdef	MORPH=empty
boviers	bovier	NOMcom	MORPH=empty
:	:	PONfbl	MORPH=empty
"	"	PONpxx	MORPH=empty
Veïstes	vëoir	VERcjg	MORPH=empty
vos	vos	PROper	MORPH=empty
.v.	5	DETcar	MORPH=empty
chevaliers	chevalier	NOMcom	MORPH=empty
et	et	CONcoo	MORPH=empty
.iii.	3	DETcar	MORPH=empty
puceles	pucele	NOMcom	MORPH=empty
ci	ci	ADVgen	MORPH=empty
passer	passer1	VERinf	MORPH=empty
?	?	PONfrt	MORPH=empty
Il	il	PROper	MORPH=empty
ne	ne1	ADVneg	MORPH=empty
finerent	finer	VERcjg	MORPH=empty
hui	ui	ADVgen	MORPH=empty
d'	de	PRE	MORPH=empty
aler	aler	VERinf	MORPH=empty
par	par	PRE	MORPH=empty
ces	ce2	DETdem	MORPH=empty
forez	forest	NOMcom	MORPH=empty
"	"	PONpxx	MORPH=empty
,	,	PONfbl	MORPH=empty
font	faire	VERcjg	MORPH=empty
li	le	DETdef	MORPH=empty
bovier	bovier	NOMcom	MORPH=empty
.	.	PONfrt	MORPH=empty
Et	et	CONcoo	MORPH=empty
li	le	DETdef	MORPH=empty
vallez	vaslet	NOMcom	MORPH=empty
au	a3+le	PRE.DETdef	MORPH=empty
chevalier	chevalier	NOMcom	MORPH=empty
qui	qui	PROrel	MORPH=empty
tant	tant	ADVgen	MORPH=empty
avoit	avoir	VERcjg	MORPH=empty
a	a3	PRE	MORPH=empty
lui	il	PROper	MORPH=empty
parlé	parler	VERppe	MORPH=empty
dist	dire	VERcjg	MORPH=empty
:	:	PONfbl	MORPH=empty
"	"	PONpxx	MORPH=empty
Sire	seignor	NOMcom	MORPH=empty
,	,	PONfbl	MORPH=empty
par	par	PRE	MORPH=empty
ci	ci	ADVgen	MORPH=empty
sont	estre1	VERcjg	MORPH=empty
passé	passer1	VERppe	MORPH=empty
li	le	DETdef	MORPH=empty
chevalier	chevalier	NOMcom	MORPH=empty
et	et	CONcoo	MORPH=empty
les	le	DETdef	MORPH=empty
puceles	pucele	NOMcom	MORPH=empty
.	.	PONfrt	MORPH=empty
Mes	mais1	CONcoo	MORPH=empty
or	or4	ADVgen	MORPH=empty
me	je	PROper	MORPH=empty
redites	redire	VERcjg	MORPH=empty
noveles	novele	NOMcom	MORPH=empty
del	de+le	PRE.DETdef	MORPH=empty
roi	roi2	NOMcom	MORPH=empty
qui	qui	PROrel	MORPH=empty
les	le	DETdef	MORPH=empty
chevaliers	chevalier	NOMcom	MORPH=empty
fet	faire	VERcjg	MORPH=empty
,	,	PONfbl	MORPH=empty
et	et	CONcoo	MORPH=empty
le	le	DETdef	MORPH=empty
leu	lieu	NOMcom	MORPH=empty
ou	où	PROrel	MORPH=empty
il	il	PROper	MORPH=empty
plus	plus	ADVgen	MORPH=empty
se	soi1	PROper	MORPH=empty
tret	traire	VERcjg	MORPH=empty
.	.	PONfrt	MORPH=empty
Vaslez	vaslet	NOMcom	MORPH=empty
,	,	PONfbl	MORPH=empty
fet	faire	VERcjg	MORPH=empty
il	il	PROper	MORPH=empty
,	,	PONfbl	MORPH=empty
dire	dire	VERinf	MORPH=empty
te	tu	PROper	MORPH=empty
vuel	voloir	VERcjg	MORPH=empty
que	que4	CONsub	MORPH=empty
li	le	DETdef	MORPH=empty
rois	roi2	NOMcom	MORPH=empty
sejorne	sejorner	VERcjg	MORPH=empty
a	a3	PRE	MORPH=empty
Carduel	Carduel	NOMpro	MORPH=empty
,	,	PONfbl	MORPH=empty
et	et	CONcoo	MORPH=empty
si	si	ADVgen	MORPH=empty
n'	ne1	ADVneg	MORPH=empty
a	avoir	VERcjg	MORPH=empty
pas	pas	ADVneg	MORPH=empty
ancor	encore	ADVgen	MORPH=empty
quint	quint	ADJord	MORPH=empty
jor	jor	NOMcom	MORPH=empty
que	que4	CONsub	MORPH=empty
li	le	DETdef	MORPH=empty
rois	roi2	NOMcom	MORPH=empty
i	i2	PROadv	MORPH=empty
ert	estre1	VERcjg	MORPH=empty
a	a3	PRE	MORPH=empty
sejor	sejor	NOMcom	MORPH=empty
,	,	PONfbl	MORPH=empty
que	que4	CONcoo	MORPH=empty
je	je	PROper	MORPH=empty
i	i2	PROadv	MORPH=empty
fui	estre1	VERcjg	MORPH=empty
et	et	CONcoo	MORPH=empty
si	si	ADVgen	MORPH=empty
le	il	PROper	MORPH=empty
vi	vëoir	VERcjg	MORPH=empty
.	.	PONfrt	MORPH=empty
Et	et	CONcoo	MORPH=empty
se	se	CONsub	MORPH=empty
tu	tu	PROper	MORPH=empty
nel	ne1+il	ADVneg.PROper	MORPH=empty
trueves	trover	VERcjg	MORPH=empty
iqui	iqui	ADVgen	MORPH=empty
,	,	PONfbl	MORPH=empty
bien	bien1	ADVgen	MORPH=empty
iert	estre1	VERcjg	MORPH=empty
qui	qui	PROrel	MORPH=empty
le	il	PROper	MORPH=empty
t'	tu	PROper	MORPH=empty
anseignera	enseignier	VERcjg	MORPH=empty
:	:	PONfbl	MORPH=empty
ja	ja	ADVgen	MORPH=empty
si	si	ADVgen	MORPH=empty
destornez	destorner	VERppe	MORPH=empty
ne	ne1	ADVneg	MORPH=empty
sera	estre1	VERcjg	MORPH=empty
que	que4	CONsub	MORPH=empty
tu	tu	PROper	MORPH=empty
la	là	ADVgen	MORPH=empty
n'	ne1	ADVneg	MORPH=empty
an	en2	PROadv	MORPH=empty
oies	öir	VERcjg	MORPH=empty
anseignes	enseigne	NOMcom	MORPH=empty
.	.	PONfrt	MORPH=empty
Mes	mais1	CONcoo	MORPH=empty
or	or4	ADVgen	MORPH=empty
te	tu	PROper	MORPH=empty
pri	priier	VERcjg	MORPH=empty
que	que4	CONsub	MORPH=empty
tu	tu	PROper	MORPH=empty
m'	je	PROper	MORPH=empty
anseignes	enseignier	VERcjg	MORPH=empty
par	par	PRE	MORPH=empty
quel	quel1	DETrel	MORPH=empty
non	nom	NOMcom	MORPH=empty
je	je	PROper	MORPH=empty
t'	tu	PROper	MORPH=empty
apelerai	apeler	VERcjg	MORPH=empty
.	.	PONfrt	MORPH=empty
Sire	seignor	NOMcom	MORPH=empty
,	,	PONfbl	MORPH=empty
fet	faire	VERcjg	MORPH=empty
il	il	PROper	MORPH=empty
,	,	PONfbl	MORPH=empty
jel	je+il	PROper.PROper	MORPH=empty
vos	vos	PROper	MORPH=empty
dirai	dire	VERcjg	MORPH=empty
.	.	PONfrt	MORPH=empty
J'	je	PROper	MORPH=empty
ai	avoir	VERcjg	MORPH=empty
non	nom	NOMcom	MORPH=empty
Biax	bel1	ADJqua	MORPH=empty
Filz	fil2	NOMcom	MORPH=empty
.	.	PONfrt	MORPH=empty
Biax	bel1	ADJqua	MORPH=empty
Filz	fil2	NOMcom	MORPH=empty
as	avoir	VERcjg	MORPH=empty
ores	or4	ADVgen	MORPH=empty
?	?	PONfrt	MORPH=empty
Je	je	PROper	MORPH=empty
cuit	cuidier1	VERcjg	MORPH=empty
bien	bien1	ADVgen	MORPH=empty
que	que4	CONsub	MORPH=empty
tu	tu	PROper	MORPH=empty
as	avoir	VERcjg	MORPH=empty
ancores	encore	ADVgen	MORPH=empty
I	un	DETndf	MORPH=empty
autre	autre	ADJind	MORPH=empty
non	nom	NOMcom	MORPH=empty
.	.	PONfrt	MORPH=empty
Sire	seignor	NOMcom	MORPH=empty
,	,	PONfbl	MORPH=empty
par	par	PRE	MORPH=empty
foi	foi	NOMcom	MORPH=empty
,	,	PONfbl	MORPH=empty
j'	je	PROper	MORPH=empty
ai	avoir	VERcjg	MORPH=empty
non	nom	NOMcom	MORPH=empty
Biau	bel1	ADJqua	MORPH=empty
Frere	frere	NOMcom	MORPH=empty
.	.	PONfrt	MORPH=empty
Bien	bien1	ADVgen	MORPH=empty
t'	tu	PROper	MORPH=empty
an	en2	PROadv	MORPH=empty
croi	croire	VERcjg	MORPH=empty
.	.	PONfrt	MORPH=empty
Mes	mais1	CONcoo	MORPH=empty
se	se	CONsub	MORPH=empty
tu	tu	PROper	MORPH=empty
me	je	PROper	MORPH=empty
vials	voloir	VERcjg	MORPH=empty
dire	dire	VERinf	MORPH=empty
voir	voir	ADJqua	MORPH=empty
,	,	PONfbl	MORPH=empty
ton	ton4	DETpos	MORPH=empty
droit	droit	ADJqua	MORPH=empty
non	nom	NOMcom	MORPH=empty
voldrai	voloir	VERcjg	MORPH=empty
ge	je	PROper	MORPH=empty
savoir	savoir	VERinf	MORPH=empty
.	.	PONfrt	MORPH=empty
Sire	seignor	NOMcom	MORPH=empty
,	,	PONfbl	MORPH=empty
fet	faire	VERcjg	MORPH=empty
il	il	PROper	MORPH=empty
,	,	PONfbl	MORPH=empty
bien	bien1	ADVgen	MORPH=empty
vos	vos	PROper	MORPH=empty
puis	pöoir	VERcjg	MORPH=empty
dire	dire	VERinf	MORPH=empty
qu'	que4	CONsub	MORPH=empty
a	a3	PRE	MORPH=empty
mon	mon1	DETpos	MORPH=empty
droit	droit	ADJqua	MORPH=empty
non	nom	NOMcom	MORPH=empty
ai	avoir	VERcjg	MORPH=empty
non	nom	NOMcom	MORPH=empty
Biau	bel1	ADJqua	MORPH=empty
Sire	seignor	NOMcom	MORPH=empty
.	.	PONfrt	MORPH=empty
Si	si	ADVgen	MORPH=empty
m'	je	PROper	MORPH=empty
aïst	aidier	VERcjg	MORPH=empty
Dex	Dieu	NOMpro	MORPH=empty
,	,	PONfbl	MORPH=empty
ci	ci	ADVgen	MORPH=empty
a	avoir	VERcjg	MORPH=empty
biau	bel1	ADJqua	MORPH=empty
non	nom	NOMcom	MORPH=empty
.	.	PONfrt	MORPH=empty
As	avoir	VERcjg	MORPH=empty
an	en2	PROadv	MORPH=empty
tu	tu	PROper	MORPH=empty
plus	plus	ADVgen	MORPH=empty
?	?	PONfrt	MORPH=empty
Sire	seignor	NOMcom	MORPH=empty
,	,	PONfbl	MORPH=empty
je	je	PROper	MORPH=empty
non	non	ADVneg	MORPH=empty
,	,	PONfbl	MORPH=empty
ne	ne2	CONcoo	MORPH=empty
onques	onque	ADVgen	MORPH=empty
certes	certes	ADVgen	MORPH=empty
plus	plus	ADVgen	MORPH=empty
n'	ne1	ADVneg	MORPH=empty
an	en2	PROadv	MORPH=empty
oi	avoir	VERcjg	MORPH=empty
.	.	PONfrt	MORPH=empty
Si	si	ADVgen	MORPH=empty
m'	je	PROper	MORPH=empty
aïst	aidier	VERcjg	MORPH=empty
Dex	Dieu	NOMpro	MORPH=empty
,	,	PONfbl	MORPH=empty
mervoilles	merveille	NOMcom	MORPH=empty
oi	avoir	VERcjg	MORPH=empty
,	,	PONfbl	MORPH=empty
les	le	DETdef	MORPH=empty
graignors	grant	ADJqua	MORPH=empty
que	que2	PROrel	MORPH=empty
j'	je	PROper	MORPH=empty
oïsse	öir	VERcjg	MORPH=empty
mes	mais1	ADVgen	MORPH=empty
ne	ne2	CONcoo	MORPH=empty
ne	ne1	ADVneg	MORPH=empty
cuit	cuidier1	VERcjg	MORPH=empty
que	que4	CONsub	MORPH=empty
j'	je	PROper	MORPH=empty
oie	öir	VERcjg	MORPH=empty
ja	ja	ADVgen	MORPH=empty
mes	mais1	ADVgen	MORPH=empty
.	.	PONfrt	MORPH=empty
"	"	PONpxx	MORPH=empty
Tantost	tantost	ADVgen	MORPH=empty
li	le	DETdef	MORPH=empty
chevaliers	chevalier	NOMcom	MORPH=empty
s'	soi1	PROper	MORPH=empty
an	en2	PROadv	MORPH=empty
part	partir	VERcjg	MORPH=empty
les	le	DETdef	MORPH=empty
granz	grant	ADJqua	MORPH=empty
galoz	galop	NOMcom	MORPH=empty
,	,	PONfbl	MORPH=empty
cui	cui	PROrel	MORPH=empty
mout	mout	ADVgen	MORPH=empty
fu	estre1	VERcjg	MORPH=empty
tart	tart	ADVgen	MORPH=empty
qu'	que4	CONsub	MORPH=empty
il	il	PROper	MORPH=empty
eüst	avoir	VERcjg	MORPH=empty
les	le	DETdef	MORPH=empty
autres	autre	PROind	MORPH=empty
atainz	ataindre	VERppe	MORPH=empty
.	.	PONfrt	MORPH=empty
Et	et	CONcoo	MORPH=empty
li	le	DETdef	MORPH=empty
vaslez	vaslet	NOMcom	MORPH=empty
ne	ne1	ADVneg	MORPH=empty
s'	soi1	PROper	MORPH=empty
est	estre1	VERcjg	MORPH=empty
pas	pas	ADVneg	MORPH=empty
fainz	feindre	VERppe	MORPH=empty
de	de	PRE	MORPH=empty
retorner	retorner	VERinf	MORPH=empty
a	a3	PRE	MORPH=empty
son	son4	DETpos	MORPH=empty
menoir	manoir2	NOMcom	MORPH=empty
,	,	PONfbl	MORPH=empty
ou	où	PROrel	MORPH=empty
sa	son4	DETpos	MORPH=empty
mere	mere	NOMcom	MORPH=empty
dolant	dolent	ADJqua	MORPH=empty
et	et	CONcoo	MORPH=empty
noir	noir	ADJqua	MORPH=empty
avoit	avoir	VERcjg	MORPH=empty
le	le	DETdef	MORPH=empty
cuer	cuer2	NOMcom	MORPH=empty
por	por2	PRE	MORPH=empty
sa	son4	DETpos	MORPH=empty
demore	demore	NOMcom	MORPH=empty
.	.	PONfrt	MORPH=empty
Grant	grant	ADJqua	MORPH=empty
joie	joie	NOMcom	MORPH=empty
an	en2	PROadv	MORPH=empty
ot	avoir	VERcjg	MORPH=empty
a	a3	PRE	MORPH=empty
icele	icel	DETdem	MORPH=empty
ore	ore3	NOMcom	MORPH=empty
qu'	que2	PROrel	MORPH=empty
ele	il	PROper	MORPH=empty
le	il	PROper	MORPH=empty
voit	vëoir	VERcjg	MORPH=empty
,	,	PONfbl	MORPH=empty
ne	ne2	CONcoo	MORPH=empty
pas	pas	ADVneg	MORPH=empty
ne	ne1	ADVneg	MORPH=empty
pot	pöoir	VERcjg	MORPH=empty
celer	celer1	VERinf	MORPH=empty
la	le	DETdef	MORPH=empty
joie	joie	NOMcom	MORPH=empty
qu'	que2	PROrel	MORPH=empty
ele	il	PROper	MORPH=empty
an	en2	PROadv	MORPH=empty
ot	avoir	VERcjg	MORPH=empty
,	,	PONfbl	MORPH=empty
car	car	CONcoo	MORPH=empty
come	come1	CONsub	MORPH=empty
mere	mere	NOMcom	MORPH=empty
qui	qui	PROrel	MORPH=empty
mout	mout	ADVgen	MORPH=empty
ainme	amer1	VERcjg	MORPH=empty
cort	corir	VERcjg	MORPH=empty
contre	contre	PRE	MORPH=empty
lui	il	PROper	MORPH=empty
et	et	CONcoo	MORPH=empty
si	si	ADVgen	MORPH=empty
le	il	PROper	MORPH=empty
clainme	clamer	VERcjg	MORPH=empty
"	"	PONpxx	MORPH=empty
Biax	bel1	ADJqua	MORPH=empty
filz	fil2	NOMcom	MORPH=empty
,	,	PONfbl	MORPH=empty
biax	bel1	ADJqua	MORPH=empty
filz	fil2	NOMcom	MORPH=empty
"	"	PONpxx	MORPH=empty
plus	plus	ADVgen	MORPH=empty
de	de	PRE	MORPH=empty
.c.	100	DETcar	MORPH=empty
foiz	foiz	NOMcom	MORPH=empty
.	.	PONfrt	MORPH=empty
"	"	PONpxx	MORPH=empty
Biax	bel1	ADJqua	MORPH=empty
filz	fil2	NOMcom	MORPH=empty
,	,	PONfbl	MORPH=empty
mout	mout	ADVgen	MORPH=empty
a	avoir	VERcjg	MORPH=empty
esté	estre1	VERppe	MORPH=empty
destroiz	destroit	ADJqua	MORPH=empty
mes	mon1	DETpos	MORPH=empty
cuers	cuer2	NOMcom	MORPH=empty
por	por2	PRE	MORPH=empty
vostre	vostre	DETpos	MORPH=empty
demoree	demoree	NOMcom	MORPH=empty
.	.	PONfrt	MORPH=empty
De	de	PRE	MORPH=empty
duel	duel	NOMcom	MORPH=empty
ai	avoir	VERcjg	MORPH=empty
esté	estre1	VERppe	MORPH=empty
acoree	acorer	VERppe	MORPH=empty
,	,	PONfbl	MORPH=empty
si	si	ADVgen	MORPH=empty
que	que4	CONsub	MORPH=empty
par	par	PRE	MORPH=empty
po	poi	ADVgen	MORPH=empty
morte	morir	VERppe	MORPH=empty
ne	ne1	ADVneg	MORPH=empty
sui	estre1	VERcjg	MORPH=empty
.	.	PONfrt	MORPH=empty
Ou	où	PROint	MORPH=empty
avez	avoir	VERcjg	MORPH=empty
vos	vos	PROper	MORPH=empty
tant	tant	ADVgen	MORPH=empty
esté	estre1	VERppe	MORPH=empty
hui	ui	ADVgen	MORPH=empty
?	?	PONfrt	MORPH=empty
Ou	où	PROint	MORPH=empty
,	,	PONfbl	MORPH=empty
dame	dame	NOMcom	MORPH=empty
?	?	PONfrt	MORPH=empty
Je	je	PROper	MORPH=empty
le	il	PROper	MORPH=empty
vos	vos	PROper	MORPH=empty
dirai	dire	VERcjg	MORPH=empty
mout	mout	ADVgen	MORPH=empty
bien	bien1	ADVgen	MORPH=empty
,	,	PONfbl	MORPH=empty
que	que4	CONcoo	MORPH=empty
ja	ja	ADVgen	MORPH=empty
n'	ne1	ADVneg	MORPH=empty
an	en2	PROadv	MORPH=empty
mantirai	mentir	VERcjg	MORPH=empty
,	,	PONfbl	MORPH=empty
que	que4	CONcoo	MORPH=empty
je	je	PROper	MORPH=empty
ai	avoir	VERcjg	MORPH=empty
mout	mout	ADVgen	MORPH=empty
grant	grant	ADJqua	MORPH=empty
joie	joie	NOMcom	MORPH=empty
eüe	avoir	VERppe	MORPH=empty
d'	de	PRE	MORPH=empty
une	un	DETndf	MORPH=empty
chose	chose	NOMcom	MORPH=empty
que	que2	PROrel	MORPH=empty
j'	je	PROper	MORPH=empty
ai	avoir	VERcjg	MORPH=empty
veüe	vëoir	VERppe	MORPH=empty
.	.	PONfrt	MORPH=empty
Mere	mere	NOMcom	MORPH=empty
,	,	PONfbl	MORPH=empty
ne	ne1	ADVneg	MORPH=empty
soliez	soloir	VERcjg	MORPH=empty
vos	vos	PROper	MORPH=empty
dire	dire	VERinf	MORPH=empty
que	que4	CONsub	MORPH=empty
li	le	DETdef	MORPH=empty
enge	angele	NOMcom	MORPH=empty
Deu	Dieu	NOMpro	MORPH=empty
nostre	nostre	DETpos	MORPH=empty
sire	seignor	NOMcom	MORPH=empty
sont	estre1	VERcjg	MORPH=empty
si	si	ADVgen	MORPH=empty
tres	très	ADVgen	MORPH=empty
bel	bel1	ADJqua	MORPH=empty
c'	que4	CONsub	MORPH=empty
onques	onque	ADVgen	MORPH=empty
Nature	nature	NOMcom	MORPH=empty
ne	ne1	ADVneg	MORPH=empty
fist	faire	VERcjg	MORPH=empty
si	si	ADVgen	MORPH=empty
bele	bel1	ADJqua	MORPH=empty
criature	crïature	NOMcom	MORPH=empty
,	,	PONfbl	MORPH=empty
n'	ne2	CONcoo	MORPH=empty
el	en1+le	PRE.DETdef	MORPH=empty
monde	monde1	NOMcom	MORPH=empty
n'	ne1	ADVneg	MORPH=empty
a	avoir	VERcjg	MORPH=empty
si	si	ADVgen	MORPH=empty
bele	bel1	ADJqua	MORPH=empty
rien	rien	NOMcom	MORPH=empty
?	?	PONfrt	MORPH=empty
Biax	bel1	ADJqua	MORPH=empty
filz	fil2	NOMcom	MORPH=empty
,	,	PONfbl	MORPH=empty
ancor	encore	ADVgen	MORPH=empty
le	il	PROper	MORPH=empty
di	dire	VERcjg	MORPH=empty
ge	je	PROper	MORPH=empty
bien	bien1	ADVgen	MORPH=empty
.	.	PONfrt	MORPH=empty
Jel	je+il	PROper.PROper	MORPH=empty
dis	dire	VERcjg	MORPH=empty
por	por2	PRE	MORPH=empty
voir	voir	ADJqua	MORPH=empty
et	et	CONcoo	MORPH=empty
di	dire	VERcjg	MORPH=empty
ancores	encore	ADVgen	MORPH=empty
.	.	PONfrt	MORPH=empty
Teisiez	taire	VERcjg	MORPH=empty
,	,	PONfbl	MORPH=empty
mere	mere	NOMcom	MORPH=empty
!	!	PONfrt	MORPH=empty
Ne	ne1	ADVneg	MORPH=empty
vi	vëoir	VERcjg	MORPH=empty
ge	je	PROper	MORPH=empty
ores	or4	ADVgen	MORPH=empty
les	le	DETdef	MORPH=empty
plus	plus	ADVgen	MORPH=empty
beles	bel1	ADJqua	MORPH=empty
choses	chose	NOMcom	MORPH=empty
qui	qui	PROrel	MORPH=empty
sont	estre1	VERcjg	MORPH=empty
,	,	PONfbl	MORPH=empty
qui	qui	PROrel	MORPH=empty
par	par	PRE	MORPH=empty
la	le	DETdef	MORPH=empty
Gaste	gast1	ADJqua	MORPH=empty
Forest	forest	NOMcom	MORPH=empty
vont	aler	VERcjg	MORPH=empty
?	?	PONfrt	MORPH=empty
Il	il	PROper	MORPH=empty
sont	estre1	VERcjg	MORPH=empty
plus	plus	ADVgen	MORPH=empty
bel	bel1	ADJqua	MORPH=empty
,	,	PONfbl	MORPH=empty
si	si	ADVgen	MORPH=empty
con	come1	CONsub	MORPH=empty
ge	je	PROper	MORPH=empty
cuit	cuidier1	VERcjg	MORPH=empty
,	,	PONfbl	MORPH=empty
que	que1	CONsub	MORPH=empty
Dex	Dieu	NOMpro	MORPH=empty
ne	ne2	CONcoo	MORPH=empty
que	que4	CONsub	MORPH=empty
si	son4	DETpos	MORPH=empty
enge	angele	NOMcom	MORPH=empty
tuit	tot	PROind	MORPH=empty
.	.	PONfrt	MORPH=empty
"	"	PONpxx	MORPH=empty
La	le	DETdef	MORPH=empty
mere	mere	NOMcom	MORPH=empty
antre	entre	PRE	MORPH=empty
ses	son4	DETpos	MORPH=empty
braz	braz	NOMcom	MORPH=empty
le	il	PROper	MORPH=empty
prant	prendre	VERcjg	MORPH=empty
et	et	CONcoo	MORPH=empty
dit	dire	VERcjg	MORPH=empty
:	:	PONfbl	MORPH=empty
"	"	PONpxx	MORPH=empty
Biax	bel1	ADJqua	MORPH=empty
filz	fil2	NOMcom	MORPH=empty
,	,	PONfbl	MORPH=empty
a	a3	PRE	MORPH=empty
Deu	Dieu	NOMpro	MORPH=empty
te	tu	PROper	MORPH=empty
rant	rendre	VERcjg	MORPH=empty
,	,	PONfbl	MORPH=empty
que	que4	CONcoo	MORPH=empty
mout	mout	ADVgen	MORPH=empty
ai	avoir	VERcjg	MORPH=empty
grant	grant	ADJqua	MORPH=empty
peor	pëor	NOMcom	MORPH=empty
de	de	PRE	MORPH=empty
toi	tu	PROper	MORPH=empty
.	.	PONfrt	MORPH=empty
Tu	tu	PROper	MORPH=empty
as	avoir	VERcjg	MORPH=empty
veü	vëoir	VERppe	MORPH=empty
,	,	PONfbl	MORPH=empty
si	si	ADVgen	MORPH=empty
con	come1	CONsub	MORPH=empty
je	je	PROper	MORPH=empty
croi	croire	VERcjg	MORPH=empty
,	,	PONfbl	MORPH=empty
les	le	DETdef	MORPH=empty
enges	angele	NOMcom	MORPH=empty
don	dont	PROrel	MORPH=empty
la	le	DETdef	MORPH=empty
gent	gent1	NOMcom	MORPH=empty
se	soi1	PROper	MORPH=empty
plaignent	plaindre	VERcjg	MORPH=empty
,	,	PONfbl	MORPH=empty
qui	qui	PROrel	MORPH=empty
ocïent	ocire	VERcjg	MORPH=empty
quanqu'	cantque	PROrel	MORPH=empty
il	il	PROper	MORPH=empty
ataignent	ataindre	VERcjg	MORPH=empty
.	.	PONfrt	MORPH=empty
Voir	voir	ADVgen	MORPH=empty
non	non	ADVneg	MORPH=empty
ai	avoir	VERcjg	MORPH=empty
,	,	PONfbl	MORPH=empty
mere	mere	NOMcom	MORPH=empty
,	,	PONfbl	MORPH=empty
non	non	ADVneg	MORPH=empty
ai	avoir	VERcjg	MORPH=empty
,	,	PONfbl	MORPH=empty
non	non	ADVneg	MORPH=empty
!	!	PONfrt	MORPH=empty
Chevalier	chevalier	NOMcom	MORPH=empty
dïent	dire	VERcjg	MORPH=empty
qu'	que4	CONsub	MORPH=empty
il	il	PROper	MORPH=empty
ont	avoir	VERcjg	MORPH=empty
non	nom	NOMcom	MORPH=empty
.	.	PONfrt	MORPH=empty
"	"	PONpxx	MORPH=empty
La	le	DETdef	MORPH=empty
mere	mere	NOMcom	MORPH=empty
se	soi1	PROper	MORPH=empty
pasme	pasmer	VERcjg	MORPH=empty
a	a3	PRE	MORPH=empty
cest	cest	DETdem	MORPH=empty
mot	mot	NOMcom	MORPH=empty
,	,	PONfbl	MORPH=empty
qant	cant1	CONsub	MORPH=empty
chevalier	chevalier	NOMcom	MORPH=empty
nomer	nomer	VERinf	MORPH=empty
li	il	PROper	MORPH=empty
ot	öir	VERcjg	MORPH=empty
.	.	PONfrt	MORPH=empty
Et	et	CONcoo	MORPH=empty
quant	cant1	CONsub	MORPH=empty
ele	il	PROper	MORPH=empty
fu	estre1	VERcjg	MORPH=empty
redreciee	redrecier	VERppe	MORPH=empty
,	,	PONfbl	MORPH=empty
si	si	ADVgen	MORPH=empty
dist	dire	VERcjg	MORPH=empty
con	come1	CONsub	MORPH=empty
fame	feme	NOMcom	MORPH=empty
correciee	corrocier	VERppe	MORPH=empty
:	:	PONfbl	MORPH=empty
"	"	PONpxx	MORPH=empty
Ha	ha	INJ	MORPH=empty
!	!	PONfrt	MORPH=empty
lasse	las	ADJqua	MORPH=empty
,	,	PONfbl	MORPH=empty
con	come1	ADVint	MORPH=empty
sui	estre1	VERcjg	MORPH=empty
malbaillie	maubaillir	VERppe	MORPH=empty
!	!	PONfrt	MORPH=empty
Biax	bel1	ADJqua	MORPH=empty
dolz	douz	ADJqua	MORPH=empty
filz	fil2	NOMcom	MORPH=empty
,	,	PONfbl	MORPH=empty
de	de	PRE	MORPH=empty
chevalerie	chevalerie	NOMcom	MORPH=empty
vos	vos	PROper	MORPH=empty
cuidoie	cuidier1	VERcjg	MORPH=empty
si	si	ADVgen	MORPH=empty
bien	bien1	ADVgen	MORPH=empty
garder	garder	VERinf	MORPH=empty
que	que4	CONsub	MORPH=empty
ja	ja	ADVgen	MORPH=empty
n'	ne1	ADVneg	MORPH=empty
an	en2	PROadv	MORPH=empty
oïssiez	öir	VERcjg	MORPH=empty
parler	parler	VERinf	MORPH=empty
ne	ne2	CONcoo	MORPH=empty
que	que4	CONsub	MORPH=empty
ja	ja	ADVgen	MORPH=empty
nul	nul	PROind	MORPH=empty
n'	ne1	ADVneg	MORPH=empty
an	en2	PROadv	MORPH=empty
veïssiez	vëoir	VERcjg	MORPH=empty
!	!	PONfrt	MORPH=empty
Chevaliers	chevalier	NOMcom	MORPH=empty
estre	estre1	VERinf	MORPH=empty
deüssiez	devoir	VERcjg	MORPH=empty
,	,	PONfbl	MORPH=empty
biax	bel1	ADJqua	MORPH=empty
filz	fil2	NOMcom	MORPH=empty
,	,	PONfbl	MORPH=empty
se	se	CONsub	MORPH=empty
Damedeu	Damnedeu	NOMpro	MORPH=empty
pleüst	plaire	VERcjg	MORPH=empty
que	que4	CONsub	MORPH=empty
vostre	vostre	DETpos	MORPH=empty
pere	pere1	NOMcom	MORPH=empty
vos	vos	PROper	MORPH=empty
eüst	avoir	VERcjg	MORPH=empty
gardé	garder	VERppe	MORPH=empty
,	,	PONfbl	MORPH=empty
et	et	CONcoo	MORPH=empty
voz	vostre	DETpos	MORPH=empty
autres	autre	ADJind	MORPH=empty
amis	ami	NOMcom	MORPH=empty
.	.	PONfrt	MORPH=empty
N'	ne1	ADVneg	MORPH=empty
ot	avoir	VERcjg	MORPH=empty
chevalier	chevalier	NOMcom	MORPH=empty
de	de	PRE	MORPH=empty
vostre	vostre	DETpos	MORPH=empty
si	si	ADVgen	MORPH=empty
haut	haut	ADJqua	MORPH=empty
pris	pris1	NOMcom	MORPH=empty
,	,	PONfbl	MORPH=empty
tant	tant	ADVgen	MORPH=empty
redoté	redoter1	VERppe	MORPH=empty
ne	ne2	CONcoo	MORPH=empty
tant	tant	ADVgen	MORPH=empty
cremu	criembre	VERppe	MORPH=empty
,	,	PONfbl	MORPH=empty
biax	bel1	ADJqua	MORPH=empty
filz	fil2	NOMcom	MORPH=empty
,	,	PONfbl	MORPH=empty
con	come1	CONsub	MORPH=empty
vostre	vostre	DETpos	MORPH=empty
peres	pere1	NOMcom	MORPH=empty
fu	estre1	VERcjg	MORPH=empty
an	en1	PRE	MORPH=empty
totes	tot	DETind	MORPH=empty
les	le	DETdef	MORPH=empty
Isles	isle	NOMcom	MORPH=empty
de	de	PRE	MORPH=empty
mer	mer	NOMcom	MORPH=empty
.	.	PONfrt	MORPH=empty
De	de	PRE	MORPH=empty
ce	ce1	PROdem	MORPH=empty
vos	vos	PROper	MORPH=empty
poez	pöoir	VERcjg	MORPH=empty
bien	bien1	ADVgen	MORPH=empty
vanter	vanter	VERinf	MORPH=empty
que	que4	CONsub	MORPH=empty
vos	vos	PROper	MORPH=empty
ne	ne1	ADVneg	MORPH=empty
decheez	dechëoir	VERcjg	MORPH=empty
de	de	PRE	MORPH=empty
rien	rien	PROind	MORPH=empty
de	de	PRE	MORPH=empty
son	son4	DETpos	MORPH=empty
linage	lignage	NOMcom	MORPH=empty
ne	ne2	CONcoo	MORPH=empty
del	de+le	PRE.DETdef	MORPH=empty
mien	mien	PROpos	MORPH=empty
,	,	PONfbl	MORPH=empty
que	que4	CONcoo	MORPH=empty
je	je	PROper	MORPH=empty
fui	estre1	VERcjg	MORPH=empty
de	de	PRE	MORPH=empty
chevaliers	chevalier	NOMcom	MORPH=empty
nee	naistre	VERppe	MORPH=empty
,	,	PONfbl	MORPH=empty
des	de+le	PRE.DETdef	MORPH=empty
mellors	meillor	ADJqua	MORPH=empty
de	de	PRE	MORPH=empty
ceste	cest	DETdem	MORPH=empty
contree	contree	NOMcom	MORPH=empty
.	.	PONfrt	MORPH=empty
Es	en1+le	PRE.DETdef	MORPH=empty
Isles	isle	NOMcom	MORPH=empty
de	de	PRE	MORPH=empty
mer	mer	NOMcom	MORPH=empty
n'	ne1	ADVneg	MORPH=empty
ot	avoir	VERcjg	MORPH=empty
linage	lignage	NOMcom	MORPH=empty
meillor	meillor	ADJqua	MORPH=empty
del	de+le	PRE.DETdef	MORPH=empty
mien	mien	PROpos	MORPH=empty
an	en1	PRE	MORPH=empty
mon	mon1	DETpos	MORPH=empty
aage	ëage	NOMcom	MORPH=empty
;	;	PONfbl	MORPH=empty
mes	mais1	CONcoo	MORPH=empty
li	le	DETdef	MORPH=empty
mellor	meillor	ADJqua	MORPH=empty
sont	estre1	VERcjg	MORPH=empty
decheü	dechëoir	VERppe	MORPH=empty
,	,	PONfbl	MORPH=empty
s'	si	ADVgen	MORPH=empty
est	estre1	VERcjg	MORPH=empty
bien	bien1	ADVgen	MORPH=empty
an	en1	PRE	MORPH=empty
plusors	plusor	DETind	MORPH=empty
leus	lieu	NOMcom	MORPH=empty
seü	savoir	VERppe	MORPH=empty
que	que4	CONsub	MORPH=empty
les	le	DETdef	MORPH=empty
mescheances	meschëance	NOMcom	MORPH=empty
avienent	avenant	VERcjg	MORPH=empty
as	a3+le	PRE.DETdef	MORPH=empty
prodomes	pro	NOMcom	MORPH=empty
qui	qui	PROrel	MORPH=empty
se	soi1	PROper	MORPH=empty
maintienent	maintenir	VERcjg	MORPH=empty
a	a3	PRE	MORPH=empty
grant	grant	ADJqua	MORPH=empty
enor	onor	NOMcom	MORPH=empty
et	et	CONcoo	MORPH=empty
an	en1	PRE	MORPH=empty
proesce	pröece	NOMcom	MORPH=empty
.	.	PONfrt	MORPH=empty
Malvestiez	mauvaistié	NOMcom	MORPH=empty
,	,	PONfbl	MORPH=empty
honte	honte	NOMcom	MORPH=empty
ne	ne2	CONcoo	MORPH=empty
peresce	perece	NOMcom	MORPH=empty
ne	ne1	ADVneg	MORPH=empty
chiet	chëoir	VERcjg	MORPH=empty
pas	pas	ADVneg	MORPH=empty
,	,	PONfbl	MORPH=empty
car	car	CONcoo	MORPH=empty
ele	il	PROper	MORPH=empty
ne	ne1	ADVneg	MORPH=empty
puet	pöoir	VERcjg	MORPH=empty
,	,	PONfbl	MORPH=empty
mes	mais1	CONcoo	MORPH=empty
les	le	DETdef	MORPH=empty
bons	bon	ADJqua	MORPH=empty
decheoir	dechëoir	VERinf	MORPH=empty
estuet	estovoir1	VERcjg	MORPH=empty
.	.	PONfrt	MORPH=empty
Vostre	vostre	DETpos	MORPH=empty
peres	pere1	NOMcom	MORPH=empty
,	,	PONfbl	MORPH=empty
si	si	ADVgen	MORPH=empty
nel	ne1+il	ADVneg.PROper	MORPH=empty
savez	savoir	VERcjg	MORPH=empty
,	,	PONfbl	MORPH=empty
fu	estre1	VERcjg	MORPH=empty
parmi	parmi	PRE	MORPH=empty
les	le	DETdef	MORPH=empty
janbes	jambe	NOMcom	MORPH=empty
navrez	navrer	VERppe	MORPH=empty
si	si	ADVgen	MORPH=empty
que	que4	CONsub	MORPH=empty
il	il	PROper	MORPH=empty
mahaigna	mahaignier	VERcjg	MORPH=empty
del	de+le	PRE.DETdef	MORPH=empty
cors	cors1	NOMcom	MORPH=empty
.	.	PONfrt	MORPH=empty
Sa	son4	DETpos	MORPH=empty
granz	grant	ADJqua	MORPH=empty
terre	terre	NOMcom	MORPH=empty
,	,	PONfbl	MORPH=empty
ses	son4	DETpos	MORPH=empty
granz	grant	ADJqua	MORPH=empty
tresors	tresor	NOMcom	MORPH=empty
,	,	PONfbl	MORPH=empty
que	que2	PROrel	MORPH=empty
il	il	PROper	MORPH=empty
avoit	avoir	VERcjg	MORPH=empty
come	come1	CONsub	MORPH=empty
prodom	pro	NOMcom	MORPH=empty
,	,	PONfbl	MORPH=empty
ala	aler	VERcjg	MORPH=empty
tot	tot	ADVgen	MORPH=empty
a	a3	PRE	MORPH=empty
perdicion	perdicïon	NOMcom	MORPH=empty
,	,	PONfbl	MORPH=empty
si	si	ADVgen	MORPH=empty
cheï	chëoir	VERcjg	MORPH=empty
an	en1	PRE	MORPH=empty
grant	grant	ADJqua	MORPH=empty
povreté	povreté	NOMcom	MORPH=empty
.	.	PONfrt	MORPH=empty
Apovri	apovrir	VERppe	MORPH=empty
et	et	CONcoo	MORPH=empty
deserité	desireter	VERppe	MORPH=empty
et	et	CONcoo	MORPH=empty
essillié	essillier	VERppe	MORPH=empty
furent	estre1	VERcjg	MORPH=empty
a	a3	PRE	MORPH=empty
tort	tort2	NOMcom	MORPH=empty
li	le	DETdef	MORPH=empty
prodome	pro	NOMcom	MORPH=empty
aprés	après	PRE	MORPH=empty
la	le	DETdef	MORPH=empty
mort	mort	NOMcom	MORPH=empty
Utherpandragon	Uterpandragon	NOMpro	MORPH=empty
,	,	PONfbl	MORPH=empty
qui	qui	PROrel	MORPH=empty
rois	roi2	NOMcom	MORPH=empty
fu	estre1	VERcjg	MORPH=empty
et	et	CONcoo	MORPH=empty
peres	pere1	NOMcom	MORPH=empty
le	le	DETdef	MORPH=empty
bon	bon	ADJqua	MORPH=empty
roi	roi2	NOMcom	MORPH=empty
Artu	Artu	NOMpro	MORPH=empty
.	.	PONfrt	MORPH=empty
Les	le	DETdef	MORPH=empty
terres	terre	NOMcom	MORPH=empty
furent	estre1	VERcjg	MORPH=empty
essilliees	essillier	VERppe	MORPH=empty
et	et	CONcoo	MORPH=empty
les	le	DETdef	MORPH=empty
povres	povre	ADJqua	MORPH=empty
genz	gent1	NOMcom	MORPH=empty
avilliees	avillier	VERppe	MORPH=empty
;	;	PONfbl	MORPH=empty
si	si	ADVgen	MORPH=empty
s'	soi1	PROper	MORPH=empty
an	en2	PROadv	MORPH=empty
foï	fuir	VERcjg	MORPH=empty
qui	qui	PROrel	MORPH=empty
foïr	fuir	VERinf	MORPH=empty
pot	pöoir	VERcjg	MORPH=empty
.	.	PONfrt	MORPH=empty
Vostre	vostre	DETpos	MORPH=empty
peres	pere1	NOMcom	MORPH=empty
cest	cest	DETdem	MORPH=empty
manoir	manoir2	NOMcom	MORPH=empty
ot	avoir	VERcjg	MORPH=empty
ici	ici	ADVgen	MORPH=empty
an	en1	PRE	MORPH=empty
ceste	cest	DETdem	MORPH=empty
forest	forest	NOMcom	MORPH=empty
gaste	gast1	ADJqua	MORPH=empty
;	;	PONfbl	MORPH=empty
ne	ne1	ADVneg	MORPH=empty
pot	pöoir	VERcjg	MORPH=empty
foïr	fuir	VERinf	MORPH=empty
,	,	PONfbl	MORPH=empty
car	car	CONcoo	MORPH=empty
a	a3	PRE	MORPH=empty
grant	grant	ADJqua	MORPH=empty
haste	haste2	NOMcom	MORPH=empty
an	en1	PRE	MORPH=empty
litiere	litiere	NOMcom	MORPH=empty
aporter	aporter	VERinf	MORPH=empty
se	soi1	PROper	MORPH=empty
fist	faire	VERcjg	MORPH=empty
,	,	PONfbl	MORPH=empty
qu'	que4	CONcoo	MORPH=empty
aillors	aillors	ADVgen	MORPH=empty
ne	ne1	ADVneg	MORPH=empty
sot	savoir	VERcjg	MORPH=empty
ou	où	PROrel	MORPH=empty
il	il	PROper	MORPH=empty
foïst	fuir	VERcjg	MORPH=empty
.	.	PONfrt	MORPH=empty
Et	et	CONcoo	MORPH=empty
vos	vos	PROper	MORPH=empty
,	,	PONfbl	MORPH=empty
qui	qui	PROrel	MORPH=empty
petiz	petit	ADJqua	MORPH=empty
esteiez	estre1	VERcjg	MORPH=empty
,	,	PONfbl	MORPH=empty
.ii.	2	DETcar	MORPH=empty
mout	mout	ADVgen	MORPH=empty
biax	bel1	ADJqua	MORPH=empty
freres	frere	NOMcom	MORPH=empty
aveiez	avoir	VERcjg	MORPH=empty
.	.	PONfrt	MORPH=empty
Petiz	petit	ADJqua	MORPH=empty
esteiez	estre1	VERcjg	MORPH=empty
,	,	PONfbl	MORPH=empty
aleitanz	alaitier	VERppa	MORPH=empty
,	,	PONfbl	MORPH=empty
po	poi	ADVgen	MORPH=empty
aveiez	avoir	VERcjg	MORPH=empty
plus	plus	ADVgen	MORPH=empty
de	de	PRE	MORPH=empty
.ii.	2	DETcar	MORPH=empty
anz	an	NOMcom	MORPH=empty
.	.	PONfrt	MORPH=empty
Qant	cant1	CONsub	MORPH=empty
grant	grant	ADJqua	MORPH=empty
furent	estre1	VERcjg	MORPH=empty
vostre	vostre	DETpos	MORPH=empty
dui	deus	ADJcar	MORPH=empty
frere	frere	NOMcom	MORPH=empty
,	,	PONfbl	MORPH=empty
au	a3+le	PRE.DETdef	MORPH=empty
los	los1	NOMcom	MORPH=empty
et	et	CONcoo	MORPH=empty
au	a3+le	PRE.DETdef	MORPH=empty
consoil	conseil	NOMcom	MORPH=empty
lor	lor2	DETpos	MORPH=empty
pere	pere1	NOMcom	MORPH=empty
alerent	aler	VERcjg	MORPH=empty
a	a3	PRE	MORPH=empty
.ii.	2	DETcar	MORPH=empty
corz	cort1	NOMcom	MORPH=empty
reax	roial2	ADJqua	MORPH=empty
por	por2	PRE	MORPH=empty
avoir	avoir	VERinf	MORPH=empty
armes	arme	NOMcom	MORPH=empty
et	et	CONcoo	MORPH=empty
chevax	cheval	NOMcom	MORPH=empty
.	.	PONfrt	MORPH=empty
Au	a3+le	PRE.DETdef	MORPH=empty
roi	roi2	NOMcom	MORPH=empty
d'	de	PRE	MORPH=empty
Escavalon	Escavalon	NOMpro	MORPH=empty
ala	aler	VERcjg	MORPH=empty
li	le	DETdef	MORPH=empty
ainznez	ainzné	NOMcom	MORPH=empty
,	,	PONfbl	MORPH=empty
et	et	CONcoo	MORPH=empty
tant	tant	ADVgen	MORPH=empty
servi	servir	VERcjg	MORPH=empty
la	là	ADVgen	MORPH=empty
que	que4	CONsub	MORPH=empty
chevaliers	chevalier	NOMcom	MORPH=empty
fu	estre1	VERcjg	MORPH=empty
adobez	adober	VERppe	MORPH=empty
.	.	PONfrt	MORPH=empty
Et	et	CONcoo	MORPH=empty
li	le	DETdef	MORPH=empty
autres	autre	PROind	MORPH=empty
,	,	PONfbl	MORPH=empty
qui	qui	PROrel	MORPH=empty
puis	puis	ADVgen	MORPH=empty
fu	estre1	VERcjg	MORPH=empty
nez	naistre	VERppe	MORPH=empty
,	,	PONfbl	MORPH=empty
fu	estre1	VERcjg	MORPH=empty
au	a3+le	PRE.DETdef	MORPH=empty
roi	roi2	NOMcom	MORPH=empty
Ban	Ban	NOMpro	MORPH=empty
de	de	PRE	MORPH=empty
Goremet	Gomeret	NOMpro	MORPH=empty
.	.	PONfrt	MORPH=empty
An	en1	PRE	MORPH=empty
.i.	1	DETcar	MORPH=empty
jor	jor	NOMcom	MORPH=empty
andui	ambedos	DETcar	MORPH=empty
li	le	DETdef	MORPH=empty
vaslet	vaslet	NOMcom	MORPH=empty
adobé	adober	VERppe	MORPH=empty
et	et	CONcoo	MORPH=empty
chevalier	chevalier	NOMcom	MORPH=empty
furent	estre1	VERcjg	MORPH=empty
;	;	PONfbl	MORPH=empty
et	et	CONcoo	MORPH=empty
an	en1	PRE	MORPH=empty
.i.	1	DETcar	MORPH=empty
jor	jor	NOMcom	MORPH=empty
meïsmes	mëisme	ADJind	MORPH=empty
murent	movoir	VERcjg	MORPH=empty
por	por2	PRE	MORPH=empty
revenir	revenir	VERinf	MORPH=empty
a	a3	PRE	MORPH=empty
lor	lor2	DETpos	MORPH=empty
repeire	repaire	NOMcom	MORPH=empty
,	,	PONfbl	MORPH=empty
que	que4	CONcoo	MORPH=empty
joie	joie	NOMcom	MORPH=empty
me	je	PROper	MORPH=empty
voloient	voloir	VERcjg	MORPH=empty
feire	faire	VERinf	MORPH=empty
,	,	PONfbl	MORPH=empty
et	et	CONcoo	MORPH=empty
lor	lor2	DETpos	MORPH=empty
pere	pere1	NOMcom	MORPH=empty
,	,	PONfbl	MORPH=empty
qui	qui	PROrel	MORPH=empty
puis	puis	ADVgen	MORPH=empty
nes	ne1+il	ADVneg.PROper	MORPH=empty
vit	vëoir	VERcjg	MORPH=empty
,	,	PONfbl	MORPH=empty
qu'	que4	CONcoo	MORPH=empty
as	a3+le	PRE.DETdef	MORPH=empty
armes	arme	NOMcom	MORPH=empty
furent	estre1	VERcjg	MORPH=empty
desconfit	desconfire	VERppe	MORPH=empty
.	.	PONfrt	MORPH=empty
As	a3+le	PRE.DETdef	MORPH=empty
armes	arme	NOMcom	MORPH=empty
furent	estre1	VERcjg	MORPH=empty
mort	morir	VERppe	MORPH=empty
andui	ambedos	PROcar	MORPH=empty
,	,	PONfbl	MORPH=empty
don	dont	PROrel	MORPH=empty
j'	je	PROper	MORPH=empty
ai	avoir	VERcjg	MORPH=empty
grant	grant	ADJqua	MORPH=empty
duel	duel	NOMcom	MORPH=empty
et	et	CONcoo	MORPH=empty
grant	grant	ADJqua	MORPH=empty
enui	enui	NOMcom	MORPH=empty
.	.	PONfrt	MORPH=empty
De	de	PRE	MORPH=empty
l'	le	DETdef	MORPH=empty
ainzné	ainzné	NOMcom	MORPH=empty
avindrent	avenant	VERcjg	MORPH=empty
mervoilles	merveille	NOMcom	MORPH=empty
,	,	PONfbl	MORPH=empty
que	que4	CONsub	MORPH=empty
li	le	DETdef	MORPH=empty
corbel	corbel1	NOMcom	MORPH=empty
et	et	CONcoo	MORPH=empty
les	le	DETdef	MORPH=empty
cornoilles	corneille1	NOMcom	MORPH=empty
anbedeus	ambedos	DETcar	MORPH=empty
les	le	DETdef	MORPH=empty
ialz	ueil	NOMcom	MORPH=empty
li	il	PROper	MORPH=empty
creverent	crever	VERcjg	MORPH=empty
.	.	PONfrt	MORPH=empty
Ensi	ainsi	ADVgen	MORPH=empty
la	le	DETdef	MORPH=empty
gent	gent1	NOMcom	MORPH=empty
morz	morir	VERppe	MORPH=empty
les	il	PROper	MORPH=empty
troverent	trover	VERcjg	MORPH=empty
.	.	PONfrt	MORPH=empty
Del	de+le	PRE.DETdef	MORPH=empty
duel	duel	NOMcom	MORPH=empty
des	de+le	PRE.DETdef	MORPH=empty
filz	fil2	NOMcom	MORPH=empty
morut	morir	VERcjg	MORPH=empty
li	le	DETdef	MORPH=empty
pere	pere1	NOMcom	MORPH=empty
,	,	PONfbl	MORPH=empty
et	et	CONcoo	MORPH=empty
je	je	PROper	MORPH=empty
ai	avoir	VERcjg	MORPH=empty
vie	vie1	NOMcom	MORPH=empty
mout	mout	ADVgen	MORPH=empty
amere	amer2	ADJqua	MORPH=empty
sofferte	sofrir	VERppe	MORPH=empty
puis	puis	ADVgen	MORPH=empty
que	que4	CONsub	MORPH=empty
il	il	PROper	MORPH=empty
fu	estre1	VERcjg	MORPH=empty
morz	morir	VERppe	MORPH=empty
.	.	PONfrt	MORPH=empty
Vos	vos	PROper	MORPH=empty
esteiez	estre1	VERcjg	MORPH=empty
toz	tot	DETind	MORPH=empty
li	le	DETdef	MORPH=empty
conforz	confort	NOMcom	MORPH=empty
que	que2	PROrel	MORPH=empty
je	je	PROper	MORPH=empty
avoie	avoir	VERcjg	MORPH=empty
,	,	PONfbl	MORPH=empty
et	et	CONcoo	MORPH=empty
toz	tot	DETind	MORPH=empty
li	le	DETdef	MORPH=empty
biens	bien2	NOMcom	MORPH=empty
,	,	PONfbl	MORPH=empty
que	que4	CONcoo	MORPH=empty
il	il	PROimp	MORPH=empty
n'	ne1	ADVneg	MORPH=empty
i	i2	PROadv	MORPH=empty
avoit	avoir	VERcjg	MORPH=empty
plus	plus	ADVgen	MORPH=empty
des	de+le	PRE.DETdef	MORPH=empty
miens	mien	PROpos	MORPH=empty
.	.	PONfrt	MORPH=empty
Rien	rien	PROind	MORPH=empty
plus	plus	ADVgen	MORPH=empty
ne	ne1	ADVneg	MORPH=empty
m'	je	PROper	MORPH=empty
avoit	avoir	VERcjg	MORPH=empty
Dex	Dieu	NOMpro	MORPH=empty
lessiee	laissier	VERppe	MORPH=empty
dont	dont	PROrel	MORPH=empty
je	je	PROper	MORPH=empty
fusse	estre1	VERcjg	MORPH=empty
joianz	joiant	ADJqua	MORPH=empty
et	et	CONcoo	MORPH=empty
liee	lié1	ADJqua	MORPH=empty
.	.	PONfrt	MORPH=empty
"	"	PONpxx	MORPH=empty
Li	le	DETdef	MORPH=empty
vaslez	vaslet	NOMcom	MORPH=empty
antant	entendre	VERcjg	MORPH=empty
mout	mout	ADVgen	MORPH=empty
petit	petit	ADJqua	MORPH=empty
a	a3	PRE	MORPH=empty
ce	ce1	PROdem	MORPH=empty
que	que2	PROrel	MORPH=empty
sa	son4	DETpos	MORPH=empty
mere	mere	NOMcom	MORPH=empty
li	il	PROper	MORPH=empty
dit	dire	VERcjg	MORPH=empty
.	.	PONfrt	MORPH=empty
"	"	PONpxx	MORPH=empty
A	a3	PRE	MORPH=empty
mangier	mangier	VERinf	MORPH=empty
,	,	PONfbl	MORPH=empty
fet	faire	VERcjg	MORPH=empty
il	il	PROper	MORPH=empty
,	,	PONfbl	MORPH=empty
me	je	PROper	MORPH=empty
donez	doner	VERcjg	MORPH=empty
.	.	PONfrt	MORPH=empty
Ne	ne1	ADVneg	MORPH=empty
sai	savoir	VERcjg	MORPH=empty
de	de	PRE	MORPH=empty
coi	coi2	PROrel	MORPH=empty
m'	je	PROper	MORPH=empty
areisonez	araisnier	VERcjg	MORPH=empty
,	,	PONfbl	MORPH=empty
mes	mais1	CONcoo	MORPH=empty
mout	mout	ADVgen	MORPH=empty
iroie	aler	VERcjg	MORPH=empty
volantiers	volentiers	ADVgen	MORPH=empty
au	a3+le	PRE.DETdef	MORPH=empty
roi	roi2	NOMcom	MORPH=empty
qui	qui	PROrel	MORPH=empty
fet	faire	VERcjg	MORPH=empty
les	le	DETdef	MORPH=empty
chevaliers	chevalier	NOMcom	MORPH=empty
,	,	PONfbl	MORPH=empty
et	et	CONcoo	MORPH=empty
g'	je	PROper	MORPH=empty
i	i2	PROadv	MORPH=empty
irai	aler	VERcjg	MORPH=empty
,	,	PONfbl	MORPH=empty
cui	cui	PROrel	MORPH=empty
qu'	que2	PROrel	MORPH=empty
il	il	PROper	MORPH=empty
an	en2	PROadv	MORPH=empty
poist	peser	VERcjg	MORPH=empty
.	.	PONfrt	MORPH=empty
"	"	PONpxx	MORPH=empty
La	le	DETdef	MORPH=empty
mere	mere	NOMcom	MORPH=empty
,	,	PONfbl	MORPH=empty
tant	tant	ADVgen	MORPH=empty
con	come1	CONsub	MORPH=empty
il	il	PROimp	MORPH=empty
li	il	PROper	MORPH=empty
loist	loisir1	VERcjg	MORPH=empty
,	,	PONfbl	MORPH=empty
le	il	PROper	MORPH=empty
retient	retenir	VERcjg	MORPH=empty
et	et	CONcoo	MORPH=empty
si	si	ADVgen	MORPH=empty
le	il	PROper	MORPH=empty
sejorne	sejorner	VERcjg	MORPH=empty
;	;	PONfbl	MORPH=empty
si	si	ADVgen	MORPH=empty
li	il	PROper	MORPH=empty
aparoille	apareillier1	VERcjg	MORPH=empty
et	et	CONcoo	MORPH=empty
atorne	atorner	VERcjg	MORPH=empty
de	de	PRE	MORPH=empty
chenevaz	chanevaz	NOMcom	MORPH=empty
grosse	gros	ADJqua	MORPH=empty
chemise	chemise	NOMcom	MORPH=empty
et	et	CONcoo	MORPH=empty
braies	braie	NOMcom	MORPH=empty
feites	faire	VERppe	MORPH=empty
a	a3	PRE	MORPH=empty
la	le	DETdef	MORPH=empty
guise	guise	NOMcom	MORPH=empty
de	de	PRE	MORPH=empty
Gales	Gales	NOMpro	MORPH=empty
,	,	PONfbl	MORPH=empty
ou	où	PROrel	MORPH=empty
l'	le	DETdef	MORPH=empty
an	on	PROind	MORPH=empty
fet	faire	VERcjg	MORPH=empty
ansanble	ensemble	ADVgen	MORPH=empty
braies	braie	NOMcom	MORPH=empty
et	et	CONcoo	MORPH=empty
chauces	chauce	NOMcom	MORPH=empty
,	,	PONfbl	MORPH=empty
ce	ce1	PROdem	MORPH=empty
me	je	PROper	MORPH=empty
sanble	sembler	VERcjg	MORPH=empty
;	;	PONfbl	MORPH=empty
et	et	CONcoo	MORPH=empty
si	si	ADVgen	MORPH=empty
ot	avoir	VERcjg	MORPH=empty
cote	cote2	NOMcom	MORPH=empty
et	et	CONcoo	MORPH=empty
chaperon	chaperon	NOMcom	MORPH=empty
de	de	PRE	MORPH=empty
cuir	cuir	NOMcom	MORPH=empty
de	de	PRE	MORPH=empty
cerf	cerf	NOMcom	MORPH=empty
clos	clore	VERppe	MORPH=empty
anviron	environ	ADVgen	MORPH=empty
.	.	PONfrt	MORPH=empty
Ensi	ainsi	ADVgen	MORPH=empty
la	le	DETdef	MORPH=empty
mere	mere	NOMcom	MORPH=empty
l'	il	PROper	MORPH=empty
atorna	atorner	VERcjg	MORPH=empty
.	.	PONfrt	MORPH=empty
Trois	trois	DETcar	MORPH=empty
jorz	jor	NOMcom	MORPH=empty
,	,	PONfbl	MORPH=empty
einz	ainc	ADVgen	MORPH=empty
plus	plus	ADVgen	MORPH=empty
,	,	PONfbl	MORPH=empty
n'	ne1	ADVneg	MORPH=empty
i	i2	PROadv	MORPH=empty
demora	demorer	VERcjg	MORPH=empty
,	,	PONfbl	MORPH=empty
que	que4	CONcoo	MORPH=empty
plus	plus	ADVgen	MORPH=empty
n'	ne1	ADVneg	MORPH=empty
i	i2	PROadv	MORPH=empty
ot	avoir	VERcjg	MORPH=empty
mestier	mestier	NOMcom	MORPH=empty
losange	losenge2	NOMcom	MORPH=empty
.	.	PONfrt	MORPH=empty
Lors	lors	ADVgen	MORPH=empty
ot	avoir	VERcjg	MORPH=empty
la	le	DETdef	MORPH=empty
mere	mere	NOMcom	MORPH=empty
duel	duel	NOMcom	MORPH=empty
estrange	estrange	ADJqua	MORPH=empty
,	,	PONfbl	MORPH=empty
sel	si+il	ADVgen.PROper	MORPH=empty
beise	baisier	VERcjg	MORPH=empty
et	et	CONcoo	MORPH=empty
acole	acoler	VERcjg	MORPH=empty
an	en1	PRE	MORPH=empty
plorant	plorer	VERppa	MORPH=empty
et	et	CONcoo	MORPH=empty
dit	dire	VERcjg	MORPH=empty
:	:	PONfbl	MORPH=empty
"	"	PONpxx	MORPH=empty
Or	or4	ADVgen	MORPH=empty
ai	avoir	VERcjg	MORPH=empty
ge	je	PROper	MORPH=empty
duel	duel	NOMcom	MORPH=empty
mout	mout	ADVgen	MORPH=empty
grant	grant	ADJqua	MORPH=empty
,	,	PONfbl	MORPH=empty
biax	bel1	ADJqua	MORPH=empty
filz	fil2	NOMcom	MORPH=empty
,	,	PONfbl	MORPH=empty
quant	cant1	CONsub	MORPH=empty
aler	aler	VERinf	MORPH=empty
vos	vos	PROper	MORPH=empty
an	en2	PROadv	MORPH=empty
voi	vëoir	VERcjg	MORPH=empty
.	.	PONfrt	MORPH=empty
Vos	vos	PROper	MORPH=empty
irez	aler	VERcjg	MORPH=empty
a	a3	PRE	MORPH=empty
la	le	DETdef	MORPH=empty
cort	cort1	NOMcom	MORPH=empty
le	le	DETdef	MORPH=empty
roi	roi2	NOMcom	MORPH=empty
,	,	PONfbl	MORPH=empty
si	si	ADVgen	MORPH=empty
li	il	PROper	MORPH=empty
direz	dire	VERcjg	MORPH=empty
qu'	que4	CONsub	MORPH=empty
armes	arme	NOMcom	MORPH=empty
vos	vos	PROper	MORPH=empty
doint	doner	VERcjg	MORPH=empty
.	.	PONfrt	MORPH=empty
De	de	PRE	MORPH=empty
contredit	contredit	NOMcom	MORPH=empty
n'	ne1	ADVneg	MORPH=empty
i	i2	PROadv	MORPH=empty
avra	avoir	VERcjg	MORPH=empty
point	point	ADVneg	MORPH=empty
,	,	PONfbl	MORPH=empty
qu'	que4	CONcoo	MORPH=empty
il	il	PROper	MORPH=empty
les	il	PROper	MORPH=empty
vos	vos	PROper	MORPH=empty
donra	doner	VERcjg	MORPH=empty
,	,	PONfbl	MORPH=empty
bien	bien1	ADVgen	MORPH=empty
le	il	PROper	MORPH=empty
sai	savoir	VERcjg	MORPH=empty
.	.	PONfrt	MORPH=empty
Mes	mais1	CONcoo	MORPH=empty
quant	cant1	CONsub	MORPH=empty
il	il	PROper	MORPH=empty
vandra	venir	VERcjg	MORPH=empty
a	a3	PRE	MORPH=empty
l'	le	DETdef	MORPH=empty
essai	essai	NOMcom	MORPH=empty
d'	de	PRE	MORPH=empty
armes	arme	NOMcom	MORPH=empty
porter	porter	VERinf	MORPH=empty
,	,	PONfbl	MORPH=empty
comant	coment1	ADVint	MORPH=empty
iert	estre1	VERcjg	MORPH=empty
donques	donc	ADVgen	MORPH=empty
?	?	PONfrt	MORPH=empty
Ce	ce1	PROdem	MORPH=empty
que	que2	PROrel	MORPH=empty
vos	vos	PROper	MORPH=empty
ne	ne1	ADVneg	MORPH=empty
feïstes	faire	VERcjg	MORPH=empty
onques	onque	ADVgen	MORPH=empty
ne	ne2	CONcoo	MORPH=empty
autrui	autrui	PROind	MORPH=empty
nel	ne1+il	ADVneg.PROper	MORPH=empty
veïstes	vëoir	VERcjg	MORPH=empty
faire	faire	VERinf	MORPH=empty
,	,	PONfbl	MORPH=empty
comant	coment1	ADVint	MORPH=empty
an	en2	PROadv	MORPH=empty
savroiz	savoir	VERcjg	MORPH=empty
a	a3	PRE	MORPH=empty
chief	chief1	NOMcom	MORPH=empty
traire	traire	VERinf	MORPH=empty
?	?	PONfrt	MORPH=empty
Malveisemant	mauvaisement	ADVgen	MORPH=empty
,	,	PONfbl	MORPH=empty
voire	voir	ADVgen	MORPH=empty
,	,	PONfbl	MORPH=empty
ce	ce1	PROdem	MORPH=empty
dot	doter2	VERcjg	MORPH=empty
.	.	PONfrt	MORPH=empty
Mal	mal1	ADJqua	MORPH=empty
seroiz	estre1	VERcjg	MORPH=empty
afeitiez	afaitier	VERppe	MORPH=empty
del	de+le	PRE.DETdef	MORPH=empty
tot	tot	PROind	MORPH=empty
,	,	PONfbl	MORPH=empty
ne	ne2	CONcoo	MORPH=empty
n'	ne1	ADVneg	MORPH=empty
est	estre1	VERcjg	MORPH=empty
mervoille	merveille	NOMcom	MORPH=empty
,	,	PONfbl	MORPH=empty
ce	ce1	PROdem	MORPH=empty
m'	je	PROper	MORPH=empty
est	estre1	VERcjg	MORPH=empty
vis	vis2	NOMcom	MORPH=empty
,	,	PONfbl	MORPH=empty
s'	se	CONsub	MORPH=empty
an	on	PROind	MORPH=empty
ne	ne1	ADVneg	MORPH=empty
set	savoir	VERcjg	MORPH=empty
ce	ce1	PROdem	MORPH=empty
qu'	que2	PROrel	MORPH=empty
an	on	PROind	MORPH=empty
n'	ne1	ADVneg	MORPH=empty
a	avoir	VERcjg	MORPH=empty
apris	aprendre	VERppe	MORPH=empty
.	.	PONfrt	MORPH=empty
Mes	mais1	CONcoo	MORPH=empty
mervoille	merveille	NOMcom	MORPH=empty
est	estre1	VERcjg	MORPH=empty
quant	cant1	CONsub	MORPH=empty
an	on	PROind	MORPH=empty
n'	ne1	ADVneg	MORPH=empty
aprant	aprendre	VERcjg	MORPH=empty
ce	ce1	PROdem	MORPH=empty
que	que2	PROrel	MORPH=empty
l'	le	DETdef	MORPH=empty
an	on	PROind	MORPH=empty
voit	vëoir	VERcjg	MORPH=empty
et	et	CONcoo	MORPH=empty
ot	öir	VERcjg	MORPH=empty
sovant	sovent	ADVgen	MORPH=empty
.	.	PONfrt	MORPH=empty
Biaus	bel1	ADJqua	MORPH=empty
filz	fil2	NOMcom	MORPH=empty
,	,	PONfbl	MORPH=empty
.i.	un	DETndf	MORPH=empty
san	sen2	NOMcom	MORPH=empty
vos	vos	PROper	MORPH=empty
vuel	voloir	VERcjg	MORPH=empty
aprandre	aprendre	VERinf	MORPH=empty
ou	où	PROrel	MORPH=empty
il	il	PROper	MORPH=empty
vos	vos	PROper	MORPH=empty
fet	faire	VERcjg	MORPH=empty
mout	mout	ADVgen	MORPH=empty
bon	bon	ADJqua	MORPH=empty
antandre	entendre	VERinf	MORPH=empty
;	;	PONfbl	MORPH=empty
et	et	CONcoo	MORPH=empty
s'	se	CONsub	MORPH=empty
il	il	PROimp	MORPH=empty
vos	vos	PROper	MORPH=empty
plest	plaire	VERcjg	MORPH=empty
a	a3	PRE	MORPH=empty
retenir	retenir	VERinf	MORPH=empty
,	,	PONfbl	MORPH=empty
granz	grant	ADJqua	MORPH=empty
biens	bien2	NOMcom	MORPH=empty
vos	vos	PROper	MORPH=empty
an	en2	PROadv	MORPH=empty
porra	pöoir	VERcjg	MORPH=empty
venir	venir	VERinf	MORPH=empty
.	.	PONfrt	MORPH=empty
Chevaliers	chevalier	NOMcom	MORPH=empty
seroiz	estre1	VERcjg	MORPH=empty
jusqu'	jusque	PRE	MORPH=empty
a	a3	PRE	MORPH=empty
po	poi	ADVgen	MORPH=empty
,	,	PONfbl	MORPH=empty
filz	fil2	NOMcom	MORPH=empty
,	,	PONfbl	MORPH=empty
se	se	CONsub	MORPH=empty
Deu	Dieu	NOMpro	MORPH=empty
plest	plaire	VERcjg	MORPH=empty
,	,	PONfbl	MORPH=empty
et	et	CONcoo	MORPH=empty
je	je	PROper	MORPH=empty
le	il	PROper	MORPH=empty
lo	löer1	VERcjg	MORPH=empty
.	.	PONfrt	MORPH=empty
Se	se	CONsub	MORPH=empty
vos	vos	PROper	MORPH=empty
trovez	trover	VERcjg	MORPH=empty
ne	ne2	CONcoo	MORPH=empty
pres	près	ADVgen	MORPH=empty
ne	ne2	CONcoo	MORPH=empty
loing	loing	ADVgen	MORPH=empty
dame	dame	NOMcom	MORPH=empty
qui	qui	PROrel	MORPH=empty
d'	de	PRE	MORPH=empty
aïe	äie	NOMcom	MORPH=empty
ait	avoir	VERcjg	MORPH=empty
besoing	besoing	NOMcom	MORPH=empty
,	,	PONfbl	MORPH=empty
ne	ne2	CONcoo	MORPH=empty
pucele	pucele	NOMcom	MORPH=empty
desconselliee	desconseillier	VERppe	MORPH=empty
,	,	PONfbl	MORPH=empty
la	le	DETdef	MORPH=empty
vostre	vostre	ADJpos	MORPH=empty
aïe	äie	NOMcom	MORPH=empty
aparelliee	apareillier1	VERppe	MORPH=empty
lor	il	PROper	MORPH=empty
soit	estre1	VERcjg	MORPH=empty
,	,	PONfbl	MORPH=empty
s'	se	CONsub	MORPH=empty
eles	il	PROper	MORPH=empty
vos	vos	PROper	MORPH=empty
an	en2	PROadv	MORPH=empty
requierent	requerre	VERcjg	MORPH=empty
,	,	PONfbl	MORPH=empty
que	que4	CONcoo	MORPH=empty
totes	tot	DETind	MORPH=empty
enors	onor	NOMcom	MORPH=empty
i	i2	PROadv	MORPH=empty
afierent	aferir	VERcjg	MORPH=empty
.	.	PONfrt	MORPH=empty
Qui	qui	PROrel	MORPH=empty
as	a3+le	PRE.DETdef	MORPH=empty
dames	dame	NOMcom	MORPH=empty
enor	onor	NOMcom	MORPH=empty
ne	ne1	ADVneg	MORPH=empty
porte	porter	VERcjg	MORPH=empty
,	,	PONfbl	MORPH=empty
la	le	DETdef	MORPH=empty
soe	suen	ADJpos	MORPH=empty
enors	onor	NOMcom	MORPH=empty
doit	devoir	VERcjg	MORPH=empty
estre	estre1	VERinf	MORPH=empty
morte	morir	VERppe	MORPH=empty
.	.	PONfrt	MORPH=empty
Dames	dame	NOMcom	MORPH=empty
et	et	CONcoo	MORPH=empty
puceles	pucele	NOMcom	MORPH=empty
servez	servir	VERcjg	MORPH=empty
,	,	PONfbl	MORPH=empty
si	si	ADVgen	MORPH=empty
seroiz	estre1	VERcjg	MORPH=empty
par	par	PRE	MORPH=empty
tot	tot	ADVgen	MORPH=empty
enorez	onorer	VERppe	MORPH=empty
;	;	PONfbl	MORPH=empty
et	et	CONcoo	MORPH=empty
se	se	CONsub	MORPH=empty
vos	vos	PROper	MORPH=empty
aucune	aucun	PROind	MORPH=empty
an	en2	PROadv	MORPH=empty
proiez	priier	VERcjg	MORPH=empty
,	,	PONfbl	MORPH=empty
gardez	garder	VERcjg	MORPH=empty
que	que4	CONsub	MORPH=empty
vos	vos	PROper	MORPH=empty
ne	ne1	ADVneg	MORPH=empty
l'	il	PROper	MORPH=empty
enuiez	enoiier	VERcjg	MORPH=empty
;	;	PONfbl	MORPH=empty
ne	ne1	ADVneg	MORPH=empty
fetes	faire	VERcjg	MORPH=empty
rien	rien	PROind	MORPH=empty
qui	qui	PROrel	MORPH=empty
li	il	PROper	MORPH=empty
despleise	desplaire	VERcjg	MORPH=empty
.	.	PONfrt	MORPH=empty
De	de	PRE	MORPH=empty
pucele	pucele	NOMcom	MORPH=empty
a	avoir	VERcjg	MORPH=empty
mout	mout	ADVgen	MORPH=empty
qui	qui	PROrel	MORPH=empty
la	il	PROper	MORPH=empty
beise	baisier	VERcjg	MORPH=empty
;	;	PONfbl	MORPH=empty
s'	se	CONsub	MORPH=empty
ele	il	PROper	MORPH=empty
le	le	DETdef	MORPH=empty
beisier	baisier	VERinf	MORPH=empty
vos	vos	PROper	MORPH=empty
consant	consentir	VERcjg	MORPH=empty
,	,	PONfbl	MORPH=empty
le	le	DETdef	MORPH=empty
soreplus	sorplus	NOMcom	MORPH=empty
vos	vos	PROper	MORPH=empty
an	en2	PROadv	MORPH=empty
desfant	defendre	VERcjg	MORPH=empty
,	,	PONfbl	MORPH=empty
se	se	CONsub	MORPH=empty
lessier	laissier	VERinf	MORPH=empty
le	il	PROper	MORPH=empty
volez	voloir	VERcjg	MORPH=empty
por	por2	PRE	MORPH=empty
moi	je	PROper	MORPH=empty
.	.	PONfrt	MORPH=empty
Et	et	CONcoo	MORPH=empty
s'	se	CONsub	MORPH=empty
ele	il	PROper	MORPH=empty
a	avoir	VERcjg	MORPH=empty
enel	anel1	NOMcom	MORPH=empty
an	en1	PRE	MORPH=empty
son	son4	DETpos	MORPH=empty
doi	doi	NOMcom	MORPH=empty
,	,	PONfbl	MORPH=empty
ou	o3	CONcoo	MORPH=empty
s'	se	CONsub	MORPH=empty
a	avoir	VERcjg	MORPH=empty
ceinture	ceinture	NOMcom	MORPH=empty
ou	o3	CONcoo	MORPH=empty
aumosniere	aumosniere	NOMcom	MORPH=empty
,	,	PONfbl	MORPH=empty
se	se	CONsub	MORPH=empty
par	par	PRE	MORPH=empty
amor	amor	NOMcom	MORPH=empty
ou	o3	CONcoo	MORPH=empty
par	par	PRE	MORPH=empty
proiere	priiere	NOMcom	MORPH=empty
le	il	PROper	MORPH=empty
vos	vos	PROper	MORPH=empty
done	doner	VERcjg	MORPH=empty
,	,	PONfbl	MORPH=empty
bon	bon	ADJqua	MORPH=empty
m'	je	PROper	MORPH=empty
iert	estre1	VERcjg	MORPH=empty
et	et	CONcoo	MORPH=empty
bel	bel1	ADJqua	MORPH=empty
que	que4	CONsub	MORPH=empty
vos	vos	PROper	MORPH=empty
an	en2	PROadv	MORPH=empty
portoiz	porter	VERcjg	MORPH=empty
son	son4	DETpos	MORPH=empty
anel	anel1	NOMcom	MORPH=empty
.	.	PONfrt	MORPH=empty
De	de	PRE	MORPH=empty
l'	le	DETdef	MORPH=empty
anel	anel1	NOMcom	MORPH=empty
prandre	prendre	VERinf	MORPH=empty
vos	vos	PROper	MORPH=empty
doin	doner	VERcjg	MORPH=empty
gié	je	PROper	MORPH=empty
,	,	PONfbl	MORPH=empty
et	et	CONcoo	MORPH=empty
de	de	PRE	MORPH=empty
l'	le	DETdef	MORPH=empty
aumosniere	aumosniere	NOMcom	MORPH=empty
,	,	PONfbl	MORPH=empty
congié	congié	NOMcom	MORPH=empty
.	.	PONfrt	MORPH=empty
Biax	bel1	ADJqua	MORPH=empty
filz	fil2	NOMcom	MORPH=empty
,	,	PONfbl	MORPH=empty
ancor	encore	ADVgen	MORPH=empty
vos	vos	PROper	MORPH=empty
vuel	voloir	VERcjg	MORPH=empty
dire	dire	VERinf	MORPH=empty
el	el1	PROind	MORPH=empty
:	:	PONfbl	MORPH=empty
ja	ja	ADVgen	MORPH=empty
an	en1	PRE	MORPH=empty
chemin	chemin	NOMcom	MORPH=empty
ne	ne2	CONcoo	MORPH=empty
an	en1	PRE	MORPH=empty
ostel	ostel	NOMcom	MORPH=empty
n'	ne1	ADVneg	MORPH=empty
aiez	avoir	VERcjg	MORPH=empty
longuemant	longement2	ADVgen	MORPH=empty
conpaignon	compagnon	NOMcom	MORPH=empty
que	que4	CONsub	MORPH=empty
vos	vos	PROper	MORPH=empty
ne	ne1	ADVneg	MORPH=empty
demandiez	demander	VERcjg	MORPH=empty
son	son4	DETpos	MORPH=empty
non	nom	NOMcom	MORPH=empty
;	;	PONfbl	MORPH=empty
le	le	DETdef	MORPH=empty
non	nom	NOMcom	MORPH=empty
sachiez	savoir	VERcjg	MORPH=empty
a	a3	PRE	MORPH=empty
la	le	DETdef	MORPH=empty
parsome	parsome	NOMcom	MORPH=empty
,	,	PONfbl	MORPH=empty
car	car	CONcoo	MORPH=empty
par	par	PRE	MORPH=empty
le	le	DETdef	MORPH=empty
non	nom	NOMcom	MORPH=empty
conuist	conoistre	VERcjg	MORPH=empty
an	on	PROind	MORPH=empty
l'	le	DETdef	MORPH=empty
ome	ome	NOMcom	MORPH=empty
.	.	PONfrt	MORPH=empty
Biax	bel1	ADJqua	MORPH=empty
filz	fil2	NOMcom	MORPH=empty
,	,	PONfbl	MORPH=empty
as	a3+le	PRE.DETdef	MORPH=empty
prodomes	pro	NOMcom	MORPH=empty
parlez	parler	VERcjg	MORPH=empty
,	,	PONfbl	MORPH=empty
avoec	avuec	PRE	MORPH=empty
les	le	DETdef	MORPH=empty
prodomes	pro	NOMcom	MORPH=empty
alez	aler	VERppe	MORPH=empty
;	;	PONfbl	MORPH=empty
prodome	pro	NOMcom	MORPH=empty
ne	ne1	ADVneg	MORPH=empty
forvoient	forvoiier	VERcjg	MORPH=empty
mie	mie	ADVneg	MORPH=empty
ces	ce2	PROdem	MORPH=empty
qui	qui	PROrel	MORPH=empty
tienent	tenir1	VERcjg	MORPH=empty
lor	lor2	DETpos	MORPH=empty
conpaignie	compagnie	NOMcom	MORPH=empty
.	.	PONfrt	MORPH=empty
Sor	sor2	PRE	MORPH=empty
tote	tot	DETind	MORPH=empty
rien	rien	NOMcom	MORPH=empty
vos	vos	PROper	MORPH=empty
vuel	voloir	VERcjg	MORPH=empty
proier	priier	VERinf	MORPH=empty
que	que4	CONsub	MORPH=empty
an	en1	PRE	MORPH=empty
yglise	eglise	NOMcom	MORPH=empty
et	et	CONcoo	MORPH=empty
an	en1	PRE	MORPH=empty
mostier	mostier	NOMcom	MORPH=empty
alez	aler	VERcjg	MORPH=empty
proier	priier	VERinf	MORPH=empty
Nostre	nostre	DETpos	MORPH=empty
Seignor	seignor	NOMcom	MORPH=empty
que	que4	CONsub	MORPH=empty
il	il	PROper	MORPH=empty
vos	vos	PROper	MORPH=empty
doint	doner	VERcjg	MORPH=empty
joie	joie	NOMcom	MORPH=empty
et	et	CONcoo	MORPH=empty
enor	onor	NOMcom	MORPH=empty
,	,	PONfbl	MORPH=empty
et	et	CONcoo	MORPH=empty
si	si	ADVgen	MORPH=empty
vos	vos	PROper	MORPH=empty
i	i2	PROadv	MORPH=empty
doint	doner	VERcjg	MORPH=empty
contenir	contenir	VERinf	MORPH=empty
qu'	que4	CONsub	MORPH=empty
a	a3	PRE	MORPH=empty
bone	bon	ADJqua	MORPH=empty
fin	fin1	NOMcom	MORPH=empty
puissiez	pöoir	VERcjg	MORPH=empty
venir	venir	VERinf	MORPH=empty
.	.	PONfrt	MORPH=empty
Mere	mere	NOMcom	MORPH=empty
,	,	PONfbl	MORPH=empty
fet	faire	VERcjg	MORPH=empty
il	il	PROper	MORPH=empty
,	,	PONfbl	MORPH=empty
que	que3	PROint	MORPH=empty
est	estre1	VERcjg	MORPH=empty
iglise	eglise	NOMcom	MORPH=empty
?	?	PONfrt	MORPH=empty
Uns	un	DETndf	MORPH=empty
leus	lieu	NOMcom	MORPH=empty
ou	où	PROrel	MORPH=empty
an	on	PROind	MORPH=empty
fet	faire	VERcjg	MORPH=empty
le	le	DETdef	MORPH=empty
servise	servise	NOMcom	MORPH=empty
celui	cel	PROdem	MORPH=empty
qui	qui	PROrel	MORPH=empty
ciel	ciel	NOMcom	MORPH=empty
et	et	CONcoo	MORPH=empty
terre	terre	NOMcom	MORPH=empty
fist	faire	VERcjg	MORPH=empty
et	et	CONcoo	MORPH=empty
homes	ome	NOMcom	MORPH=empty
et	et	CONcoo	MORPH=empty
bestes	beste	NOMcom	MORPH=empty
i	i2	PROadv	MORPH=empty
mist	metre2	VERcjg	MORPH=empty
.	.	PONfrt	MORPH=empty
Et	et	CONcoo	MORPH=empty
mostiers	mostier	NOMcom	MORPH=empty
,	,	PONfbl	MORPH=empty
qu'	que3	PROint	MORPH=empty
est	estre1	VERcjg	MORPH=empty
?	?	PONfrt	MORPH=empty
Ice	ice1	PROdem	MORPH=empty
meïsme	mëisme	ADJind	MORPH=empty
:	:	PONfbl	MORPH=empty
une	un	DETndf	MORPH=empty
meison	maison	NOMcom	MORPH=empty
bele	bel1	ADJqua	MORPH=empty
et	et	CONcoo	MORPH=empty
saintisme	saintisme	ADJqua	MORPH=empty
,	,	PONfbl	MORPH=empty
plain	plein	ADJqua	MORPH=empty
de	de	PRE	MORPH=empty
cors	cors1	NOMcom	MORPH=empty
sainz	saint	ADJqua	MORPH=empty
et	et	CONcoo	MORPH=empty
de	de	PRE	MORPH=empty
tresors	tresor	NOMcom	MORPH=empty
.	.	PONfrt	MORPH=empty
S'	si	ADVgen	MORPH=empty
i	i2	PROadv	MORPH=empty
sacrefie	sacrefiier	VERcjg	MORPH=empty
l'	le	DETdef	MORPH=empty
an	on	PROind	MORPH=empty
le	le	DETdef	MORPH=empty
cors	cors1	NOMcom	MORPH=empty
Jesu	Jhesu	NOMpro	MORPH=empty
Crist	Crist	NOMpro	MORPH=empty
,	,	PONfbl	MORPH=empty
la	le	DETdef	MORPH=empty
prophete	profete	NOMcom	MORPH=empty
sainte	saint	ADJqua	MORPH=empty
,	,	PONfbl	MORPH=empty
que	que4	CONcoo	MORPH=empty
Giu	Jüif	NOMpro	MORPH=empty
firent	faire	VERcjg	MORPH=empty
honte	honte	NOMcom	MORPH=empty
mainte	maint	ADJind	MORPH=empty
.	.	PONfrt	MORPH=empty
Traïz	träir	VERppe	MORPH=empty
fu	estre1	VERcjg	MORPH=empty
et	et	CONcoo	MORPH=empty
jugiez	jugier	VERppe	MORPH=empty
a	a3	PRE	MORPH=empty
tort	tort2	NOMcom	MORPH=empty
,	,	PONfbl	MORPH=empty
si	si	ADVgen	MORPH=empty
sofri	sofrir	VERcjg	MORPH=empty
angoisse	angoisse	NOMcom	MORPH=empty
de	de	PRE	MORPH=empty
mort	mort	NOMcom	MORPH=empty
por	por2	PRE	MORPH=empty
les	le	DETdef	MORPH=empty
homes	ome	NOMcom	MORPH=empty
et	et	CONcoo	MORPH=empty
por	por2	PRE	MORPH=empty
les	le	DETdef	MORPH=empty
fames	feme	NOMcom	MORPH=empty
,	,	PONfbl	MORPH=empty
qu'	que4	CONcoo	MORPH=empty
an	en1	PRE	MORPH=empty
anfer	enfer	NOMcom	MORPH=empty
aloient	aler	VERcjg	MORPH=empty
les	le	DETdef	MORPH=empty
ames	ame	NOMcom	MORPH=empty
qant	cant1	CONsub	MORPH=empty
eles	il	PROper	MORPH=empty
partoient	partir	VERcjg	MORPH=empty
des	de+le	PRE.DETdef	MORPH=empty
cors	cors1	NOMcom	MORPH=empty
,	,	PONfbl	MORPH=empty
et	et	CONcoo	MORPH=empty
il	il	PROper	MORPH=empty
les	il	PROper	MORPH=empty
an	en2	PROadv	MORPH=empty
gita	jeter	VERcjg	MORPH=empty
puis	puis	ADVgen	MORPH=empty
fors	fors1	ADVgen	MORPH=empty
.	.	PONfrt	MORPH=empty
Cil	cel	PROdem	MORPH=empty
fu	estre1	VERcjg	MORPH=empty
a	a3	PRE	MORPH=empty
l'	le	DETdef	MORPH=empty
estaiche	estache	NOMcom	MORPH=empty
liez	liier3	VERppe	MORPH=empty
,	,	PONfbl	MORPH=empty
batuz	batre	VERppe	MORPH=empty
et	et	CONcoo	MORPH=empty
puis	puis	ADVgen	MORPH=empty
crocefiez	crucefiier	VERppe	MORPH=empty
,	,	PONfbl	MORPH=empty
et	et	CONcoo	MORPH=empty
porta	porter	VERcjg	MORPH=empty
corone	corone	NOMcom	MORPH=empty
d'	de	PRE	MORPH=empty
espines	espine	NOMcom	MORPH=empty
.	.	PONfrt	MORPH=empty
Por	por2	PRE	MORPH=empty
oïr	öir	VERinf	MORPH=empty
messes	messe	NOMcom	MORPH=empty
et	et	CONcoo	MORPH=empty
matines	matines	NOMcom	MORPH=empty
et	et	CONcoo	MORPH=empty
por	por2	PRE	MORPH=empty
cel	cel	DETdem	MORPH=empty
seignor	seignor	NOMcom	MORPH=empty
aorer	aorer2	VERinf	MORPH=empty
vos	vos	PROper	MORPH=empty
lo	löer1	VERcjg	MORPH=empty
gié	je	PROper	MORPH=empty
au	a3+le	PRE.DETdef	MORPH=empty
mostier	mostier	NOMcom	MORPH=empty
aler	aler	VERinf	MORPH=empty
.	.	PONfrt	MORPH=empty
Donc	donc	ADVgen	MORPH=empty
irai	aler	VERcjg	MORPH=empty
ge	je	PROper	MORPH=empty
mout	mout	ADVgen	MORPH=empty
volantiers	volentiers	ADVgen	MORPH=empty
es	en1+le	PRE.DETdef	MORPH=empty
iglises	eglise	NOMcom	MORPH=empty
et	et	CONcoo	MORPH=empty
es	en1+le	PRE.DETdef	MORPH=empty
mostiers	mostier	NOMcom	MORPH=empty
,	,	PONfbl	MORPH=empty
fet	faire	VERcjg	MORPH=empty
li	le	DETdef	MORPH=empty
vaslez	vaslet	NOMcom	MORPH=empty
,	,	PONfbl	MORPH=empty
d'	de	PRE	MORPH=empty
or	or4	ADVgen	MORPH=empty
en	en1	PRE	MORPH=empty
avant	avant	ADVgen	MORPH=empty
.	.	PONfrt	MORPH=empty
Ensi	ainsi	ADVgen	MORPH=empty
le	il	PROper	MORPH=empty
vos	vos	PROper	MORPH=empty
met	metre2	VERcjg	MORPH=empty
an	en1	PRE	MORPH=empty
covant	covent1	NOMcom	MORPH=empty
.	.	PONfrt	MORPH=empty
"	"	PONpxx	MORPH=empty
Atant	atant	ADVgen	MORPH=empty
n'	ne1	ADVneg	MORPH=empty
i	i2	PROadv	MORPH=empty
ot	avoir	VERcjg	MORPH=empty
plus	plus	ADVgen	MORPH=empty
de	de	PRE	MORPH=empty
demore	demore	NOMcom	MORPH=empty
;	;	PONfbl	MORPH=empty
congié	congié	NOMcom	MORPH=empty
prant	prendre	VERcjg	MORPH=empty
,	,	PONfbl	MORPH=empty
et	et	CONcoo	MORPH=empty
la	le	DETdef	MORPH=empty
mere	mere	NOMcom	MORPH=empty
plore	plorer	VERcjg	MORPH=empty
,	,	PONfbl	MORPH=empty
et	et	CONcoo	MORPH=empty
sa	son4	DETpos	MORPH=empty
sele	sele	NOMcom	MORPH=empty
li	il	PROper	MORPH=empty
fu	estre1	VERcjg	MORPH=empty
ja	ja	ADVgen	MORPH=empty
mise	metre2	VERppe	MORPH=empty
.	.	PONfrt	MORPH=empty
A	a3	PRE	MORPH=empty
la	le	DETdef	MORPH=empty
meniere	maniere	NOMcom	MORPH=empty
et	et	CONcoo	MORPH=empty
a	a3	PRE	MORPH=empty
la	le	DETdef	MORPH=empty
guise	guise	NOMcom	MORPH=empty
de	de	PRE	MORPH=empty
Galois	Galois	NOMpro	MORPH=empty
fu	estre1	VERcjg	MORPH=empty
aparelliez	apareillier1	VERppe	MORPH=empty
:	:	PONfbl	MORPH=empty
uns	un	DETndf	MORPH=empty
revelins	revelin	NOMcom	MORPH=empty
avoit	avoir	VERcjg	MORPH=empty
chauciez	chaucier1	VERppe	MORPH=empty
,	,	PONfbl	MORPH=empty
et	et	CONcoo	MORPH=empty
par	par	PRE	MORPH=empty
tot	tot	DETind	MORPH=empty
la	là	ADVgen	MORPH=empty
ou	où	PROrel	MORPH=empty
il	il	PROper	MORPH=empty
aloit	aler	VERcjg	MORPH=empty
.iii.	3	DETcar	MORPH=empty
javeloz	javelot	NOMcom	MORPH=empty
porter	porter	VERinf	MORPH=empty
soloit	soloir	VERcjg	MORPH=empty
.	.	PONfrt	MORPH=empty
Ses	son4	DETpos	MORPH=empty
javeloz	javelot	NOMcom	MORPH=empty
an	en2	PROadv	MORPH=empty
volt	voloir	VERcjg	MORPH=empty
porter	porter	VERinf	MORPH=empty
,	,	PONfbl	MORPH=empty
mes	mais1	CONcoo	MORPH=empty
.ii.	2	PROcar	MORPH=empty
l'	il	PROper	MORPH=empty
an	en2	PROadv	MORPH=empty
fist	faire	VERcjg	MORPH=empty
sa	son4	DETpos	MORPH=empty
mere	mere	NOMcom	MORPH=empty
oster	oster2	VERinf	MORPH=empty
por	por2	PRE	MORPH=empty
ce	ce1	PROdem	MORPH=empty
que	que4	CONsub	MORPH=empty
trop	trop	ADVgen	MORPH=empty
sanblast	sembler	VERcjg	MORPH=empty
galois	Galois	NOMpro	MORPH=empty
;	;	PONfbl	MORPH=empty
si	si	ADVgen	MORPH=empty
eüst	avoir	VERcjg	MORPH=empty
ele	il	PROper	MORPH=empty
fet	faire	VERppe	MORPH=empty
toz	tot	DETind	MORPH=empty
trois	trois	PROcar	MORPH=empty
mout	mout	ADVgen	MORPH=empty
volantiers	volentiers	ADVgen	MORPH=empty
,	,	PONfbl	MORPH=empty
s'	se	CONsub	MORPH=empty
il	il	PROimp	MORPH=empty
poïst	pöoir	VERcjg	MORPH=empty
estre	estre1	VERinf	MORPH=empty
.	.	PONfrt	MORPH=empty
Une	un	DETndf	MORPH=empty
reorte	rëorte	NOMcom	MORPH=empty
an	en1	PRE	MORPH=empty
sa	son4	DETpos	MORPH=empty
main	main2	NOMcom	MORPH=empty
destre	destre	ADJqua	MORPH=empty
porta	porter	VERcjg	MORPH=empty
por	por2	PRE	MORPH=empty
son	son4	DETpos	MORPH=empty
cheval	cheval	NOMcom	MORPH=empty
ferir	ferir	VERinf	MORPH=empty
.	.	PONfrt	MORPH=empty
Plorant	plorer	VERppa	MORPH=empty
le	il	PROper	MORPH=empty
beise	baisier	VERcjg	MORPH=empty
au	a3+le	PRE.DETdef	MORPH=empty
departir	departir	VERinf	MORPH=empty
la	le	DETdef	MORPH=empty
mere	mere	NOMcom	MORPH=empty
,	,	PONfbl	MORPH=empty
qui	qui	PROrel	MORPH=empty
mout	mout	ADVgen	MORPH=empty
chier	chier	ADJqua	MORPH=empty
l'	il	PROper	MORPH=empty
avoit	avoir	VERcjg	MORPH=empty
,	,	PONfbl	MORPH=empty
et	et	CONcoo	MORPH=empty
prie	priier	VERcjg	MORPH=empty
Deu	Dieu	NOMpro	MORPH=empty
que	que4	CONsub	MORPH=empty
il	il	PROper	MORPH=empty
l'	il	PROper	MORPH=empty
avoit	avoiier	VERcjg	MORPH=empty
.	.	PONfrt	MORPH=empty
"	"	PONpxx	MORPH=empty
Biax	bel1	ADJqua	MORPH=empty
filz	fil2	NOMcom	MORPH=empty
,	,	PONfbl	MORPH=empty
fet	faire	VERcjg	MORPH=empty
ele	il	PROper	MORPH=empty
,	,	PONfbl	MORPH=empty
Dex	Dieu	NOMpro	MORPH=empty
vos	vos	PROper	MORPH=empty
doint	doner	VERcjg	MORPH=empty
joie	joie	NOMcom	MORPH=empty
plus	plus	ADVgen	MORPH=empty
qu'	que1	CONsub	MORPH=empty
il	il	PROimp	MORPH=empty
ne	ne1	ADVneg	MORPH=empty
me	je	PROper	MORPH=empty
remoint	remanoir	VERcjg	MORPH=empty
,	,	PONfbl	MORPH=empty
an	en1	PRE	MORPH=empty
quelque	quel1	DETind	MORPH=empty
leu	lieu	NOMcom	MORPH=empty
que	que2	PROrel	MORPH=empty
vos	vos	PROper	MORPH=empty
ailliez	aler	VERcjg	MORPH=empty
.	.	PONfrt	MORPH=empty
"	"	PONpxx	MORPH=empty
Qant	cant1	CONsub	MORPH=empty
li	le	DETdef	MORPH=empty
vaslez	vaslet	NOMcom	MORPH=empty
fu	estre1	VERcjg	MORPH=empty
esloigniez	esloignier	VERppe	MORPH=empty
le	le	DETdef	MORPH=empty
giet	jet	NOMcom	MORPH=empty
d'	de	PRE	MORPH=empty
une	un	DETndf	MORPH=empty
pierre	piere	NOMcom	MORPH=empty
menue	menu	ADJqua	MORPH=empty
,	,	PONfbl	MORPH=empty
si	si	ADVgen	MORPH=empty
regarda	regarder	VERcjg	MORPH=empty
et	et	CONcoo	MORPH=empty
vit	vëoir	VERcjg	MORPH=empty
cheüe	chëoir	VERppe	MORPH=empty
sa	son4	DETpos	MORPH=empty
mere	mere	NOMcom	MORPH=empty
au	a3+le	PRE.DETdef	MORPH=empty
chief	chief1	NOMcom	MORPH=empty
del	de+le	PRE.DETdef	MORPH=empty
pont	pont	NOMcom	MORPH=empty
arriere	ariere	ADVgen	MORPH=empty
,	,	PONfbl	MORPH=empty
et	et	CONcoo	MORPH=empty
jut	jesir	VERcjg	MORPH=empty
pasmee	pasmer	VERppe	MORPH=empty
an	en1	PRE	MORPH=empty
tel	tel	DETind	MORPH=empty
meniere	maniere	NOMcom	MORPH=empty
con	come1	CONsub	MORPH=empty
s'	se	CONsub	MORPH=empty
ele	il	PROper	MORPH=empty
fust	estre1	VERcjg	MORPH=empty
cheüe	chëoir	VERppe	MORPH=empty
morte	morir	VERppe	MORPH=empty
.	.	PONfrt	MORPH=empty
Et	et	CONcoo	MORPH=empty
cil	cel	PROdem	MORPH=empty
ceingle	cengler	VERcjg	MORPH=empty
de	de	PRE	MORPH=empty
la	le	DETdef	MORPH=empty
reorte	rëorte	NOMcom	MORPH=empty
son	son4	DETpos	MORPH=empty
chaceor	chacëor	NOMcom	MORPH=empty
parmi	parmi	PRE	MORPH=empty
la	le	DETdef	MORPH=empty
crope	crope	NOMcom	MORPH=empty
,	,	PONfbl	MORPH=empty
et	et	CONcoo	MORPH=empty
cil	cel	PROdem	MORPH=empty
s'	soi1	PROper	MORPH=empty
an	en2	PROadv	MORPH=empty
va	aler	VERcjg	MORPH=empty
,	,	PONfbl	MORPH=empty
qui	qui	PROrel	MORPH=empty
pas	pas	ADVneg	MORPH=empty
ne	ne1	ADVneg	MORPH=empty
çope	çoper	VERcjg	MORPH=empty
,	,	PONfbl	MORPH=empty
einz	ainz	ADVgen	MORPH=empty
l'	il	PROper	MORPH=empty
an	en2	PROadv	MORPH=empty
porte	porter	VERcjg	MORPH=empty
grant	grant	ADJqua	MORPH=empty
aleüre	alëure	NOMcom	MORPH=empty
parmi	parmi	PRE	MORPH=empty
la	le	DETdef	MORPH=empty
grant	grant	ADJqua	MORPH=empty
forest	forest	NOMcom	MORPH=empty
oscure	oscur	ADJqua	MORPH=empty
;	;	PONfbl	MORPH=empty
et	et	CONcoo	MORPH=empty
chevalcha	chevauchier	VERcjg	MORPH=empty
des	des2	PRE	MORPH=empty
le	le	DETdef	MORPH=empty
matin	matin2	NOMcom	MORPH=empty
tant	tant	ADVgen	MORPH=empty
que	que4	CONsub	MORPH=empty
li	le	DETdef	MORPH=empty
jorz	jor	NOMcom	MORPH=empty
vint	venir	VERcjg	MORPH=empty
a	a3	PRE	MORPH=empty
declin	declin	NOMcom	MORPH=empty
.	.	PONfrt	MORPH=empty
An	en1	PRE	MORPH=empty
la	le	DETdef	MORPH=empty
forest	forest	NOMcom	MORPH=empty
cele	cel	DETdem	MORPH=empty
nuit	nuit	NOMcom	MORPH=empty
jut	jesir	VERcjg	MORPH=empty
tant	tant	ADVgen	MORPH=empty
que	que4	CONsub	MORPH=empty
li	le	DETdef	MORPH=empty
jorz	jor	NOMcom	MORPH=empty
clers	cler	ADJqua	MORPH=empty
aparut	aparoir	VERcjg	MORPH=empty
.	.	PONfrt	MORPH=empty
Au	a3+le	PRE.DETdef	MORPH=empty
main	main1	NOMcom	MORPH=empty
,	,	PONfbl	MORPH=empty
au	a3+le	PRE.DETdef	MORPH=empty
chant	chant2	NOMcom	MORPH=empty
des	de+le	PRE.DETdef	MORPH=empty
oiselez	oiselet	NOMcom	MORPH=empty
,	,	PONfbl	MORPH=empty
se	soi1	PROper	MORPH=empty
lieve	lever	VERcjg	MORPH=empty
et	et	CONcoo	MORPH=empty
monte	monter	VERcjg	MORPH=empty
li	le	DETdef	MORPH=empty
vaslez	vaslet	NOMcom	MORPH=empty
,	,	PONfbl	MORPH=empty
s'	si	ADVgen	MORPH=empty
a	avoir	VERcjg	MORPH=empty
au	a3+le	PRE.DETdef	MORPH=empty
chevalchier	chevauchier	VERinf	MORPH=empty
antandu	entendre	VERppe	MORPH=empty
tant	tant	ADVgen	MORPH=empty
que	que4	CONsub	MORPH=empty
il	il	PROper	MORPH=empty
vit	vëoir	VERcjg	MORPH=empty
.i.	un	DETndf	MORPH=empty
tref	tref2	NOMcom	MORPH=empty
tandu	tendre1	VERppe	MORPH=empty
an	en1	PRE	MORPH=empty
une	un	DETndf	MORPH=empty
praerie	präerie	NOMcom	MORPH=empty
bele	bel1	ADJqua	MORPH=empty
lez	lez	PRE	MORPH=empty
la	le	DETdef	MORPH=empty
doiz	doiz	NOMcom	MORPH=empty
d'	de	PRE	MORPH=empty
une	un	DETndf	MORPH=empty
fontenele	fontenele	NOMcom	MORPH=empty
.	.	PONfrt	MORPH=empty
Li	le	DETdef	MORPH=empty
trez	tref2	NOMcom	MORPH=empty
fu	estre1	VERcjg	MORPH=empty
granz	grant	ADJqua	MORPH=empty
a	a3	PRE	MORPH=empty
grant	grant	ADJqua	MORPH=empty
mervoille	merveille	NOMcom	MORPH=empty
;	;	PONfbl	MORPH=empty
l'	le	DETdef	MORPH=empty
une	un	DETndf	MORPH=empty
partie	partie	NOMcom	MORPH=empty
fu	estre1	VERcjg	MORPH=empty
vermoille	vermeil1	ADJqua	MORPH=empty
et	et	CONcoo	MORPH=empty
l'	le	DETdef	MORPH=empty
autre	autre	PROind	MORPH=empty
fu	estre1	VERcjg	MORPH=empty
d'	de	PRE	MORPH=empty
orfrois	orfrois	NOMcom	MORPH=empty
bandee	bender	VERppe	MORPH=empty
;	;	PONfbl	MORPH=empty
l'	le	DETdef	MORPH=empty
une	un	DETndf	MORPH=empty
partie	partie	NOMcom	MORPH=empty
fu	estre1	VERcjg	MORPH=empty
doree	dorer	VERppe	MORPH=empty
;	;	PONfbl	MORPH=empty
an	en1	PRE	MORPH=empty
l'	le	DETdef	MORPH=empty
aigle	aigle	NOMcom	MORPH=empty
feroit	faire	VERcjg	MORPH=empty
li	le	DETdef	MORPH=empty
solauz	soleil	NOMcom	MORPH=empty
,	,	PONfbl	MORPH=empty
qui	qui	PROrel	MORPH=empty
mout	mout	ADVgen	MORPH=empty
luisoit	luisir	VERcjg	MORPH=empty
clers	cler	ADJqua	MORPH=empty
et	et	CONcoo	MORPH=empty
vermauz	vermeil1	ADJqua	MORPH=empty
,	,	PONfbl	MORPH=empty
si	si	ADVgen	MORPH=empty
reluisoient	reluisir	VERcjg	MORPH=empty
tuit	tot	DETind	MORPH=empty
li	le	DETdef	MORPH=empty
pré	pré	NOMcom	MORPH=empty
de	de	PRE	MORPH=empty
l'	le	DETdef	MORPH=empty
anluminement	enluminement	NOMcom	MORPH=empty
del	de+le	PRE.DETdef	MORPH=empty
tré	tref2	NOMcom	MORPH=empty
.	.	PONfrt	MORPH=empty
Antor	entor	PRE	MORPH=empty
le	le	DETdef	MORPH=empty
tref	tref2	NOMcom	MORPH=empty
,	,	PONfbl	MORPH=empty
a	a3	PRE	MORPH=empty
la	le	DETdef	MORPH=empty
reonde	rëont	ADJqua	MORPH=empty
,	,	PONfbl	MORPH=empty
qui	qui	PROrel	MORPH=empty
estoit	estre1	VERcjg	MORPH=empty
li	le	DETdef	MORPH=empty
plus	plus	ADVgen	MORPH=empty
biax	bel1	ADJqua	MORPH=empty
del	de+le	PRE.DETdef	MORPH=empty
monde	monde1	NOMcom	MORPH=empty
,	,	PONfbl	MORPH=empty
avoit	avoir	VERcjg	MORPH=empty
.ii.	2	DETcar	MORPH=empty
ramees	ramee	NOMcom	MORPH=empty
fuilliees	foillier1	VERppe	MORPH=empty
et	et	CONcoo	MORPH=empty
loiges	loge	NOMcom	MORPH=empty
galesches	Galois	NOMcom	MORPH=empty
dreciees	drecier	VERppe	MORPH=empty
.	.	PONfrt	MORPH=empty
Li	le	DETdef	MORPH=empty
vaslez	vaslet	NOMcom	MORPH=empty
vers	vers2	PRE	MORPH=empty
le	le	DETdef	MORPH=empty
tref	tref2	NOMcom	MORPH=empty
ala	aler	VERcjg	MORPH=empty
,	,	PONfbl	MORPH=empty
et	et	CONcoo	MORPH=empty
dist	dire	VERcjg	MORPH=empty
ainz	ainz	ADVgen	MORPH=empty
que	que4	CONsub	MORPH=empty
il	il	PROper	MORPH=empty
venist	venir	VERcjg	MORPH=empty
la	là	ADVgen	MORPH=empty
:	:	PONfbl	MORPH=empty
"	"	PONpxx	MORPH=empty
Dex	Dieu	NOMpro	MORPH=empty
,	,	PONfbl	MORPH=empty
ci	ci	ADVgen	MORPH=empty
voi	vëoir	VERcjg	MORPH=empty
ge	je	PROper	MORPH=empty
vostre	vostre	DETpos	MORPH=empty
meison	maison	NOMcom	MORPH=empty
.	.	PONfrt	MORPH=empty
Or	or4	ADVgen	MORPH=empty
feroie	faire	VERcjg	MORPH=empty
je	je	PROper	MORPH=empty
mesprison	mesprison	NOMcom	MORPH=empty
se	se	CONsub	MORPH=empty
aorer	aorer2	VERinf	MORPH=empty
ne	ne1	ADVneg	MORPH=empty
vos	vos	PROper	MORPH=empty
aloie	aler	VERcjg	MORPH=empty
.	.	PONfrt	MORPH=empty
Voir	voir	ADJqua	MORPH=empty
dist	dire	VERcjg	MORPH=empty
ma	mon1	DETpos	MORPH=empty
mere	mere	NOMcom	MORPH=empty
tote	tot	DETind	MORPH=empty
voie	voie	NOMcom	MORPH=empty
,	,	PONfbl	MORPH=empty
qui	qui	PROrel	MORPH=empty
me	je	PROper	MORPH=empty
dist	dire	VERcjg	MORPH=empty
que	que4	CONsub	MORPH=empty
mostiers	mostier	NOMcom	MORPH=empty
estoit	estre1	VERcjg	MORPH=empty
la	le	DETdef	MORPH=empty
plus	plus	ADVgen	MORPH=empty
bele	bel1	ADJqua	MORPH=empty
chose	chose	NOMcom	MORPH=empty
qui	qui	PROrel	MORPH=empty
soit	estre1	VERcjg	MORPH=empty
,	,	PONfbl	MORPH=empty
et	et	CONcoo	MORPH=empty
me	je	PROper	MORPH=empty
dist	dire	VERcjg	MORPH=empty
que	que4	CONsub	MORPH=empty
ja	ja	ADVgen	MORPH=empty
ne	ne1	ADVneg	MORPH=empty
trovasse	trover	VERcjg	MORPH=empty
mostier	mostier	NOMcom	MORPH=empty
qu'	que4	CONsub	MORPH=empty
aorer	aorer2	VERinf	MORPH=empty
n'	ne1	ADVneg	MORPH=empty
i	i2	PROadv	MORPH=empty
tornasse	torner	VERcjg	MORPH=empty
le	le	DETdef	MORPH=empty
Criator	crïator	NOMcom	MORPH=empty
an	en1	PRE	MORPH=empty
cui	cui	PROrel	MORPH=empty
je	je	PROper	MORPH=empty
croi	croire	VERcjg	MORPH=empty
.	.	PONfrt	MORPH=empty
Je	je	PROper	MORPH=empty
l'	il	PROper	MORPH=empty
irai	aler	VERcjg	MORPH=empty
proier	priier	VERinf	MORPH=empty
,	,	PONfbl	MORPH=empty
par	par	PRE	MORPH=empty
ma	mon1	DETpos	MORPH=empty
foi	foi	NOMcom	MORPH=empty
,	,	PONfbl	MORPH=empty
qu'	que4	CONsub	MORPH=empty
il	il	PROper	MORPH=empty
me	je	PROper	MORPH=empty
doint	doner	VERcjg	MORPH=empty
ancui	encui	ADVgen	MORPH=empty
a	a3	PRE	MORPH=empty
mangier	mangier	VERinf	MORPH=empty
,	,	PONfbl	MORPH=empty
que	que4	CONcoo	MORPH=empty
j'	je	PROper	MORPH=empty
an	en2	PROadv	MORPH=empty
avroie	avoir	VERcjg	MORPH=empty
grant	grant	ADJqua	MORPH=empty
mestier	mestier	NOMcom	MORPH=empty
.	.	PONfrt	MORPH=empty
"	"	PONpxx	MORPH=empty
Lors	lors	ADVgen	MORPH=empty
vient	venir	VERcjg	MORPH=empty
au	a3+le	PRE.DETdef	MORPH=empty
tref	tref2	NOMcom	MORPH=empty
,	,	PONfbl	MORPH=empty
sel	si+il	ADVgen.PROper	MORPH=empty
trueve	trover	VERcjg	MORPH=empty
overt	ovrir	VERppe	MORPH=empty
,	,	PONfbl	MORPH=empty
enmi	enmi	PRE	MORPH=empty
le	le	DETdef	MORPH=empty
tref	tref2	NOMcom	MORPH=empty
.i.	un	DETndf	MORPH=empty
lit	lit1	NOMcom	MORPH=empty
covert	covrir	VERppe	MORPH=empty
d'	de	PRE	MORPH=empty
une	un	DETndf	MORPH=empty
coste	coute	NOMcom	MORPH=empty
de	de	PRE	MORPH=empty
paisle	paile	NOMcom	MORPH=empty
,	,	PONfbl	MORPH=empty
et	et	CONcoo	MORPH=empty
voit	vëoir	VERcjg	MORPH=empty
:	:	PONfbl	MORPH=empty
el	en1+le	PRE.DETdef	MORPH=empty
lit	lit1	NOMcom	MORPH=empty
tote	tot	ADVgen	MORPH=empty
sole	sol1	ADJqua	MORPH=empty
gisoit	jesir	VERcjg	MORPH=empty
une	un	DETndf	MORPH=empty
dameisele	damoisele	NOMcom	MORPH=empty
andormie	endormir	VERppe	MORPH=empty
,	,	PONfbl	MORPH=empty
tote	tot	ADVgen	MORPH=empty
seule	sol1	ADJqua	MORPH=empty
sanz	sans	PRE	MORPH=empty
conpaignie	compagnie	NOMcom	MORPH=empty
;	;	PONfbl	MORPH=empty
alees	aler	VERppe	MORPH=empty
erent	estre1	VERcjg	MORPH=empty
ses	son4	DETpos	MORPH=empty
puceles	pucele	NOMcom	MORPH=empty
por	por2	PRE	MORPH=empty
coillir	coillir	VERinf	MORPH=empty
floretes	florete	NOMcom	MORPH=empty
noveles	novel	ADJqua	MORPH=empty
que	que2	PROrel	MORPH=empty
par	par	PRE	MORPH=empty
le	le	DETdef	MORPH=empty
tref	tref2	NOMcom	MORPH=empty
jonchier	jonchier	VERinf	MORPH=empty
voloient	voloir	VERcjg	MORPH=empty
ensi	ainsi	ADVgen	MORPH=empty
con	come1	CONsub	MORPH=empty
fere	faire	VERinf	MORPH=empty
le	il	PROper	MORPH=empty
soloient	soloir	VERcjg	MORPH=empty
.	.	PONfrt	MORPH=empty
Qant	cant1	CONsub	MORPH=empty
li	le	DETdef	MORPH=empty
vaslez	vaslet	NOMcom	MORPH=empty
el	en1+le	PRE.DETdef	MORPH=empty
tref	tref2	NOMcom	MORPH=empty
antra	entrer	VERcjg	MORPH=empty
,	,	PONfbl	MORPH=empty
ses	son4	DETpos	MORPH=empty
chevax	cheval	NOMcom	MORPH=empty
si	si	ADVgen	MORPH=empty
fort	fort	ADJqua	MORPH=empty
s'	soi1	PROper	MORPH=empty
açopa	açoper	VERcjg	MORPH=empty
que	que4	CONsub	MORPH=empty
la	le	DETdef	MORPH=empty
dameisele	damoisele	NOMcom	MORPH=empty
l'	il	PROper	MORPH=empty
oï	öir	VERcjg	MORPH=empty
,	,	PONfbl	MORPH=empty
si	si	ADVgen	MORPH=empty
s'	soi1	PROper	MORPH=empty
esveilla	esveillier	VERcjg	MORPH=empty
et	et	CONcoo	MORPH=empty
tressailli	tressalir	VERcjg	MORPH=empty
.	.	PONfrt	MORPH=empty
Et	et	CONcoo	MORPH=empty
li	le	DETdef	MORPH=empty
vaslez	vaslet	NOMcom	MORPH=empty
,	,	PONfbl	MORPH=empty
qui	qui	PROrel	MORPH=empty
nices	nice	ADJqua	MORPH=empty
fu	estre1	VERcjg	MORPH=empty
,	,	PONfbl	MORPH=empty
dist	dire	VERcjg	MORPH=empty
:	:	PONfbl	MORPH=empty
"	"	PONpxx	MORPH=empty
Pucele	pucele	NOMcom	MORPH=empty
,	,	PONfbl	MORPH=empty
je	je	PROper	MORPH=empty
vos	vos	PROper	MORPH=empty
salu	salüer	VERcjg	MORPH=empty
,	,	PONfbl	MORPH=empty
si	si	ADVgen	MORPH=empty
con	come1	CONsub	MORPH=empty
ma	mon1	DETpos	MORPH=empty
mere	mere	NOMcom	MORPH=empty
le	il	PROper	MORPH=empty
m'	je	PROper	MORPH=empty
aprist	aprendre	VERcjg	MORPH=empty
.	.	PONfrt	MORPH=empty
Ma	mon1	DETpos	MORPH=empty
mere	mere	NOMcom	MORPH=empty
m'	je	PROper	MORPH=empty
anseigna	enseignier	VERcjg	MORPH=empty
et	et	CONcoo	MORPH=empty
dist	dire	VERcjg	MORPH=empty
que	que4	CONsub	MORPH=empty
les	le	DETdef	MORPH=empty
puceles	pucele	NOMcom	MORPH=empty
saluasse	salüer	VERcjg	MORPH=empty
an	en1	PRE	MORPH=empty
quelque	quel1	DETind	MORPH=empty
leu	lieu	NOMcom	MORPH=empty
que	que2	PROrel	MORPH=empty
les	il	PROper	MORPH=empty
trovasse	trover	VERcjg	MORPH=empty
.	.	PONfrt	MORPH=empty
"	"	PONpxx	MORPH=empty
La	le	DETdef	MORPH=empty
pucele	pucele	NOMcom	MORPH=empty
de	de	PRE	MORPH=empty
peor	pëor	NOMcom	MORPH=empty
tranble	trembler1	VERcjg	MORPH=empty
por	por2	PRE	MORPH=empty
le	le	DETdef	MORPH=empty
vaslet	vaslet	NOMcom	MORPH=empty
qui	qui	PROrel	MORPH=empty
fol	fol3	ADJqua	MORPH=empty
li	il	PROper	MORPH=empty
sanble	sembler	VERcjg	MORPH=empty
,	,	PONfbl	MORPH=empty
si	si	ADVgen	MORPH=empty
se	soi1	PROper	MORPH=empty
tient	tenir1	VERcjg	MORPH=empty
por	por2	PRE	MORPH=empty
fole	fol3	ADJqua	MORPH=empty
provee	prover	VERppe	MORPH=empty
de	de	PRE	MORPH=empty
ce	ce1	PROdem	MORPH=empty
qu'	que4	CONsub	MORPH=empty
il	il	PROper	MORPH=empty
l'	il	PROper	MORPH=empty
a	avoir	VERcjg	MORPH=empty
sole	sol1	ADJqua	MORPH=empty
trovee	trover	VERppe	MORPH=empty
.	.	PONfrt	MORPH=empty
"	"	PONpxx	MORPH=empty
Vaslez	vaslet	NOMcom	MORPH=empty
,	,	PONfbl	MORPH=empty
fet	faire	VERcjg	MORPH=empty
ele	il	PROper	MORPH=empty
,	,	PONfbl	MORPH=empty
tien	tenir1	VERcjg	MORPH=empty
ta	ton4	DETpos	MORPH=empty
voie	voie	NOMcom	MORPH=empty
.	.	PONfrt	MORPH=empty
Fui	fuir	VERcjg	MORPH=empty
,	,	PONfbl	MORPH=empty
que	que4	CONcoo	MORPH=empty
mes	mon1	DETpos	MORPH=empty
amis	ami	NOMcom	MORPH=empty
ne	ne1	ADVneg	MORPH=empty
te	tu	PROper	MORPH=empty
voie	vëoir	VERcjg	MORPH=empty
.	.	PONfrt	MORPH=empty
Einz	ainz	ADVgen	MORPH=empty
vos	vos	PROper	MORPH=empty
beiserai	baisier	VERcjg	MORPH=empty
,	,	PONfbl	MORPH=empty
par	par	PRE	MORPH=empty
mon	mon1	DETpos	MORPH=empty
chief	chief1	NOMcom	MORPH=empty
,	,	PONfbl	MORPH=empty
fet	faire	VERcjg	MORPH=empty
li	le	DETdef	MORPH=empty
vaslez	vaslet	NOMcom	MORPH=empty
,	,	PONfbl	MORPH=empty
cui	cui	PROrel	MORPH=empty
qu'	que2	PROrel	MORPH=empty
il	il	PROper	MORPH=empty
soit	estre1	VERcjg	MORPH=empty
grief	grief	ADJqua	MORPH=empty
,	,	PONfbl	MORPH=empty
que	que4	CONcoo	MORPH=empty
ma	mon1	DETpos	MORPH=empty
mere	mere	NOMcom	MORPH=empty
le	il	PROper	MORPH=empty
m'	je	PROper	MORPH=empty
anseigna	enseignier	VERcjg	MORPH=empty
.	.	PONfrt	MORPH=empty
Je	je	PROper	MORPH=empty
,	,	PONfbl	MORPH=empty
voir	voir	ADVgen	MORPH=empty
,	,	PONfbl	MORPH=empty
ne	ne1	ADVneg	MORPH=empty
te	tu	PROper	MORPH=empty
beiseré	baisier	VERcjg	MORPH=empty
ja	ja	ADVgen	MORPH=empty
,	,	PONfbl	MORPH=empty
fet	faire	VERcjg	MORPH=empty
la	le	DETdef	MORPH=empty
pucele	pucele	NOMcom	MORPH=empty
,	,	PONfbl	MORPH=empty
que	que4	CONsub	MORPH=empty
je	je	PROper	MORPH=empty
puisse	pöoir	VERcjg	MORPH=empty
.	.	PONfrt	MORPH=empty
Fui	fuir	VERcjg	MORPH=empty
,	,	PONfbl	MORPH=empty
que	que4	CONcoo	MORPH=empty
mes	mon1	DETpos	MORPH=empty
amis	ami	NOMcom	MORPH=empty
ne	ne1	ADVneg	MORPH=empty
te	tu	PROper	MORPH=empty
truisse	trover	VERcjg	MORPH=empty
,	,	PONfbl	MORPH=empty
que	que4	CONcoo	MORPH=empty
,	,	PONfbl	MORPH=empty
s'	se	CONsub	MORPH=empty
il	il	PROper	MORPH=empty
te	tu	PROper	MORPH=empty
trueve	trover	VERcjg	MORPH=empty
,	,	PONfbl	MORPH=empty
tu	tu	PROper	MORPH=empty
es	estre1	VERcjg	MORPH=empty
morz	morir	VERppe	MORPH=empty
.	.	PONfrt	MORPH=empty
"	"	PONpxx	MORPH=empty
Li	le	DETdef	MORPH=empty
vaslez	vaslet	NOMcom	MORPH=empty
avoit	avoir	VERcjg	MORPH=empty
les	le	DETdef	MORPH=empty
braz	braz	NOMcom	MORPH=empty
forz	fort	ADJqua	MORPH=empty
,	,	PONfbl	MORPH=empty
si	si	ADVgen	MORPH=empty
l'	il	PROper	MORPH=empty
anbrace	embracier	VERcjg	MORPH=empty
mout	mout	ADVgen	MORPH=empty
nicemant	nicement	ADVgen	MORPH=empty
,	,	PONfbl	MORPH=empty
car	car	CONcoo	MORPH=empty
il	il	PROper	MORPH=empty
nel	ne1+il	ADVneg.PROper	MORPH=empty
sot	savoir	VERcjg	MORPH=empty
fere	faire	VERinf	MORPH=empty
autremant	autrement	ADVgen	MORPH=empty
,	,	PONfbl	MORPH=empty
mist	metre2	VERcjg	MORPH=empty
la	il	PROper	MORPH=empty
soz	soz	PRE	MORPH=empty
lui	il	PROper	MORPH=empty
tote	tot	ADVgen	MORPH=empty
estandue	estendre	VERppe	MORPH=empty
,	,	PONfbl	MORPH=empty
et	et	CONcoo	MORPH=empty
cele	cel	PROdem	MORPH=empty
s'	soi1	PROper	MORPH=empty
est	estre1	VERcjg	MORPH=empty
mout	mout	ADVgen	MORPH=empty
desfandue	defendre	VERppe	MORPH=empty
et	et	CONcoo	MORPH=empty
deganchi	deguenchir	VERppe	MORPH=empty
quanqu'	cantque	PROrel	MORPH=empty
ele	il	PROper	MORPH=empty
pot	pöoir	VERcjg	MORPH=empty
;	;	PONfbl	MORPH=empty
mes	mais1	CONcoo	MORPH=empty
desfansse	defense	NOMcom	MORPH=empty
mestier	mestier	NOMcom	MORPH=empty
n'	ne1	ADVneg	MORPH=empty
i	i2	PROadv	MORPH=empty
ot	avoir	VERcjg	MORPH=empty
,	,	PONfbl	MORPH=empty
que	que4	CONcoo	MORPH=empty
li	le	DETdef	MORPH=empty
vaslez	vaslet	NOMcom	MORPH=empty
an	en1	PRE	MORPH=empty
.i.	un	DETndf	MORPH=empty
randon	randon	NOMcom	MORPH=empty
la	il	PROper	MORPH=empty
beisa	baisier	VERcjg	MORPH=empty
,	,	PONfbl	MORPH=empty
volsist	voloir	VERcjg	MORPH=empty
ele	il	PROper	MORPH=empty
ou	o3	CONcoo	MORPH=empty
non	non	ADVneg	MORPH=empty
,	,	PONfbl	MORPH=empty
.xx.	20	DETcar	MORPH=empty
foiz	foiz	NOMcom	MORPH=empty
,	,	PONfbl	MORPH=empty
si	si	ADVgen	MORPH=empty
con	come1	CONsub	MORPH=empty
li	le	DETdef	MORPH=empty
contes	conte2	NOMcom	MORPH=empty
dit	dire	VERcjg	MORPH=empty
,	,	PONfbl	MORPH=empty
tant	tant	ADVgen	MORPH=empty
c'	que4	CONsub	MORPH=empty
un	un	DETndf	MORPH=empty
anel	anel1	NOMcom	MORPH=empty
an	en1	PRE	MORPH=empty
son	son4	DETpos	MORPH=empty
doi	doi	NOMcom	MORPH=empty
vit	vëoir	VERcjg	MORPH=empty
,	,	PONfbl	MORPH=empty
a	a3	PRE	MORPH=empty
une	un	DETndf	MORPH=empty
esmeraude	esmeraude	NOMcom	MORPH=empty
mout	mout	ADVgen	MORPH=empty
clere	cler	ADJqua	MORPH=empty
.	.	PONfrt	MORPH=empty
"	"	PONpxx	MORPH=empty
Encor	encore	ADVgen	MORPH=empty
,	,	PONfbl	MORPH=empty
fet	faire	VERcjg	MORPH=empty
il	il	PROper	MORPH=empty
,	,	PONfbl	MORPH=empty
me	je	PROper	MORPH=empty
dist	dire	VERcjg	MORPH=empty
ma	mon1	DETpos	MORPH=empty
mere	mere	NOMcom	MORPH=empty
qu'	que4	CONsub	MORPH=empty
an	en1	PRE	MORPH=empty
vostre	vostre	DETpos	MORPH=empty
doi	doi	NOMcom	MORPH=empty
l'	le	DETdef	MORPH=empty
anel	anel1	NOMcom	MORPH=empty
preïsse	prendre	VERcjg	MORPH=empty
,	,	PONfbl	MORPH=empty
mes	mais1	CONcoo	MORPH=empty
que	que4	CONsub	MORPH=empty
plus	plus	ADVgen	MORPH=empty
rien	rien	PROind	MORPH=empty
ne	ne1	ADVneg	MORPH=empty
vos	vos	PROper	MORPH=empty
feïsse	faire	VERcjg	MORPH=empty
.	.	PONfrt	MORPH=empty
Or	or4	ADVgen	MORPH=empty
ça	ça	ADVgen	MORPH=empty
l'	le	DETdef	MORPH=empty
anel	anel1	NOMcom	MORPH=empty
,	,	PONfbl	MORPH=empty
jel	je+il	PROper.PROper	MORPH=empty
vuel	voloir	VERcjg	MORPH=empty
avoir	avoir	VERinf	MORPH=empty
.	.	PONfrt	MORPH=empty
Mon	mon1	DETpos	MORPH=empty
anel	anel1	NOMcom	MORPH=empty
n'	ne1	ADVneg	MORPH=empty
avras	avoir	VERcjg	MORPH=empty
tu	tu	PROper	MORPH=empty
ja	ja	ADVgen	MORPH=empty
voir	voir	ADVgen	MORPH=empty
,	,	PONfbl	MORPH=empty
fet	faire	VERcjg	MORPH=empty
la	le	DETdef	MORPH=empty
pucele	pucele	NOMcom	MORPH=empty
,	,	PONfbl	MORPH=empty
bien	bien1	ADVgen	MORPH=empty
le	il	PROper	MORPH=empty
saiches	savoir	VERcjg	MORPH=empty
,	,	PONfbl	MORPH=empty
s'	se	CONsub	MORPH=empty
a	a3	PRE	MORPH=empty
force	force2	NOMcom	MORPH=empty
del	de+le	PRE.DETdef	MORPH=empty
doi	doi	NOMcom	MORPH=empty
nel	ne1+il	ADVneg.PROper	MORPH=empty
m'	je	PROper	MORPH=empty
araiches	arrachier	VERcjg	MORPH=empty
.	.	PONfrt	MORPH=empty
"	"	PONpxx	MORPH=empty
Li	le	DETdef	MORPH=empty
vaslez	vaslet	NOMcom	MORPH=empty
par	par	PRE	MORPH=empty
la	le	DETdef	MORPH=empty
main	main2	NOMcom	MORPH=empty
la	il	PROper	MORPH=empty
prant	prendre	VERcjg	MORPH=empty
,	,	PONfbl	MORPH=empty
a	a3	PRE	MORPH=empty
force	force2	NOMcom	MORPH=empty
le	le	DETdef	MORPH=empty
doi	doi	NOMcom	MORPH=empty
li	il	PROper	MORPH=empty
estant	estendre	VERcjg	MORPH=empty
,	,	PONfbl	MORPH=empty
si	si	ADVgen	MORPH=empty
a	avoir	VERcjg	MORPH=empty
l'	le	DETdef	MORPH=empty
anel	anel1	NOMcom	MORPH=empty
an	en1	PRE	MORPH=empty
son	son4	DETpos	MORPH=empty
doi	doi	NOMcom	MORPH=empty
pris	prendre	VERppe	MORPH=empty
et	et	CONcoo	MORPH=empty
el	en1+le	PRE.DETdef	MORPH=empty
suen	suen	ADJpos	MORPH=empty
doi	doi	NOMcom	MORPH=empty
meïsmes	mëisme	ADJind	MORPH=empty
mis	metre2	VERppe	MORPH=empty
,	,	PONfbl	MORPH=empty
et	et	CONcoo	MORPH=empty
dit	dire	VERcjg	MORPH=empty
:	:	PONfbl	MORPH=empty
"	"	PONpxx	MORPH=empty
Pucele	pucele	NOMcom	MORPH=empty
,	,	PONfbl	MORPH=empty
bien	bien2	NOMcom	MORPH=empty
aiez	avoir	VERcjg	MORPH=empty
!	!	PONfrt	MORPH=empty
Or	or4	ADVgen	MORPH=empty
m'	je	PROper	MORPH=empty
an	en2	PROadv	MORPH=empty
irai	aler	VERcjg	MORPH=empty
ge	je	PROper	MORPH=empty
bien	bien1	ADVgen	MORPH=empty
paiez	paiier	VERppe	MORPH=empty
,	,	PONfbl	MORPH=empty
et	et	CONcoo	MORPH=empty
mout	mout	ADVgen	MORPH=empty
meillor	meillor	ADJqua	MORPH=empty
beisier	baisier	VERinf	MORPH=empty
vos	vos	PROper	MORPH=empty
fet	faire	VERcjg	MORPH=empty
que	que4	CONsub	MORPH=empty
chanberiere	chamberiere	NOMcom	MORPH=empty
que	que2	PROrel	MORPH=empty
il	il	PROper	MORPH=empty
et	avoir	VERcjg	MORPH=empty
an	en1	PRE	MORPH=empty
tote	tot	DETind	MORPH=empty
la	le	DETdef	MORPH=empty
meison	maison	NOMcom	MORPH=empty
ma	mon1	DETpos	MORPH=empty
mere	mere	NOMcom	MORPH=empty
,	,	PONfbl	MORPH=empty
que	que4	CONcoo	MORPH=empty
n'	ne1	ADVneg	MORPH=empty
avez	avoir	VERcjg	MORPH=empty
pas	pas	ADVneg	MORPH=empty
la	le	DETdef	MORPH=empty
boiche	boche	NOMcom	MORPH=empty
amere	amer2	ADJqua	MORPH=empty
.	.	PONfrt	MORPH=empty
"	"	PONpxx	MORPH=empty
Cele	cel	PROdem	MORPH=empty
plore	plorer	VERcjg	MORPH=empty
et	et	CONcoo	MORPH=empty
dist	dire	VERcjg	MORPH=empty
au	a3+le	PRE.DETdef	MORPH=empty
vaslet	vaslet	NOMcom	MORPH=empty
:	:	PONfbl	MORPH=empty
"	"	PONpxx	MORPH=empty
N'	ne1	ADVneg	MORPH=empty
an	en2	PROadv	MORPH=empty
porter	porter	VERinf	MORPH=empty
pas	pas	ADVneg	MORPH=empty
mon	mon1	DETpos	MORPH=empty
anelet	anelet	NOMcom	MORPH=empty
,	,	PONfbl	MORPH=empty
que	que4	CONcoo	MORPH=empty
j'	je	PROper	MORPH=empty
an	en2	PROadv	MORPH=empty
seroie	estre1	VERcjg	MORPH=empty
malbaillie	maubaillir	VERppe	MORPH=empty
et	et	CONcoo	MORPH=empty
tu	tu	PROper	MORPH=empty
an	en2	PROadv	MORPH=empty
perdroies	perdre	VERcjg	MORPH=empty
la	le	DETdef	MORPH=empty
vie	vie1	NOMcom	MORPH=empty
,	,	PONfbl	MORPH=empty
que	que2	PROrel	MORPH=empty
qu'	que2	PROrel	MORPH=empty
il	il	PROper	MORPH=empty
tardast	tarder	VERcjg	MORPH=empty
,	,	PONfbl	MORPH=empty
jel	je+il	PROper.PROper	MORPH=empty
te	tu	PROper	MORPH=empty
promet	prometre	VERcjg	MORPH=empty
.	.	PONfrt	MORPH=empty
"	"	PONpxx	MORPH=empty
Li	le	DETdef	MORPH=empty
vaslez	vaslet	NOMcom	MORPH=empty
a	a3	PRE	MORPH=empty
son	son4	DETpos	MORPH=empty
cuer	cuer2	NOMcom	MORPH=empty
ne	ne1	ADVneg	MORPH=empty
met	metre2	VERcjg	MORPH=empty
rien	rien	NOMcom	MORPH=empty
nule	nul	ADJind	MORPH=empty
de	de	PRE	MORPH=empty
ce	ce1	PROdem	MORPH=empty
que	que2	PROrel	MORPH=empty
il	il	PROper	MORPH=empty
ot	öir	VERcjg	MORPH=empty
,	,	PONfbl	MORPH=empty
mes	mais1	CONcoo	MORPH=empty
de	de	PRE	MORPH=empty
ce	ce1	PROdem	MORPH=empty
que	que4	CONsub	MORPH=empty
jeüné	jëuner	VERppe	MORPH=empty
ot	avoir	VERcjg	MORPH=empty
moroit	morir	VERcjg	MORPH=empty
de	de	PRE	MORPH=empty
fain	faim	NOMcom	MORPH=empty
a	a3	PRE	MORPH=empty
male	mal1	ADJqua	MORPH=empty
fin	fin1	NOMcom	MORPH=empty
.	.	PONfrt	MORPH=empty
Un	un	DETndf	MORPH=empty
bocel	bocel3	NOMcom	MORPH=empty
trueve	trover	VERcjg	MORPH=empty
plain	plein	ADJqua	MORPH=empty
de	de	PRE	MORPH=empty
vin	vin	NOMcom	MORPH=empty
et	et	CONcoo	MORPH=empty
.i.	un	DETndf	MORPH=empty
henap	hanap	NOMcom	MORPH=empty
d'	de	PRE	MORPH=empty
argent	argent	NOMcom	MORPH=empty
selonc	selonc	ADVgen	MORPH=empty
,	,	PONfbl	MORPH=empty
et	et	CONcoo	MORPH=empty
voit	vëoir	VERcjg	MORPH=empty
sor	sor2	PRE	MORPH=empty
.i.	un	DETndf	MORPH=empty
trossel	torsel	NOMcom	MORPH=empty
de	de	PRE	MORPH=empty
jonc	jonc	NOMcom	MORPH=empty
une	un	DETndf	MORPH=empty
toaille	töaille	NOMcom	MORPH=empty
blanche	blanc	ADJqua	MORPH=empty
et	et	CONcoo	MORPH=empty
nueve	nuef2	ADJqua	MORPH=empty
.	.	PONfrt	MORPH=empty
Il	il	PROper	MORPH=empty
la	il	PROper	MORPH=empty
sozlieve	soslever	VERcjg	MORPH=empty
,	,	PONfbl	MORPH=empty
et	et	CONcoo	MORPH=empty
desoz	desoz	ADVgen	MORPH=empty
trueve	trover	VERcjg	MORPH=empty
.iii.	3	DETcar	MORPH=empty
bons	bon	ADJqua	MORPH=empty
pastez	pasté	NOMcom	MORPH=empty
de	de	PRE	MORPH=empty
chevrel	chevrueil	NOMcom	MORPH=empty
fres	frois1	ADJqua	MORPH=empty
;	;	PONfbl	MORPH=empty
Ne	ne1	ADVneg	MORPH=empty
li	il	PROper	MORPH=empty
enuia	enoiier	VERcjg	MORPH=empty
pas	pas	ADVneg	MORPH=empty
cist	cest	DETdem	MORPH=empty
mes	mes4	NOMcom	MORPH=empty
!	!	PONfrt	MORPH=empty
Por	por2	PRE	MORPH=empty
la	le	DETdef	MORPH=empty
fain	faim	NOMcom	MORPH=empty
qui	qui	PROrel	MORPH=empty
formant	forment2	ADVgen	MORPH=empty
l'	il	PROper	MORPH=empty
angoisse	angoissier	VERcjg	MORPH=empty
,	,	PONfbl	MORPH=empty
.i.	un	PROind	MORPH=empty
des	de+le	PRE.DETdef	MORPH=empty
pastez	pasté	NOMcom	MORPH=empty
devant	devant	PRE	MORPH=empty
lui	il	PROper	MORPH=empty
froisse	froissier	VERcjg	MORPH=empty
et	et	CONcoo	MORPH=empty
manjue	mangier	VERcjg	MORPH=empty
par	par	PRE	MORPH=empty
grant	grant	ADJqua	MORPH=empty
talant	talent	NOMcom	MORPH=empty
,	,	PONfbl	MORPH=empty
et	et	CONcoo	MORPH=empty
verse	verser1	VERcjg	MORPH=empty
an	en1	PRE	MORPH=empty
la	le	DETdef	MORPH=empty
cope	cope1	NOMcom	MORPH=empty
d'	de	PRE	MORPH=empty
argent	argent	NOMcom	MORPH=empty
del	de+le	PRE.DETdef	MORPH=empty
vin	vin	NOMcom	MORPH=empty
,	,	PONfbl	MORPH=empty
qui	qui	PROrel	MORPH=empty
n'	ne1	ADVneg	MORPH=empty
estoit	estre1	VERcjg	MORPH=empty
pas	pas	ADVneg	MORPH=empty
troblez	torbler	VERppe	MORPH=empty
,	,	PONfbl	MORPH=empty
s'	si	ADVgen	MORPH=empty
an	en2	PROadv	MORPH=empty
boit	boivre	VERcjg	MORPH=empty
sovant	sovent	ADVgen	MORPH=empty
et	et	CONcoo	MORPH=empty
a	a3	PRE	MORPH=empty
granz	grant	ADJqua	MORPH=empty
trez	trait	NOMcom	MORPH=empty
et	et	CONcoo	MORPH=empty
dit	dire	VERcjg	MORPH=empty
:	:	PONfbl	MORPH=empty
"	"	PONpxx	MORPH=empty
Pucele	pucele	NOMcom	MORPH=empty
,	,	PONfbl	MORPH=empty
cist	cest	DETdem	MORPH=empty
pasté	pasté	NOMcom	MORPH=empty
ne	ne1	ADVneg	MORPH=empty
seront	estre1	VERcjg	MORPH=empty
hui	ui	ADVgen	MORPH=empty
par	par	PRE	MORPH=empty
moi	je	PROper	MORPH=empty
gasté	gaster	VERppe	MORPH=empty
.	.	PONfrt	MORPH=empty
Venez	venir	VERcjg	MORPH=empty
mangier	mangier	VERinf	MORPH=empty
,	,	PONfbl	MORPH=empty
il	il	PROper	MORPH=empty
sont	estre1	VERcjg	MORPH=empty
mout	mout	ADVgen	MORPH=empty
buen	bon	ADJqua	MORPH=empty
.	.	PONfrt	MORPH=empty
Asez	assez	ADVgen	MORPH=empty
avra	avoir	VERcjg	MORPH=empty
chascuns	chascun	PROind	MORPH=empty
del	de+le	PRE.DETdef	MORPH=empty
suen	suen	PROpos	MORPH=empty
,	,	PONfbl	MORPH=empty
si	si	ADVgen	MORPH=empty
an	en2	PROadv	MORPH=empty
remandra	remanoir	VERcjg	MORPH=empty
.i.	1	PROcar	MORPH=empty
antier	entier	ADJqua	MORPH=empty
.	.	PONfrt	MORPH=empty
"	"	PONpxx	MORPH=empty
Et	et	CONcoo	MORPH=empty
cele	cel	PROdem	MORPH=empty
plore	plorer	VERcjg	MORPH=empty
andemantier	endementieres	ADVgen	MORPH=empty
queque	que_que	PROrel	MORPH=empty
cil	cel	PROdem	MORPH=empty
la	il	PROper	MORPH=empty
prie	priier	VERcjg	MORPH=empty
et	et	CONcoo	MORPH=empty
semont	semondre	VERcjg	MORPH=empty
,	,	PONfbl	MORPH=empty
que	que4	CONsub	MORPH=empty
cele	cel	PROdem	MORPH=empty
.i.	1	DETcar	MORPH=empty
mot	mot	NOMcom	MORPH=empty
ne	ne1	ADVneg	MORPH=empty
li	il	PROper	MORPH=empty
respont	respondre1	VERcjg	MORPH=empty
,	,	PONfbl	MORPH=empty
la	le	DETdef	MORPH=empty
dameisele	damoisele	NOMcom	MORPH=empty
,	,	PONfbl	MORPH=empty
ainz	ainz	ADVgen	MORPH=empty
plore	plorer	VERcjg	MORPH=empty
fort	fort	ADJqua	MORPH=empty
;	;	PONfbl	MORPH=empty
mout	mout	ADVgen	MORPH=empty
duremant	durement	ADVgen	MORPH=empty
ses	son4	DETpos	MORPH=empty
poinz	poing	NOMcom	MORPH=empty
detort	detordre	VERcjg	MORPH=empty
.	.	PONfrt	MORPH=empty
Et	et	CONcoo	MORPH=empty
cil	cel	PROdem	MORPH=empty
manja	mangier	VERcjg	MORPH=empty
tant	tant	ADVgen	MORPH=empty
con	come1	CONsub	MORPH=empty
lui	il	PROper	MORPH=empty
plot	plaire	VERcjg	MORPH=empty
et	et	CONcoo	MORPH=empty
but	boivre	VERcjg	MORPH=empty
tant	tant	ADVgen	MORPH=empty
que	que4	CONsub	MORPH=empty
asez	assez	ADVgen	MORPH=empty
en	en2	PROadv	MORPH=empty
ot	avoir	VERcjg	MORPH=empty
.	.	PONfrt	MORPH=empty
Lors	lors	ADVgen	MORPH=empty
prist	prendre	VERcjg	MORPH=empty
congié	congié	NOMcom	MORPH=empty
tot	tot	ADVgen	MORPH=empty
maintenant	maintenant	ADVgen	MORPH=empty
,	,	PONfbl	MORPH=empty
si	si	ADVgen	MORPH=empty
recovri	recovrir2	VERcjg	MORPH=empty
le	le	DETdef	MORPH=empty
remenant	remanant	NOMcom	MORPH=empty
et	et	CONcoo	MORPH=empty
comanda	comander	VERcjg	MORPH=empty
a	a3	PRE	MORPH=empty
Deu	Dieu	NOMpro	MORPH=empty
celi	cel	PROdem	MORPH=empty
cui	cui	PROrel	MORPH=empty
ses	son4	DETpos	MORPH=empty
saluz	salu	NOMcom	MORPH=empty
point	point	ADVneg	MORPH=empty
n'	ne1	ADVneg	MORPH=empty
abeli	abel1ir	VERcjg	MORPH=empty
.	.	PONfrt	MORPH=empty
"	"	PONpxx	MORPH=empty
Dex	Dieu	NOMpro	MORPH=empty
vos	vos	PROper	MORPH=empty
saut	sauver	VERcjg	MORPH=empty
,	,	PONfbl	MORPH=empty
fet	faire	VERcjg	MORPH=empty
il	il	PROper	MORPH=empty
,	,	PONfbl	MORPH=empty
bele	bel1	ADJqua	MORPH=empty
amie	ami	NOMcom	MORPH=empty
!	!	PONfrt	MORPH=empty
Por	por2	PRE	MORPH=empty
Deu	Dieu	NOMpro	MORPH=empty
,	,	PONfbl	MORPH=empty
ne	ne1	ADVneg	MORPH=empty
vos	vos	PROper	MORPH=empty
enuit	enoiier	VERcjg	MORPH=empty
il	il	PROimp	MORPH=empty
mie	mie	ADVneg	MORPH=empty
de	de	PRE	MORPH=empty
vostre	vostre	DETpos	MORPH=empty
anel	anel1	NOMcom	MORPH=empty
que	que2	PROrel	MORPH=empty
je	je	PROper	MORPH=empty
an	en2	PROadv	MORPH=empty
port	porter	VERcjg	MORPH=empty
,	,	PONfbl	MORPH=empty
qu'	que4	CONcoo	MORPH=empty
ainçois	ainçois	ADVgen	MORPH=empty
que	que4	CONsub	MORPH=empty
je	je	PROper	MORPH=empty
muire	morir	VERcjg	MORPH=empty
de	de	PRE	MORPH=empty
mort	mort	NOMcom	MORPH=empty
le	il	PROper	MORPH=empty
vos	vos	PROper	MORPH=empty
guerredonerai	guerredoner	VERcjg	MORPH=empty
gié	je	PROper	MORPH=empty
.	.	PONfrt	MORPH=empty
Je	je	PROper	MORPH=empty
m'	je	PROper	MORPH=empty
an	en2	PROadv	MORPH=empty
vois	aler	VERcjg	MORPH=empty
a	a3	PRE	MORPH=empty
vostre	vostre	DETpos	MORPH=empty
congié	congié	NOMcom	MORPH=empty
.	.	PONfrt	MORPH=empty
"	"	PONpxx	MORPH=empty
Et	et	CONcoo	MORPH=empty
cele	cel	PROdem	MORPH=empty
plore	plorer	VERcjg	MORPH=empty
et	et	CONcoo	MORPH=empty
dit	dire	VERcjg	MORPH=empty
que	que4	CONsub	MORPH=empty
ja	ja	ADVgen	MORPH=empty
a	a3	PRE	MORPH=empty
Deu	Dieu	NOMpro	MORPH=empty
ne	ne1	ADVneg	MORPH=empty
le	il	PROper	MORPH=empty
comandera	comander	VERcjg	MORPH=empty
,	,	PONfbl	MORPH=empty
car	car	CONcoo	MORPH=empty
il	il	PROimp	MORPH=empty
li	il	PROper	MORPH=empty
covandra	covenir	VERcjg	MORPH=empty
por	por2	PRE	MORPH=empty
lui	il	PROper	MORPH=empty
tant	tant	ADVgen	MORPH=empty
avoir	avoir	VERinf	MORPH=empty
honte	honte	NOMcom	MORPH=empty
et	et	CONcoo	MORPH=empty
tant	tant	DETind	MORPH=empty
enui	enui	NOMcom	MORPH=empty
que	que4	CONsub	MORPH=empty
tant	tant	ADVgen	MORPH=empty
n'	ne1	ADVneg	MORPH=empty
an	en2	PROadv	MORPH=empty
ot	avoir	VERcjg	MORPH=empty
nule	nul	DETind	MORPH=empty
chestive	chaitif	ADJqua	MORPH=empty
,	,	PONfbl	MORPH=empty
ne	ne2	CONcoo	MORPH=empty
ja	ja	ADVgen	MORPH=empty
par	par	PRE	MORPH=empty
lui	il	PROper	MORPH=empty
,	,	PONfbl	MORPH=empty
tant	tant	ADVgen	MORPH=empty
con	come1	CONsub	MORPH=empty
il	il	PROper	MORPH=empty
vive	vivre1	VERcjg	MORPH=empty
,	,	PONfbl	MORPH=empty
n'	ne1	ADVneg	MORPH=empty
an	en2	PROadv	MORPH=empty
avra	avoir	VERcjg	MORPH=empty
secors	secors	NOMcom	MORPH=empty
ne	ne2	CONcoo	MORPH=empty
aïe	äie	NOMcom	MORPH=empty
,	,	PONfbl	MORPH=empty
si	si	ADVgen	MORPH=empty
saiche	savoir	VERcjg	MORPH=empty
bien	bien1	ADVgen	MORPH=empty
qu'	que4	CONsub	MORPH=empty
il	il	PROper	MORPH=empty
l'	il	PROper	MORPH=empty
a	avoir	VERcjg	MORPH=empty
traïe	träir	VERppe	MORPH=empty
.	.	PONfrt	MORPH=empty
Ensi	ainsi	ADVgen	MORPH=empty
remest	remanoir	VERcjg	MORPH=empty
cele	cel	PROdem	MORPH=empty
plorant	plorer	VERppa	MORPH=empty
.	.	PONfrt	MORPH=empty
Puis	puis	ADVgen	MORPH=empty
n'	ne1	ADVneg	MORPH=empty
ala	aler	VERcjg	MORPH=empty
gueres	gaire	ADVgen	MORPH=empty
demorant	demorer	VERppa	MORPH=empty
ses	son4	DETpos	MORPH=empty
amis	ami	NOMcom	MORPH=empty
que	que4	CONsub	MORPH=empty
del	de+le	PRE.DETdef	MORPH=empty
bois	bois	NOMcom	MORPH=empty
revint	revenir	VERcjg	MORPH=empty
.	.	PONfrt	MORPH=empty
Del	de+le	PRE.DETdef	MORPH=empty
vaslet	vaslet	NOMcom	MORPH=empty
qui	qui	PROrel	MORPH=empty
sa	son4	DETpos	MORPH=empty
voie	voie	NOMcom	MORPH=empty
tint	tenir1	VERcjg	MORPH=empty
vit	vëoir	VERcjg	MORPH=empty
les	le	DETdef	MORPH=empty
escloz	esclo	NOMcom	MORPH=empty
,	,	PONfbl	MORPH=empty
si	si	ADVgen	MORPH=empty
li	il	PROper	MORPH=empty
greva	grever	VERcjg	MORPH=empty
;	;	PONfbl	MORPH=empty
et	et	CONcoo	MORPH=empty
s'	son4	DETpos	MORPH=empty
amie	ami	NOMcom	MORPH=empty
plorant	plorer	VERppa	MORPH=empty
trova	trover	VERcjg	MORPH=empty
,	,	PONfbl	MORPH=empty
si	si	ADVgen	MORPH=empty
dist	dire	VERcjg	MORPH=empty
:	:	PONfbl	MORPH=empty
"	"	PONpxx	MORPH=empty
Dameisele	damoisele	NOMcom	MORPH=empty
,	,	PONfbl	MORPH=empty
je	je	PROper	MORPH=empty
croi	croire	VERcjg	MORPH=empty
a	a3	PRE	MORPH=empty
ces	ce2	DETdem	MORPH=empty
ansaignes	enseigne	NOMcom	MORPH=empty
que	que2	PROrel	MORPH=empty
je	je	PROper	MORPH=empty
voi	vëoir	VERcjg	MORPH=empty
que	que4	CONsub	MORPH=empty
chevalier	chevalier	NOMcom	MORPH=empty
a	avoir	VERcjg	MORPH=empty
eü	avoir	VERppe	MORPH=empty
ci	ci	ADVgen	MORPH=empty
.	.	PONfrt	MORPH=empty
Non	non	ADVneg	MORPH=empty
a	avoir	VERcjg	MORPH=empty
,	,	PONfbl	MORPH=empty
sire	seignor	NOMcom	MORPH=empty
,	,	PONfbl	MORPH=empty
jel	je+il	PROper.PROper	MORPH=empty
vos	vos	PROper	MORPH=empty
afi	afïer	VERcjg	MORPH=empty
,	,	PONfbl	MORPH=empty
mes	mais1	CONcoo	MORPH=empty
un	un	DETndf	MORPH=empty
vaslet	vaslet	NOMcom	MORPH=empty
galois	Galois	ADJqua	MORPH=empty
i	i2	PROadv	MORPH=empty
ot	avoir	VERcjg	MORPH=empty
,	,	PONfbl	MORPH=empty
enuieus	enoios	ADJqua	MORPH=empty
et	et	CONcoo	MORPH=empty
vilain	vilain	ADJqua	MORPH=empty
sot	sot	ADJqua	MORPH=empty
,	,	PONfbl	MORPH=empty
qui	qui	PROrel	MORPH=empty
a	avoir	VERcjg	MORPH=empty
de	de	PRE	MORPH=empty
vostre	vostre	DETpos	MORPH=empty
vin	vin	NOMcom	MORPH=empty
beü	boivre	VERppe	MORPH=empty
tant	tant	ADVgen	MORPH=empty
con	come1	CONsub	MORPH=empty
lui	il	PROper	MORPH=empty
plot	plaire	VERcjg	MORPH=empty
et	et	CONcoo	MORPH=empty
bon	bon	ADJqua	MORPH=empty
li	il	PROper	MORPH=empty
fu	estre1	VERcjg	MORPH=empty
,	,	PONfbl	MORPH=empty
et	et	CONcoo	MORPH=empty
manja	mangier	VERcjg	MORPH=empty
de	de	PRE	MORPH=empty
voz	vostre	DETpos	MORPH=empty
.iii.	3	ADJcar	MORPH=empty
pastez	pasté	NOMcom	MORPH=empty
.	.	PONfrt	MORPH=empty
Et	et	CONcoo	MORPH=empty
por	por2	PRE	MORPH=empty
ce	ce1	PROdem	MORPH=empty
,	,	PONfbl	MORPH=empty
bele	bel1	ADJqua	MORPH=empty
,	,	PONfbl	MORPH=empty
si	si	ADVgen	MORPH=empty
plorez	plorer	VERcjg	MORPH=empty
?	?	PONfrt	MORPH=empty
S'	se	CONsub	MORPH=empty
il	il	PROper	MORPH=empty
eüst	avoir	VERcjg	MORPH=empty
beü	boivre	VERppe	MORPH=empty
et	et	CONcoo	MORPH=empty
mangié	mangier	VERppe	MORPH=empty
trestot	trestot	PROind	MORPH=empty
,	,	PONfbl	MORPH=empty
si	si	ADVgen	MORPH=empty
le	il	PROper	MORPH=empty
volsisse	voloir	VERcjg	MORPH=empty
gié	je	PROper	MORPH=empty
.	.	PONfrt	MORPH=empty
Il	il	PROimp	MORPH=empty
i	i2	PROadv	MORPH=empty
a	avoir	VERcjg	MORPH=empty
plus	plus	ADVgen	MORPH=empty
,	,	PONfbl	MORPH=empty
sire	seignor	NOMcom	MORPH=empty
,	,	PONfbl	MORPH=empty
dist	dire	VERcjg	MORPH=empty
ele	il	PROper	MORPH=empty
.	.	PONfrt	MORPH=empty
Mes	mon1	DETpos	MORPH=empty
eniax	anel1	NOMcom	MORPH=empty
est	estre1	VERcjg	MORPH=empty
an	en1	PRE	MORPH=empty
la	le	DETdef	MORPH=empty
querele	querele	NOMcom	MORPH=empty
,	,	PONfbl	MORPH=empty
qu'	que4	CONcoo	MORPH=empty
il	il	PROper	MORPH=empty
lo	il	PROper	MORPH=empty
me	je	PROper	MORPH=empty
toli	tolir	VERcjg	MORPH=empty
,	,	PONfbl	MORPH=empty
si	si	ADVgen	MORPH=empty
l'	il	PROper	MORPH=empty
an	en2	PROadv	MORPH=empty
porte	porter	VERcjg	MORPH=empty
.	.	PONfrt	MORPH=empty
Je	je	PROper	MORPH=empty
volsisse	voloir	VERcjg	MORPH=empty
mialz	mieus	ADVgen	MORPH=empty
estre	estre1	VERinf	MORPH=empty
morte	morir	VERppe	MORPH=empty
qu'	que4	CONsub	MORPH=empty
il	il	PROper	MORPH=empty
l'	il	PROper	MORPH=empty
an	en2	PROadv	MORPH=empty
eüst	avoir	VERcjg	MORPH=empty
ensi	ainsi	ADVgen	MORPH=empty
porté	porter	VERppe	MORPH=empty
.	.	PONfrt	MORPH=empty
"	"	PONpxx	MORPH=empty
Ez	ez	ADVgen	MORPH=empty
vos	vos	PROper	MORPH=empty
celui	cel	PROdem	MORPH=empty
desconforté	desconforter	VERppe	MORPH=empty
et	et	CONcoo	MORPH=empty
angoisseus	angoissos	ADJqua	MORPH=empty
an	en1	PRE	MORPH=empty
son	son4	DETpos	MORPH=empty
coraige	corage	NOMcom	MORPH=empty
.	.	PONfrt	MORPH=empty
"	"	PONpxx	MORPH=empty
Par	par	PRE	MORPH=empty
foi	foi	NOMcom	MORPH=empty
,	,	PONfbl	MORPH=empty
fet	faire	VERcjg	MORPH=empty
il	il	PROper	MORPH=empty
,	,	PONfbl	MORPH=empty
ci	ci	ADVgen	MORPH=empty
ot	avoir	VERcjg	MORPH=empty
oltraige	outrage	NOMcom	MORPH=empty
!	!	PONfrt	MORPH=empty
Et	et	CONcoo	MORPH=empty
des	des2	ADVgen	MORPH=empty
qu'	que4	CONsub	MORPH=empty
il	il	PROper	MORPH=empty
l'	il	PROper	MORPH=empty
an	en2	PROadv	MORPH=empty
porte	porter	VERcjg	MORPH=empty
,	,	PONfbl	MORPH=empty
si	si	ADVgen	MORPH=empty
l'	il	PROper	MORPH=empty
ait	avoir	VERcjg	MORPH=empty
!	!	PONfrt	MORPH=empty
Mes	mais1	CONcoo	MORPH=empty
je	je	PROper	MORPH=empty
cuit	cuidier1	VERcjg	MORPH=empty
qu'	que4	CONsub	MORPH=empty
il	il	PROper	MORPH=empty
i	i2	PROadv	MORPH=empty
ot	avoir	VERcjg	MORPH=empty
plus	plus	ADVgen	MORPH=empty
fait	faire	VERppe	MORPH=empty
.	.	PONfrt	MORPH=empty
Se	se	CONsub	MORPH=empty
plus	plus	ADVgen	MORPH=empty
i	i2	PROadv	MORPH=empty
ot	avoir	VERcjg	MORPH=empty
,	,	PONfbl	MORPH=empty
nel	ne1+il	ADVneg.PROper	MORPH=empty
celer	celer1	VERinf	MORPH=empty
ja	ja	ADVgen	MORPH=empty
.	.	PONfrt	MORPH=empty
Sire	seignor	NOMcom	MORPH=empty
,	,	PONfbl	MORPH=empty
fet	faire	VERcjg	MORPH=empty
ele	il	PROper	MORPH=empty
,	,	PONfbl	MORPH=empty
il	il	PROper	MORPH=empty
me	je	PROper	MORPH=empty
beisa	baisier	VERcjg	MORPH=empty
.	.	PONfrt	MORPH=empty
Beisa	baisier	VERcjg	MORPH=empty
?	?	PONfrt	MORPH=empty
Voire	voir	ADVgen	MORPH=empty
,	,	PONfbl	MORPH=empty
jel	je+il	PROper.PROper	MORPH=empty
vos	vos	PROper	MORPH=empty
di	dire	VERcjg	MORPH=empty
bien	bien1	ADVgen	MORPH=empty
,	,	PONfbl	MORPH=empty
mes	mais1	CONcoo	MORPH=empty
ce	ce1	PROdem	MORPH=empty
fu	estre1	VERcjg	MORPH=empty
maleoit	malëir	VERppe	MORPH=empty
gré	gré2	NOMcom	MORPH=empty
mien	mien	ADJpos	MORPH=empty
.	.	PONfrt	MORPH=empty
Einçois	ainçois	ADVgen	MORPH=empty
vos	vos	PROper	MORPH=empty
sist	sëoir	VERcjg	MORPH=empty
et	et	CONcoo	MORPH=empty
si	si	ADVgen	MORPH=empty
vos	vos	PROper	MORPH=empty
plot	plaire	VERcjg	MORPH=empty
.	.	PONfrt	MORPH=empty
Onques	onque	ADVgen	MORPH=empty
nul	nul	DETind	MORPH=empty
contredit	contredit	NOMcom	MORPH=empty
n'	ne1	ADVneg	MORPH=empty
i	i2	PROadv	MORPH=empty
ot	avoir	VERcjg	MORPH=empty
,	,	PONfbl	MORPH=empty
fet	faire	VERcjg	MORPH=empty
cil	cel	PROdem	MORPH=empty
qui	qui	PROrel	MORPH=empty
jalosie	jalosie	NOMcom	MORPH=empty
angoisse	angoissier	VERcjg	MORPH=empty
.	.	PONfrt	MORPH=empty
Cuidiez	cuidier1	VERcjg	MORPH=empty
que	que4	CONsub	MORPH=empty
je	je	PROper	MORPH=empty
ne	ne1	ADVneg	MORPH=empty
vos	vos	PROper	MORPH=empty
conuisse	conoistre	VERcjg	MORPH=empty
?	?	PONfrt	MORPH=empty
Si	si	ADVgen	MORPH=empty
faz	faire	VERcjg	MORPH=empty
,	,	PONfbl	MORPH=empty
certes	certes	ADVgen	MORPH=empty
,	,	PONfbl	MORPH=empty
bien	bien1	ADVgen	MORPH=empty
vos	vos	PROper	MORPH=empty
conois	conoistre	VERcjg	MORPH=empty
.	.	PONfrt	MORPH=empty
Ne	ne1	ADVneg	MORPH=empty
sui	estre1	VERcjg	MORPH=empty
si	si	ADVgen	MORPH=empty
borgnes	borgne	ADJqua	MORPH=empty
ne	ne2	CONcoo	MORPH=empty
si	si	ADVgen	MORPH=empty
lois	lois	ADJqua	MORPH=empty
que	que4	CONsub	MORPH=empty
vostre	vostre	DETpos	MORPH=empty
fauseté	fausseté	NOMcom	MORPH=empty
ne	ne1	ADVneg	MORPH=empty
voie	vëoir	VERcjg	MORPH=empty
.	.	PONfrt	MORPH=empty
Antree	entrer	VERppe	MORPH=empty
estes	estre1	VERcjg	MORPH=empty
an	en1	PRE	MORPH=empty
male	mal1	ADJqua	MORPH=empty
voie	voie	NOMcom	MORPH=empty
,	,	PONfbl	MORPH=empty
antree	entrer	VERppe	MORPH=empty
estes	estre1	VERcjg	MORPH=empty
an	en1	PRE	MORPH=empty
male	mal1	ADJqua	MORPH=empty
painne	peine	NOMcom	MORPH=empty
,	,	PONfbl	MORPH=empty
que	que4	CONcoo	MORPH=empty
ja	ja	ADVgen	MORPH=empty
ne	ne1	ADVneg	MORPH=empty
mangera	mangier	VERcjg	MORPH=empty
d'	de	PRE	MORPH=empty
avainne	aveine	NOMcom	MORPH=empty
vostre	vostre	DETpos	MORPH=empty
chevax	cheval	NOMcom	MORPH=empty
ne	ne2	CONcoo	MORPH=empty
n'	ne1	ADVneg	MORPH=empty
iert	estre1	VERcjg	MORPH=empty
seniez	saignier	VERppe	MORPH=empty
tant	tant	ADVgen	MORPH=empty
que	que4	CONsub	MORPH=empty
je	je	PROper	MORPH=empty
me	je	PROper	MORPH=empty
serai	estre1	VERcjg	MORPH=empty
vangiez	vengier	VERppe	MORPH=empty
;	;	PONfbl	MORPH=empty
et	et	CONcoo	MORPH=empty
la	là	ADVgen	MORPH=empty
ou	où	PROrel	MORPH=empty
il	il	PROper	MORPH=empty
desferrera	desferrer	VERcjg	MORPH=empty
,	,	PONfbl	MORPH=empty
ja	ja	ADVgen	MORPH=empty
mes	mais1	ADVgen	MORPH=empty
referrez	referrer	VERcjg	MORPH=empty
ne	ne1	ADVneg	MORPH=empty
sera	estre1	VERcjg	MORPH=empty
.	.	PONfrt	MORPH=empty
S'	se	CONsub	MORPH=empty
il	il	PROper	MORPH=empty
muert	morir	VERcjg	MORPH=empty
,	,	PONfbl	MORPH=empty
vos	vos	PROper	MORPH=empty
me	je	PROper	MORPH=empty
sivroiz	sivre	VERcjg	MORPH=empty
a	a3	PRE	MORPH=empty
pié	pié	NOMcom	MORPH=empty
ne	ne2	CONcoo	MORPH=empty
ja	ja	ADVgen	MORPH=empty
mes	mais1	ADVgen	MORPH=empty
ne	ne1	ADVneg	MORPH=empty
seront	estre1	VERcjg	MORPH=empty
changié	changier	VERppe	MORPH=empty
li	le	DETdef	MORPH=empty
drap	drap	NOMcom	MORPH=empty
don	dont	PROrel	MORPH=empty
vos	vos	PROper	MORPH=empty
estes	estre1	VERcjg	MORPH=empty
vestue	vestir	VERppe	MORPH=empty
,	,	PONfbl	MORPH=empty
einz	ainz	ADVgen	MORPH=empty
me	je	PROper	MORPH=empty
sivrez	sivre	VERcjg	MORPH=empty
a	a3	PRE	MORPH=empty
pié	pié	NOMcom	MORPH=empty
et	et	CONcoo	MORPH=empty
nue	nu1	ADJqua	MORPH=empty
tant	tant	ADVgen	MORPH=empty
que	que4	CONsub	MORPH=empty
la	le	DETdef	MORPH=empty
teste	teste	NOMcom	MORPH=empty
an	en2	PROadv	MORPH=empty
avrai	avoir	VERcjg	MORPH=empty
prise	prendre	VERppe	MORPH=empty
;	;	PONfbl	MORPH=empty
ja	ja	ADVgen	MORPH=empty
n'	ne1	ADVneg	MORPH=empty
an	en2	PROadv	MORPH=empty
ferai	faire	VERcjg	MORPH=empty
autre	autre	DETind	MORPH=empty
justise	justice	NOMcom	MORPH=empty
.	.	PONfrt	MORPH=empty
"	"	PONpxx	MORPH=empty
Atant	atant	ADVgen	MORPH=empty
s'	soi1	PROper	MORPH=empty
asist	asseoir	VERcjg	MORPH=empty
et	et	CONcoo	MORPH=empty
si	si	ADVgen	MORPH=empty
manja	mangier	VERcjg	MORPH=empty
,	,	PONfbl	MORPH=empty
et	et	CONcoo	MORPH=empty
li	le	DETdef	MORPH=empty
vaslez	vaslet	NOMcom	MORPH=empty
tant	tant	ADVgen	MORPH=empty
chevalcha	chevauchier	VERcjg	MORPH=empty
qu'	que4	CONsub	MORPH=empty
il	il	PROper	MORPH=empty
vit	vëoir	VERcjg	MORPH=empty
un	un	DETndf	MORPH=empty
charbonier	charbonier1	NOMcom	MORPH=empty
venant	venir	VERppa	MORPH=empty
,	,	PONfbl	MORPH=empty
devant	devant	PRE	MORPH=empty
lui	il	PROper	MORPH=empty
.i.	un	DETndf	MORPH=empty
asne	asne	NOMcom	MORPH=empty
menant	mener	VERppa	MORPH=empty
.	.	PONfrt	MORPH=empty
"	"	PONpxx	MORPH=empty
Vilains	vilain	NOMcom	MORPH=empty
,	,	PONfbl	MORPH=empty
fet	faire	VERcjg	MORPH=empty
il	il	PROper	MORPH=empty
,	,	PONfbl	MORPH=empty
ansaigne	enseignier	VERcjg	MORPH=empty
moi	je	PROper	MORPH=empty
,	,	PONfbl	MORPH=empty
qui	qui	PROrel	MORPH=empty
l'	le	DETdef	MORPH=empty
asne	asne	NOMcom	MORPH=empty
mainnes	mener	VERcjg	MORPH=empty
devant	devant	PRE	MORPH=empty
toi	tu	PROper	MORPH=empty
,	,	PONfbl	MORPH=empty
la	le	DETdef	MORPH=empty
plus	plus	ADVgen	MORPH=empty
droite	droit	ADJqua	MORPH=empty
voie	voie	NOMcom	MORPH=empty
a	a3	PRE	MORPH=empty
Carduel	Carduel	NOMpro	MORPH=empty
;	;	PONfbl	MORPH=empty
Le	le	DETdef	MORPH=empty
roi	roi2	NOMcom	MORPH=empty
Artus	Artu	NOMpro	MORPH=empty
,	,	PONfbl	MORPH=empty
que	que2	PROrel	MORPH=empty
veoir	vëoir	VERinf	MORPH=empty
vuel	voloir	VERcjg	MORPH=empty
,	,	PONfbl	MORPH=empty
I	i2	PROadv	MORPH=empty
fet	faire	VERcjg	MORPH=empty
chevaliers	chevalier	NOMcom	MORPH=empty
,	,	PONfbl	MORPH=empty
ce	ce1	PROdem	MORPH=empty
dit	dire	VERcjg	MORPH=empty
an	on	PROind	MORPH=empty
.	.	PONfrt	MORPH=empty
Vaslez	vaslet	NOMcom	MORPH=empty
,	,	PONfbl	MORPH=empty
fet	faire	VERcjg	MORPH=empty
il	il	PROper	MORPH=empty
,	,	PONfbl	MORPH=empty
an	en1	PRE	MORPH=empty
icel	icel	DETdem	MORPH=empty
san	sen2	NOMcom	MORPH=empty
a	avoir	VERcjg	MORPH=empty
.i.	un	DETndf	MORPH=empty
chastel	chastel	NOMcom	MORPH=empty
sor	sor2	PRE	MORPH=empty
mer	mer	NOMcom	MORPH=empty
asis	asseoir	VERppe	MORPH=empty
.	.	PONfrt	MORPH=empty
Li	le	DETdef	MORPH=empty
rois	roi2	NOMcom	MORPH=empty
Artus	Artu	NOMpro	MORPH=empty
,	,	PONfbl	MORPH=empty
biax	bel1	ADJqua	MORPH=empty
dolz	douz	ADJqua	MORPH=empty
amis	ami	NOMcom	MORPH=empty
,	,	PONfbl	MORPH=empty
lié	lié1	ADJqua	MORPH=empty
et	et	CONcoo	MORPH=empty
dolant	dolent	ADJqua	MORPH=empty
le	il	PROper	MORPH=empty
troveras	trover	VERcjg	MORPH=empty
a	a3	PRE	MORPH=empty
cel	cel	DETdem	MORPH=empty
chastel	chastel	NOMcom	MORPH=empty
,	,	PONfbl	MORPH=empty
se	se	CONsub	MORPH=empty
tu	tu	PROper	MORPH=empty
i	i2	PROadv	MORPH=empty
vas	aler	VERcjg	MORPH=empty
.	.	PONfrt	MORPH=empty
Or	or4	ADVgen	MORPH=empty
me	je	PROper	MORPH=empty
diroies	dire	VERcjg	MORPH=empty
ja	ja	ADVgen	MORPH=empty
mon	mon1	DETpos	MORPH=empty
vuel	vuel	NOMcom	MORPH=empty
de	de	PRE	MORPH=empty
coi	coi2	PROrel	MORPH=empty
li	le	DETdef	MORPH=empty
rois	roi2	NOMcom	MORPH=empty
a	avoir	VERcjg	MORPH=empty
joie	joie	NOMcom	MORPH=empty
et	et	CONcoo	MORPH=empty
duel	duel	NOMcom	MORPH=empty
.	.	PONfrt	MORPH=empty
Jel	je+il	PROper.PROper	MORPH=empty
te	tu	PROper	MORPH=empty
dirai	dire	VERcjg	MORPH=empty
,	,	PONfbl	MORPH=empty
fet	faire	VERcjg	MORPH=empty
il	il	PROper	MORPH=empty
,	,	PONfbl	MORPH=empty
mout	mout	ADVgen	MORPH=empty
tost	tost1	ADVgen	MORPH=empty
.	.	PONfrt	MORPH=empty
Li	le	DETdef	MORPH=empty
rois	roi2	NOMcom	MORPH=empty
Artus	Artu	NOMpro	MORPH=empty
et	et	CONcoo	MORPH=empty
tote	tot	DETind	MORPH=empty
s'	son4	DETpos	MORPH=empty
ost	ost	NOMcom	MORPH=empty
s'	soi1	PROper	MORPH=empty
est	estre1	VERcjg	MORPH=empty
au	a3+le	PRE.DETdef	MORPH=empty
roi	roi2	NOMcom	MORPH=empty
Ryon	Rion	NOMpro	MORPH=empty
conbatuz	combatre	VERppe	MORPH=empty
.	.	PONfrt	MORPH=empty
Li	le	DETdef	MORPH=empty
rois	roi2	NOMcom	MORPH=empty
des	de+le	PRE.DETdef	MORPH=empty
Isles	isle	NOMcom	MORPH=empty
fu	estre1	VERcjg	MORPH=empty
vaincuz	veintre	VERppe	MORPH=empty
,	,	PONfbl	MORPH=empty
et	et	CONcoo	MORPH=empty
de	de	PRE	MORPH=empty
c'	ce1	PROdem	MORPH=empty
est	estre1	VERcjg	MORPH=empty
li	le	DETdef	MORPH=empty
rois	roi2	NOMcom	MORPH=empty
Artus	Artu	NOMpro	MORPH=empty
liez	lié1	ADJqua	MORPH=empty
;	;	PONfbl	MORPH=empty
et	et	CONcoo	MORPH=empty
de	de	PRE	MORPH=empty
ses	son4	DETpos	MORPH=empty
conpaignons	compagnon	NOMcom	MORPH=empty
iriez	irier	ADJqua	MORPH=empty
,	,	PONfbl	MORPH=empty
qui	qui	PROrel	MORPH=empty
as	a3+le	PRE.DETdef	MORPH=empty
chastiax	chastel	NOMcom	MORPH=empty
se	soi1	PROper	MORPH=empty
departirent	departir	VERcjg	MORPH=empty
,	,	PONfbl	MORPH=empty
la	là	ADVgen	MORPH=empty
ou	où	PROrel	MORPH=empty
le	le	DETdef	MORPH=empty
meillor	meillor	ADJqua	MORPH=empty
sejor	sejor	NOMcom	MORPH=empty
virent	vëoir	VERcjg	MORPH=empty
,	,	PONfbl	MORPH=empty
n'	ne2	CONcoo	MORPH=empty
il	il	PROper	MORPH=empty
ne	ne1	ADVneg	MORPH=empty
set	savoir	VERcjg	MORPH=empty
comant	coment1	ADVsub	MORPH=empty
il	il	PROimp	MORPH=empty
lor	il	PROper	MORPH=empty
va	aler	VERcjg	MORPH=empty
:	:	PONfbl	MORPH=empty
de	de	PRE	MORPH=empty
c'	ce1	PROdem	MORPH=empty
est	estre1	VERcjg	MORPH=empty
li	le	DETdef	MORPH=empty
diax	duel	NOMcom	MORPH=empty
que	que2	PROrel	MORPH=empty
li	le	DETdef	MORPH=empty
rois	roi2	NOMcom	MORPH=empty
a	avoir	VERcjg	MORPH=empty
.	.	PONfrt	MORPH=empty
"	"	PONpxx	MORPH=empty
Li	le	DETdef	MORPH=empty
vaslez	vaslet	NOMcom	MORPH=empty
ne	ne1	ADVneg	MORPH=empty
prise	prisier	VERcjg	MORPH=empty
.i.	1	DETcar	MORPH=empty
denier	denier	NOMcom	MORPH=empty
les	le	DETdef	MORPH=empty
noveles	novele	NOMcom	MORPH=empty
au	a3+le	PRE.DETdef	MORPH=empty
charbonier	charbonier1	NOMcom	MORPH=empty
,	,	PONfbl	MORPH=empty
fors	fors1	ADVgen	MORPH=empty
que	que4	CONsub	MORPH=empty
tant	tant	ADVgen	MORPH=empty
qu'	que4	CONsub	MORPH=empty
an	en1	PRE	MORPH=empty
la	le	DETdef	MORPH=empty
voie	voie	NOMcom	MORPH=empty
antra	entrer	VERcjg	MORPH=empty
cele	cel	DETdem	MORPH=empty
part	part1	NOMcom	MORPH=empty
ou	où	PROrel	MORPH=empty
il	il	PROper	MORPH=empty
li	il	PROper	MORPH=empty
mostra	mostrer	VERcjg	MORPH=empty
,	,	PONfbl	MORPH=empty
tant	tant	ADVgen	MORPH=empty
que	que4	CONsub	MORPH=empty
sor	sor2	PRE	MORPH=empty
mer	mer	NOMcom	MORPH=empty
vit	vëoir	VERcjg	MORPH=empty
.i.	un	DETndf	MORPH=empty
chastel	chastel	NOMcom	MORPH=empty
,	,	PONfbl	MORPH=empty
mout	mout	ADVgen	MORPH=empty
bien	bien1	ADVgen	MORPH=empty
seant	sëoir	VERppa	MORPH=empty
et	et	CONcoo	MORPH=empty
fort	fort	ADJqua	MORPH=empty
et	et	CONcoo	MORPH=empty
bel	bel1	ADJqua	MORPH=empty
.	.	PONfrt	MORPH=empty
Et	et	CONcoo	MORPH=empty
voit	vëoir	VERcjg	MORPH=empty
issir	issir	VERinf	MORPH=empty
parmi	parmi	PRE	MORPH=empty
la	le	DETdef	MORPH=empty
porte	porte1	NOMcom	MORPH=empty
.I.	un	DETndf	MORPH=empty
chevalier	chevalier	NOMcom	MORPH=empty
armé	armer	VERppe	MORPH=empty
qui	qui	PROrel	MORPH=empty
porte	porter	VERcjg	MORPH=empty
une	un	DETndf	MORPH=empty
cope	cope1	NOMcom	MORPH=empty
d'	de	PRE	MORPH=empty
or	or1	NOMcom	MORPH=empty
an	en1	PRE	MORPH=empty
sa	son4	DETpos	MORPH=empty
main	main2	NOMcom	MORPH=empty
.	.	PONfrt	MORPH=empty
Sa	son4	DETpos	MORPH=empty
lance	lance	NOMcom	MORPH=empty
tenoit	tenir1	VERcjg	MORPH=empty
et	et	CONcoo	MORPH=empty
son	son4	DETpos	MORPH=empty
frain	frein	NOMcom	MORPH=empty
et	et	CONcoo	MORPH=empty
son	son4	DETpos	MORPH=empty
escu	escu	NOMcom	MORPH=empty
an	en1	PRE	MORPH=empty
la	le	DETdef	MORPH=empty
senestre	senestre	ADJqua	MORPH=empty
,	,	PONfbl	MORPH=empty
et	et	CONcoo	MORPH=empty
la	le	DETdef	MORPH=empty
cope	cope1	NOMcom	MORPH=empty
d'	de	PRE	MORPH=empty
or	or1	NOMcom	MORPH=empty
an	en1	PRE	MORPH=empty
la	le	DETdef	MORPH=empty
destre	destre	ADJqua	MORPH=empty
;	;	PONfbl	MORPH=empty
et	et	CONcoo	MORPH=empty
les	le	DETdef	MORPH=empty
armes	arme	NOMcom	MORPH=empty
bien	bien1	ADVgen	MORPH=empty
li	il	PROper	MORPH=empty
seoient	sëoir	VERcjg	MORPH=empty
,	,	PONfbl	MORPH=empty
qui	qui	PROrel	MORPH=empty
totes	tot	ADVgen	MORPH=empty
vermoilles	vermeil1	ADJqua	MORPH=empty
estoient	estre1	VERcjg	MORPH=empty
.	.	PONfrt	MORPH=empty
Li	le	DETdef	MORPH=empty
vaslez	vaslet	NOMcom	MORPH=empty
vit	vëoir	VERcjg	MORPH=empty
les	le	DETdef	MORPH=empty
armes	arme	NOMcom	MORPH=empty
beles	bel1	ADJqua	MORPH=empty
,	,	PONfbl	MORPH=empty
qui	qui	PROrel	MORPH=empty
totes	tot	ADVgen	MORPH=empty
estoient	estre1	VERcjg	MORPH=empty
noveles	novel	ADJqua	MORPH=empty
,	,	PONfbl	MORPH=empty
si	si	ADVgen	MORPH=empty
li	il	PROper	MORPH=empty
plorent	plaire	VERcjg	MORPH=empty
et	et	CONcoo	MORPH=empty
dist	dire	VERcjg	MORPH=empty
:	:	PONfbl	MORPH=empty
"	"	PONpxx	MORPH=empty
Par	par	PRE	MORPH=empty
foi	foi	NOMcom	MORPH=empty
,	,	PONfbl	MORPH=empty
cez	ce2	PROdem	MORPH=empty
demanderai	demander	VERcjg	MORPH=empty
ge	je	PROper	MORPH=empty
le	le	DETdef	MORPH=empty
roi	roi2	NOMcom	MORPH=empty
.	.	PONfrt	MORPH=empty
S'	se	CONsub	MORPH=empty
il	il	PROper	MORPH=empty
les	il	PROper	MORPH=empty
me	je	PROper	MORPH=empty
done	doner	VERcjg	MORPH=empty
,	,	PONfbl	MORPH=empty
bel	bel1	ADJqua	MORPH=empty
m'	je	PROper	MORPH=empty
an	en2	PROadv	MORPH=empty
iert	estre1	VERcjg	MORPH=empty
,	,	PONfbl	MORPH=empty
et	et	CONcoo	MORPH=empty
dahez	dehé	NOMcom	MORPH=empty
ait	avoir	VERcjg	MORPH=empty
qui	qui	PROrel	MORPH=empty
altres	autre	PROind	MORPH=empty
quiert	querre	VERcjg	MORPH=empty
!	!	PONfrt	MORPH=empty
"	"	PONpxx	MORPH=empty
Atant	atant	ADVgen	MORPH=empty
vers	vers2	PRE	MORPH=empty
le	le	DETdef	MORPH=empty
chastel	chastel	NOMcom	MORPH=empty
s'	soi1	PROper	MORPH=empty
an	en2	PROadv	MORPH=empty
cort	corir	VERcjg	MORPH=empty
,	,	PONfbl	MORPH=empty
que	que4	CONcoo	MORPH=empty
tart	tart	ADVgen	MORPH=empty
li	il	PROper	MORPH=empty
est	estre1	VERcjg	MORPH=empty
qu'	que4	CONsub	MORPH=empty
il	il	PROper	MORPH=empty
vaigne	venir	VERcjg	MORPH=empty
a	a3	PRE	MORPH=empty
cort	cort1	NOMcom	MORPH=empty
,	,	PONfbl	MORPH=empty
tant	tant	ADVgen	MORPH=empty
que	que4	CONsub	MORPH=empty
pres	près	ADVgen	MORPH=empty
del	de+le	PRE.DETdef	MORPH=empty
chevalier	chevalier	NOMcom	MORPH=empty
vint	venir	VERcjg	MORPH=empty
.	.	PONfrt	MORPH=empty
Et	et	CONcoo	MORPH=empty
li	le	DETdef	MORPH=empty
chevaliers	chevalier	NOMcom	MORPH=empty
le	il	PROper	MORPH=empty
retint	retenir	VERcjg	MORPH=empty
.i.	un	DETndf	MORPH=empty
petit	petit	PROind	MORPH=empty
,	,	PONfbl	MORPH=empty
si	si	ADVgen	MORPH=empty
li	il	PROper	MORPH=empty
demanda	demander	VERcjg	MORPH=empty
:	:	PONfbl	MORPH=empty
"	"	PONpxx	MORPH=empty
Ou	où	PROint	MORPH=empty
an	en2	PROadv	MORPH=empty
vas	aler	VERcjg	MORPH=empty
tu	tu	PROper	MORPH=empty
,	,	PONfbl	MORPH=empty
vaslez	vaslet	NOMcom	MORPH=empty
,	,	PONfbl	MORPH=empty
di	dire	VERcjg	MORPH=empty
va	aler	VERcjg	MORPH=empty
?	?	PONfrt	MORPH=empty
Je	je	PROper	MORPH=empty
vuel	voloir	VERcjg	MORPH=empty
,	,	PONfbl	MORPH=empty
fet	faire	VERcjg	MORPH=empty
il	il	PROper	MORPH=empty
,	,	PONfbl	MORPH=empty
a	a3	PRE	MORPH=empty
cort	cort1	NOMcom	MORPH=empty
aler	aler	VERinf	MORPH=empty
,	,	PONfbl	MORPH=empty
au	a3+le	PRE.DETdef	MORPH=empty
roi	roi2	NOMcom	MORPH=empty
ces	ce2	DETdem	MORPH=empty
armes	arme	NOMcom	MORPH=empty
demander	demander	VERinf	MORPH=empty
.	.	PONfrt	MORPH=empty
Vaslez	vaslet	NOMcom	MORPH=empty
,	,	PONfbl	MORPH=empty
fet	faire	VERcjg	MORPH=empty
il	il	PROper	MORPH=empty
,	,	PONfbl	MORPH=empty
or	or4	ADVgen	MORPH=empty
diz	dire	VERcjg	MORPH=empty
tu	tu	PROper	MORPH=empty
bien	bien1	ADVgen	MORPH=empty
.	.	PONfrt	MORPH=empty
Or	or4	ADVgen	MORPH=empty
va	aler	VERcjg	MORPH=empty
donc	donc	ADVgen	MORPH=empty
tost	tost1	ADVgen	MORPH=empty
et	et	CONcoo	MORPH=empty
si	si	ADVgen	MORPH=empty
revien	revenir	VERcjg	MORPH=empty
,	,	PONfbl	MORPH=empty
et	et	CONcoo	MORPH=empty
tant	tant	ADVgen	MORPH=empty
diras	dire	VERcjg	MORPH=empty
au	a3+le	PRE.DETdef	MORPH=empty
malvés	mauvais	ADJqua	MORPH=empty
roi	roi2	NOMcom	MORPH=empty
se	se	CONsub	MORPH=empty
il	il	PROper	MORPH=empty
ne	ne1	ADVneg	MORPH=empty
vialt	voloir	VERcjg	MORPH=empty
tenir	tenir1	VERinf	MORPH=empty
de	de	PRE	MORPH=empty
moi	je	PROper	MORPH=empty
sa	son4	DETpos	MORPH=empty
terre	terre	NOMcom	MORPH=empty
,	,	PONfbl	MORPH=empty
que	que4	CONsub	MORPH=empty
il	il	PROper	MORPH=empty
la	il	PROper	MORPH=empty
me	je	PROper	MORPH=empty
rande	rendre	VERcjg	MORPH=empty
,	,	PONfbl	MORPH=empty
ou	o3	CONcoo	MORPH=empty
il	il	PROper	MORPH=empty
anvoit	envoiier	VERcjg	MORPH=empty
qui	qui	PROrel	MORPH=empty
la	il	PROper	MORPH=empty
desfande	defendre	VERcjg	MORPH=empty
vers	vers2	PRE	MORPH=empty
moi	je	PROper	MORPH=empty
,	,	PONfbl	MORPH=empty
qui	qui	PROrel	MORPH=empty
di	dire	VERcjg	MORPH=empty
que	que4	CONsub	MORPH=empty
ele	il	PROper	MORPH=empty
est	estre1	VERcjg	MORPH=empty
moie	mien	PROpos	MORPH=empty
.	.	PONfrt	MORPH=empty
Et	et	CONcoo	MORPH=empty
a	a3	PRE	MORPH=empty
ces	ce2	DETdem	MORPH=empty
ansaignes	enseigne	NOMcom	MORPH=empty
t'	tu	PROper	MORPH=empty
an	en2	PROadv	MORPH=empty
croie	croire	VERcjg	MORPH=empty
que	que4	CONsub	MORPH=empty
devant	devant	PRE	MORPH=empty
lui	il	PROper	MORPH=empty
pris	prendre	VERcjg	MORPH=empty
or	or4	ADVgen	MORPH=empty
androit	endroit	ADVgen	MORPH=empty
,	,	PONfbl	MORPH=empty
atot	atot	PRE	MORPH=empty
le	le	DETdef	MORPH=empty
vin	vin	NOMcom	MORPH=empty
dont	dont	PROrel	MORPH=empty
il	il	PROper	MORPH=empty
bevoit	boivre	VERcjg	MORPH=empty
,	,	PONfbl	MORPH=empty
ceste	cest	DETdem	MORPH=empty
cope	cope1	NOMcom	MORPH=empty
que	que2	PROrel	MORPH=empty
je	je	PROper	MORPH=empty
ci	ci	ADVgen	MORPH=empty
port	porter	VERcjg	MORPH=empty
.	.	PONfrt	MORPH=empty
"	"	PONpxx	MORPH=empty
Or	or4	ADVgen	MORPH=empty
quiere	querre	VERcjg	MORPH=empty
autrui	autrui	PROind	MORPH=empty
qui	qui	PROrel	MORPH=empty
li	il	PROper	MORPH=empty
recort	recorder	VERcjg	MORPH=empty
,	,	PONfbl	MORPH=empty
que	que4	CONcoo	MORPH=empty
cil	cel	PROdem	MORPH=empty
n'	ne1	ADVneg	MORPH=empty
i	i2	PROadv	MORPH=empty
a	avoir	VERcjg	MORPH=empty
mot	mot	NOMcom	MORPH=empty
antandu	entendre	VERppe	MORPH=empty
.	.	PONfrt	MORPH=empty
Jusqu'	jusque	PRE	MORPH=empty
a	a3	PRE	MORPH=empty
la	le	DETdef	MORPH=empty
cort	cort1	NOMcom	MORPH=empty
n'	ne1	ADVneg	MORPH=empty
a	avoir	VERcjg	MORPH=empty
atandu	atendre	VERppe	MORPH=empty
,	,	PONfbl	MORPH=empty
ou	où	PROrel	MORPH=empty
li	le	DETdef	MORPH=empty
rois	roi2	NOMcom	MORPH=empty
et	et	CONcoo	MORPH=empty
li	le	DETdef	MORPH=empty
chevalier	chevalier	NOMcom	MORPH=empty
estoient	estre1	VERcjg	MORPH=empty
asis	asseoir	VERppe	MORPH=empty
au	a3+le	PRE.DETdef	MORPH=empty
mangier	mangier	VERinf	MORPH=empty
.	.	PONfrt	MORPH=empty
La	le	DETdef	MORPH=empty
sale	sale1	NOMcom	MORPH=empty
fu	estre1	VERcjg	MORPH=empty
par	par	PRE	MORPH=empty
terre	terre	NOMcom	MORPH=empty
aval	aval	ADVgen	MORPH=empty
,	,	PONfbl	MORPH=empty
et	et	CONcoo	MORPH=empty
li	le	DETdef	MORPH=empty
vaslez	vaslet	NOMcom	MORPH=empty
antre	entrer	VERcjg	MORPH=empty
a	a3	PRE	MORPH=empty
cheval	cheval	NOMcom	MORPH=empty
an	en1	PRE	MORPH=empty
la	le	DETdef	MORPH=empty
sale	sale1	NOMcom	MORPH=empty
qui	qui	PROrel	MORPH=empty
fu	estre1	VERcjg	MORPH=empty
pavee	paver	VERppe	MORPH=empty
et	et	CONcoo	MORPH=empty
longue	lonc	ADJqua	MORPH=empty
autretant	autretant	ADVgen	MORPH=empty
come	come1	CONsub	MORPH=empty
lee	lé	ADJqua	MORPH=empty
.	.	PONfrt	MORPH=empty
Et	et	CONcoo	MORPH=empty
li	le	DETdef	MORPH=empty
rois	roi2	NOMcom	MORPH=empty
Artus	Artu	NOMpro	MORPH=empty
s'	soi1	PROper	MORPH=empty
ert	estre1	VERcjg	MORPH=empty
asis	asseoir	VERppe	MORPH=empty
au	a3+le	PRE.DETdef	MORPH=empty
chief	chief1	NOMcom	MORPH=empty
d'	de	PRE	MORPH=empty
une	un	DETndf	MORPH=empty
table	table	NOMcom	MORPH=empty
pansis	pensif	ADJqua	MORPH=empty
;	;	PONfbl	MORPH=empty
et	et	CONcoo	MORPH=empty
tuit	tot	DETind	MORPH=empty
li	le	DETdef	MORPH=empty
chevalier	chevalier	NOMcom	MORPH=empty
parloient	parler	VERcjg	MORPH=empty
,	,	PONfbl	MORPH=empty
li	le	DETdef	MORPH=empty
.i.	un	PROind	MORPH=empty
as	a3+le	PRE.DETdef	MORPH=empty
autres	autre	PROind	MORPH=empty
deduisoient	deduire	VERcjg	MORPH=empty
,	,	PONfbl	MORPH=empty
fors	fors1	PRE	MORPH=empty
il	il	PROper	MORPH=empty
,	,	PONfbl	MORPH=empty
qui	qui	PROrel	MORPH=empty
fu	estre1	VERcjg	MORPH=empty
pansis	pensif	ADJqua	MORPH=empty
et	et	CONcoo	MORPH=empty
muz	mu1	ADJqua	MORPH=empty
.	.	PONfrt	MORPH=empty
Li	le	DETdef	MORPH=empty
vaslez	vaslet	NOMcom	MORPH=empty
est	estre1	VERcjg	MORPH=empty
avant	avant	ADVgen	MORPH=empty
venuz	venir	VERppe	MORPH=empty
,	,	PONfbl	MORPH=empty
n'	ne2	CONcoo	MORPH=empty
il	il	PROper	MORPH=empty
ne	ne1	ADVneg	MORPH=empty
set	savoir	VERcjg	MORPH=empty
le	le	DETdef	MORPH=empty
quel	quel1	DETrel	MORPH=empty
il	il	PROper	MORPH=empty
salut	salüer	VERcjg	MORPH=empty
,	,	PONfbl	MORPH=empty
que	que4	CONcoo	MORPH=empty
del	de+le	PRE.DETdef	MORPH=empty
roi	roi2	NOMcom	MORPH=empty
mie	mie	ADVneg	MORPH=empty
ne	ne1	ADVneg	MORPH=empty
conut	conoistre	VERcjg	MORPH=empty
,	,	PONfbl	MORPH=empty
tant	tant	ADVgen	MORPH=empty
qu'	que4	CONsub	MORPH=empty
Ionez	Yonet	NOMpro	MORPH=empty
contre	contre	PRE	MORPH=empty
lui	il	PROper	MORPH=empty
vint	venir	VERcjg	MORPH=empty
,	,	PONfbl	MORPH=empty
qui	qui	PROrel	MORPH=empty
an	en1	PRE	MORPH=empty
sa	son4	DETpos	MORPH=empty
main	main2	NOMcom	MORPH=empty
.i.	un	DETndf	MORPH=empty
costel	coutel	NOMcom	MORPH=empty
tint	tenir1	VERcjg	MORPH=empty
.	.	PONfrt	MORPH=empty
"	"	PONpxx	MORPH=empty
Vaslez	vaslet	NOMcom	MORPH=empty
,	,	PONfbl	MORPH=empty
fet	faire	VERcjg	MORPH=empty
il	il	PROper	MORPH=empty
,	,	PONfbl	MORPH=empty
tu	tu	PROper	MORPH=empty
qui	qui	PROrel	MORPH=empty
la	là	ADVgen	MORPH=empty
viens	venir	VERcjg	MORPH=empty
,	,	PONfbl	MORPH=empty
qui	qui	PROrel	MORPH=empty
le	le	DETdef	MORPH=empty
costel	coutel	NOMcom	MORPH=empty
an	en1	PRE	MORPH=empty
ta	ton4	DETpos	MORPH=empty
main	main2	NOMcom	MORPH=empty
tiens	tenir1	VERcjg	MORPH=empty
,	,	PONfbl	MORPH=empty
mostrez	mostrer	VERcjg	MORPH=empty
moi	je	PROper	MORPH=empty
li	le	DETdef	MORPH=empty
quex	quel1	DETrel	MORPH=empty
est	estre1	VERcjg	MORPH=empty
li	le	DETdef	MORPH=empty
rois	roi2	NOMcom	MORPH=empty
.	.	PONfrt	MORPH=empty
"	"	PONpxx	MORPH=empty
Yonez	Yonet	NOMpro	MORPH=empty
,	,	PONfbl	MORPH=empty
qui	qui	PROrel	MORPH=empty
mout	mout	ADVgen	MORPH=empty
fu	estre1	VERcjg	MORPH=empty
cortois	cortois	ADJqua	MORPH=empty
,	,	PONfbl	MORPH=empty
li	il	PROper	MORPH=empty
dist	dire	VERcjg	MORPH=empty
:	:	PONfbl	MORPH=empty
"	"	PONpxx	MORPH=empty
Amis	ami	NOMcom	MORPH=empty
,	,	PONfbl	MORPH=empty
veez	vëoir	VERcjg	MORPH=empty
le	il	PROper	MORPH=empty
la	là	ADVgen	MORPH=empty
.	.	PONfrt	MORPH=empty
"	"	PONpxx	MORPH=empty
Li	le	DETdef	MORPH=empty
vaslez	vaslet	NOMcom	MORPH=empty
vers	vers2	PRE	MORPH=empty
lui	il	PROper	MORPH=empty
s'	soi1	PROper	MORPH=empty
an	en2	PROadv	MORPH=empty
ala	aler	VERcjg	MORPH=empty
,	,	PONfbl	MORPH=empty
sel	si+il	ADVgen.PROper	MORPH=empty
salua	salüer	VERcjg	MORPH=empty
si	si	ADVgen	MORPH=empty
com	come1	CONsub	MORPH=empty
il	il	PROper	MORPH=empty
sot	savoir	VERcjg	MORPH=empty
.	.	PONfrt	MORPH=empty
Li	le	DETdef	MORPH=empty
rois	roi2	NOMcom	MORPH=empty
se	soi1	PROper	MORPH=empty
test	taire	VERcjg	MORPH=empty
et	et	CONcoo	MORPH=empty
ne	ne1	ADVneg	MORPH=empty
dist	dire	VERcjg	MORPH=empty
mot	mot	NOMcom	MORPH=empty
,	,	PONfbl	MORPH=empty
et	et	CONcoo	MORPH=empty
cil	cel	PROdem	MORPH=empty
autre	autre	DETind	MORPH=empty
foiz	foiz	NOMcom	MORPH=empty
l'	il	PROper	MORPH=empty
areisone	araisnier	VERcjg	MORPH=empty
.	.	PONfrt	MORPH=empty
Li	le	DETdef	MORPH=empty
rois	roi2	NOMcom	MORPH=empty
panse	penser	VERcjg	MORPH=empty
et	et	CONcoo	MORPH=empty
mot	mot	NOMcom	MORPH=empty
ne	ne1	ADVneg	MORPH=empty
li	il	PROper	MORPH=empty
sone	soner	VERcjg	MORPH=empty
.	.	PONfrt	MORPH=empty
"	"	PONpxx	MORPH=empty
Par	par	PRE	MORPH=empty
foi	foi	NOMcom	MORPH=empty
,	,	PONfbl	MORPH=empty
dist	dire	VERcjg	MORPH=empty
li	le	DETdef	MORPH=empty
vaslez	vaslet	NOMcom	MORPH=empty
adonques	adonc	ADVgen	MORPH=empty
,	,	PONfbl	MORPH=empty
cist	cest	DETdem	MORPH=empty
rois	roi2	NOMcom	MORPH=empty
ne	ne1	ADVneg	MORPH=empty
fist	faire	VERcjg	MORPH=empty
chevalier	chevalier	NOMcom	MORPH=empty
onques	onque	ADVgen	MORPH=empty
.	.	PONfrt	MORPH=empty
Qant	cant1	CONsub	MORPH=empty
l'	le	DETdef	MORPH=empty
an	on	PROind	MORPH=empty
n'	ne1	ADVneg	MORPH=empty
an	en2	PROadv	MORPH=empty
puet	pöoir	VERcjg	MORPH=empty
parole	parole	NOMcom	MORPH=empty
traire	traire	VERinf	MORPH=empty
,	,	PONfbl	MORPH=empty
comant	coment1	ADVint	MORPH=empty
puet	pöoir	VERcjg	MORPH=empty
il	il	PROper	MORPH=empty
chevalier	chevalier	NOMcom	MORPH=empty
faire	faire	VERinf	MORPH=empty
?	?	PONfrt	MORPH=empty
"	"	PONpxx	MORPH=empty
Tantost	tantost	ADVgen	MORPH=empty
del	de+le	PRE.DETdef	MORPH=empty
retorner	retorner	VERinf	MORPH=empty
s'	soi1	PROper	MORPH=empty
atorne	atorner	VERcjg	MORPH=empty
,	,	PONfbl	MORPH=empty
le	le	DETdef	MORPH=empty
chief	chief1	NOMcom	MORPH=empty
de	de	PRE	MORPH=empty
son	son4	DETpos	MORPH=empty
chaceor	chacëor	NOMcom	MORPH=empty
torne	torner	VERcjg	MORPH=empty
,	,	PONfbl	MORPH=empty
mes	mais1	CONcoo	MORPH=empty
si	si	ADVgen	MORPH=empty
pres	près	ADVgen	MORPH=empty
del	de+le	PRE.DETdef	MORPH=empty
roi	roi2	NOMcom	MORPH=empty
l'	il	PROper	MORPH=empty
ot	avoir	VERcjg	MORPH=empty
mené	mener	VERppe	MORPH=empty
a	a3	PRE	MORPH=empty
guise	guise	NOMcom	MORPH=empty
d'	de	PRE	MORPH=empty
ome	ome	NOMcom	MORPH=empty
mal	mal1	ADJqua	MORPH=empty
sené	sené2	ADJqua	MORPH=empty
que	que4	CONsub	MORPH=empty
devant	devant	PRE	MORPH=empty
lui	il	PROper	MORPH=empty
,	,	PONfbl	MORPH=empty
sanz	sans	PRE	MORPH=empty
nule	nul	DETind	MORPH=empty
fable	fable	NOMcom	MORPH=empty
,	,	PONfbl	MORPH=empty
li	il	PROper	MORPH=empty
abati	abatre	VERcjg	MORPH=empty
desor	desor	PRE	MORPH=empty
la	le	DETdef	MORPH=empty
table	table	NOMcom	MORPH=empty
del	de+le	PRE.DETdef	MORPH=empty
chief	chief1	NOMcom	MORPH=empty
.i.	un	DETndf	MORPH=empty
chapel	chapel2	NOMcom	MORPH=empty
de	de	PRE	MORPH=empty
bonet	bonet	NOMcom	MORPH=empty
.	.	PONfrt	MORPH=empty
Li	le	DETdef	MORPH=empty
rois	roi2	NOMcom	MORPH=empty
torne	torner	VERcjg	MORPH=empty
vers	vers2	PRE	MORPH=empty
le	le	DETdef	MORPH=empty
vaslet	vaslet	NOMcom	MORPH=empty
le	le	DETdef	MORPH=empty
chief	chief1	NOMcom	MORPH=empty
,	,	PONfbl	MORPH=empty
que	que2	PROrel	MORPH=empty
il	il	PROper	MORPH=empty
tenoit	tenir1	VERcjg	MORPH=empty
beissié	baissier	VERppe	MORPH=empty
,	,	PONfbl	MORPH=empty
si	si	ADVgen	MORPH=empty
a	avoir	VERcjg	MORPH=empty
tot	tot	DETind	MORPH=empty
son	son4	DETpos	MORPH=empty
pansé	pensé	NOMcom	MORPH=empty
leissié	laissier	VERppe	MORPH=empty
et	et	CONcoo	MORPH=empty
dit	dire	VERppe	MORPH=empty
:	:	PONfbl	MORPH=empty
"	"	PONpxx	MORPH=empty
Biau	bel1	ADJqua	MORPH=empty
sire	seignor	NOMcom	MORPH=empty
,	,	PONfbl	MORPH=empty
bien	bien1	ADVgen	MORPH=empty
vaigniez	venir	VERcjg	MORPH=empty
.	.	PONfrt	MORPH=empty
Je	je	PROper	MORPH=empty
vos	vos	PROper	MORPH=empty
pri	priier	VERcjg	MORPH=empty
qu'	que4	CONsub	MORPH=empty
a	a3	PRE	MORPH=empty
mal	mal1	NOMcom	MORPH=empty
ne	ne1	ADVneg	MORPH=empty
taigniez	tenir1	VERcjg	MORPH=empty
ce	ce1	PROdem	MORPH=empty
qu'	que4	CONsub	MORPH=empty
a	a3	PRE	MORPH=empty
vostre	vostre	DETpos	MORPH=empty
salu	salu	NOMcom	MORPH=empty
me	je	PROper	MORPH=empty
toi	taire	VERcjg	MORPH=empty
.	.	PONfrt	MORPH=empty
D'	de	PRE	MORPH=empty
ire	ire	NOMcom	MORPH=empty
respondre	respondre1	VERinf	MORPH=empty
ne	ne1	ADVneg	MORPH=empty
vos	vos	PROper	MORPH=empty
poi	pöoir	VERcjg	MORPH=empty
,	,	PONfbl	MORPH=empty
que	que4	CONcoo	MORPH=empty
li	le	DETdef	MORPH=empty
pire	pejor	ADJqua	MORPH=empty
anemis	enemi	NOMcom	MORPH=empty
que	que2	PROrel	MORPH=empty
j'	je	PROper	MORPH=empty
aie	avoir	VERcjg	MORPH=empty
,	,	PONfbl	MORPH=empty
qui	qui	PROrel	MORPH=empty
plus	plus	ADVgen	MORPH=empty
me	je	PROper	MORPH=empty
het	häir	VERcjg	MORPH=empty
et	et	CONcoo	MORPH=empty
plus	plus	ADVgen	MORPH=empty
m'	je	PROper	MORPH=empty
esmaie	esmaiier	VERcjg	MORPH=empty
,	,	PONfbl	MORPH=empty
m'	je	PROper	MORPH=empty
a	avoir	VERcjg	MORPH=empty
ci	ci	ADVgen	MORPH=empty
ma	mon1	DETpos	MORPH=empty
terre	terre	NOMcom	MORPH=empty
contredite	contredire	VERppe	MORPH=empty
,	,	PONfbl	MORPH=empty
et	et	CONcoo	MORPH=empty
tant	tant	ADVgen	MORPH=empty
est	estre1	VERcjg	MORPH=empty
fos	fol3	ADJqua	MORPH=empty
que	que4	CONsub	MORPH=empty
tote	tot	ADVgen	MORPH=empty
quite	quite	ADJqua	MORPH=empty
dit	dire	VERcjg	MORPH=empty
qu'	que4	CONsub	MORPH=empty
il	il	PROper	MORPH=empty
l'	il	PROper	MORPH=empty
avra	avoir	VERcjg	MORPH=empty
,	,	PONfbl	MORPH=empty
ou	o3	CONcoo	MORPH=empty
vuelle	voloir	VERcjg	MORPH=empty
ou	o3	CONcoo	MORPH=empty
non	non	ADVneg	MORPH=empty
.	.	PONfrt	MORPH=empty
Li	le	DETdef	MORPH=empty
Vermauz	vermeil1	ADJqua	MORPH=empty
Chevaliers	chevalier	NOMcom	MORPH=empty
a	avoir	VERcjg	MORPH=empty
non	nom	NOMcom	MORPH=empty
,	,	PONfbl	MORPH=empty
de	de	PRE	MORPH=empty
la	le	DETdef	MORPH=empty
forest	forest	NOMcom	MORPH=empty
de	de	PRE	MORPH=empty
Quinqueroi	Quinqueroi	NOMpro	MORPH=empty
.	.	PONfrt	MORPH=empty
Et	et	CONcoo	MORPH=empty
la	le	DETdef	MORPH=empty
reïne	röine1	NOMcom	MORPH=empty
devant	devant	PRE	MORPH=empty
moi	je	PROper	MORPH=empty
estoit	estre1	VERcjg	MORPH=empty
ci	ci	ADVgen	MORPH=empty
venue	venir	VERppe	MORPH=empty
seoir	sëoir	VERinf	MORPH=empty
por	por2	PRE	MORPH=empty
conforter	conforter	VERinf	MORPH=empty
et	et	CONcoo	MORPH=empty
por	por2	PRE	MORPH=empty
veoir	vëoir	VERinf	MORPH=empty
ces	ce2	DETdem	MORPH=empty
chevaliers	chevalier	NOMcom	MORPH=empty
qui	qui	PROrel	MORPH=empty
sont	estre1	VERcjg	MORPH=empty
blecié	blecier	VERppe	MORPH=empty
.	.	PONfrt	MORPH=empty
Ne	ne1	ADVneg	MORPH=empty
m'	je	PROper	MORPH=empty
eüst	avoir	VERcjg	MORPH=empty
gueres	gaire	ADVgen	MORPH=empty
correcié	corrocier	VERppe	MORPH=empty
li	le	DETdef	MORPH=empty
chevaliers	chevalier	NOMcom	MORPH=empty
de	de	PRE	MORPH=empty
quanqu'	cantque	PROrel	MORPH=empty
il	il	PROper	MORPH=empty
dist	dire	VERcjg	MORPH=empty
,	,	PONfbl	MORPH=empty
mes	mais1	CONcoo	MORPH=empty
devant	devant	PRE	MORPH=empty
moi	je	PROper	MORPH=empty
ma	mon1	DETpos	MORPH=empty
cope	cope1	NOMcom	MORPH=empty
prist	prendre	VERcjg	MORPH=empty
et	et	CONcoo	MORPH=empty
si	si	ADVgen	MORPH=empty
folemant	folement	ADVgen	MORPH=empty
l'	il	PROper	MORPH=empty
an	en2	PROadv	MORPH=empty
leva	lever	VERcjg	MORPH=empty
que	que4	CONsub	MORPH=empty
sor	sor2	PRE	MORPH=empty
la	le	DETdef	MORPH=empty
reïne	röine1	NOMcom	MORPH=empty
versa	verser1	VERcjg	MORPH=empty
tot	tot	DETind	MORPH=empty
le	le	DETdef	MORPH=empty
vin	vin	NOMcom	MORPH=empty
dont	dont	PROrel	MORPH=empty
ele	il	PROper	MORPH=empty
estoit	estre1	VERcjg	MORPH=empty
plainne	plein	ADJqua	MORPH=empty
.	.	PONfrt	MORPH=empty
Ci	ci	ADVgen	MORPH=empty
ot	avoir	VERcjg	MORPH=empty
honte	honte	NOMcom	MORPH=empty
laide	lait1	ADJqua	MORPH=empty
et	et	CONcoo	MORPH=empty
vilainne	vilain	ADJqua	MORPH=empty
,	,	PONfbl	MORPH=empty
que	que4	CONcoo	MORPH=empty
la	le	DETdef	MORPH=empty
reïne	röine1	NOMcom	MORPH=empty
an	en2	PROadv	MORPH=empty
est	estre1	VERcjg	MORPH=empty
antree	entrer	VERppe	MORPH=empty
,	,	PONfbl	MORPH=empty
de	de	PRE	MORPH=empty
grant	grant	ADJqua	MORPH=empty
duel	duel	NOMcom	MORPH=empty
et	et	CONcoo	MORPH=empty
d'	de	PRE	MORPH=empty
ire	ire	NOMcom	MORPH=empty
anflamee	enflamer	VERppe	MORPH=empty
,	,	PONfbl	MORPH=empty
an	en1	PRE	MORPH=empty
sa	son4	DETpos	MORPH=empty
chanbre	chambre1	NOMcom	MORPH=empty
ou	où	PROrel	MORPH=empty
ele	il	PROper	MORPH=empty
s'	soi1	PROper	MORPH=empty
ocit	ocire	VERcjg	MORPH=empty
;	;	PONfbl	MORPH=empty
ne	ne2	CONcoo	MORPH=empty
ne	ne1	ADVneg	MORPH=empty
cuit	cuidier1	VERcjg	MORPH=empty
pas	pas	ADVneg	MORPH=empty
,	,	PONfbl	MORPH=empty
se	se	CONsub	MORPH=empty
Dex	Dieu	NOMpro	MORPH=empty
m'	je	PROper	MORPH=empty
aït	aidier	VERcjg	MORPH=empty
,	,	PONfbl	MORPH=empty
que	que4	CONsub	MORPH=empty
ja	ja	ADVgen	MORPH=empty
an	en2	PROadv	MORPH=empty
puise	pöoir	VERcjg	MORPH=empty
eschaper	eschaper	VERinf	MORPH=empty
vive	vif	ADJqua	MORPH=empty
.	.	PONfrt	MORPH=empty
"	"	PONpxx	MORPH=empty
Li	le	DETdef	MORPH=empty
vaslez	vaslet	NOMcom	MORPH=empty
ne	ne1	ADVneg	MORPH=empty
prise	prisier	VERcjg	MORPH=empty
une	un	DETcar	MORPH=empty
cive	cive	NOMcom	MORPH=empty
quanque	cantque	PROrel	MORPH=empty
li	le	DETdef	MORPH=empty
rois	roi2	NOMcom	MORPH=empty
li	il	PROper	MORPH=empty
dit	dire	VERcjg	MORPH=empty
et	et	CONcoo	MORPH=empty
conte	conter	VERcjg	MORPH=empty
,	,	PONfbl	MORPH=empty
ne	ne2	CONcoo	MORPH=empty
de	de	PRE	MORPH=empty
son	son4	DETpos	MORPH=empty
duel	duel	NOMcom	MORPH=empty
ne	ne2	CONcoo	MORPH=empty
de	de	PRE	MORPH=empty
la	le	DETdef	MORPH=empty
honte	honte	NOMcom	MORPH=empty
,	,	PONfbl	MORPH=empty
la	le	DETdef	MORPH=empty
reïne	röine1	NOMcom	MORPH=empty
ne	ne1	ADVneg	MORPH=empty
li	il	PROper	MORPH=empty
chaut	chaloir	VERcjg	MORPH=empty
il	il	PROper	MORPH=empty
.	.	PONfrt	MORPH=empty
"	"	PONpxx	MORPH=empty
Feites	faire	VERcjg	MORPH=empty
moi	je	PROper	MORPH=empty
chevalier	chevalier	NOMcom	MORPH=empty
,	,	PONfbl	MORPH=empty
fet	faire	VERcjg	MORPH=empty
il	il	PROper	MORPH=empty
,	,	PONfbl	MORPH=empty
sire	seignor	NOMcom	MORPH=empty
rois	roi2	NOMcom	MORPH=empty
,	,	PONfbl	MORPH=empty
car	car	CONcoo	MORPH=empty
aler	aler	VERinf	MORPH=empty
m'	je	PROper	MORPH=empty
an	en2	PROadv	MORPH=empty
voel	voloir	VERcjg	MORPH=empty
.	.	PONfrt	MORPH=empty
"	"	PONpxx	MORPH=empty
Cler	cler	ADJqua	MORPH=empty
et	et	CONcoo	MORPH=empty
riant	rire	VERppa	MORPH=empty
furent	estre1	VERcjg	MORPH=empty
li	le	DETdef	MORPH=empty
oel	ueil	NOMcom	MORPH=empty
an	en1	PRE	MORPH=empty
la	le	DETdef	MORPH=empty
teste	teste	NOMcom	MORPH=empty
au	a3+le	PRE.DETdef	MORPH=empty
vaslet	vaslet	NOMcom	MORPH=empty
salvaige	sauvage	ADJqua	MORPH=empty
.	.	PONfrt	MORPH=empty
Nus	nul	PROind	MORPH=empty
qui	qui	PROrel	MORPH=empty
le	il	PROper	MORPH=empty
voit	vëoir	VERcjg	MORPH=empty
nel	ne1+il	ADVneg.PROper	MORPH=empty
tient	tenir1	VERcjg	MORPH=empty
a	a3	PRE	MORPH=empty
saige	sage	ADJqua	MORPH=empty
,	,	PONfbl	MORPH=empty
mes	mais1	CONcoo	MORPH=empty
trestuit	trestot	DETind	MORPH=empty
cil	cel	PROdem	MORPH=empty
qui	qui	PROrel	MORPH=empty
le	il	PROper	MORPH=empty
veoient	vëoir	VERcjg	MORPH=empty
por	por2	PRE	MORPH=empty
bel	bel1	ADJqua	MORPH=empty
et	et	CONcoo	MORPH=empty
por	por2	PRE	MORPH=empty
gent	gent2	ADJqua	MORPH=empty
le	il	PROper	MORPH=empty
tenoient	tenir1	VERcjg	MORPH=empty
.	.	PONfrt	MORPH=empty
"	"	PONpxx	MORPH=empty
Amis	ami	NOMcom	MORPH=empty
,	,	PONfbl	MORPH=empty
fet	faire	VERcjg	MORPH=empty
li	le	DETdef	MORPH=empty
rois	roi2	NOMcom	MORPH=empty
,	,	PONfbl	MORPH=empty
descendez	descendre	VERcjg	MORPH=empty
,	,	PONfbl	MORPH=empty
et	et	CONcoo	MORPH=empty
vostre	vostre	DETpos	MORPH=empty
chaceor	chacëor	NOMcom	MORPH=empty
randez	rendre	VERcjg	MORPH=empty
cel	cel	DETdem	MORPH=empty
vaslet	vaslet	NOMcom	MORPH=empty
,	,	PONfbl	MORPH=empty
si	si	ADVgen	MORPH=empty
le	il	PROper	MORPH=empty
gardera	garder	VERcjg	MORPH=empty
et	et	CONcoo	MORPH=empty
vostre	vostre	DETpos	MORPH=empty
volanté	volenté	NOMcom	MORPH=empty
fera	faire	VERcjg	MORPH=empty
.	.	PONfrt	MORPH=empty
Fet	faire	VERppe	MORPH=empty
iert	estre1	VERcjg	MORPH=empty
,	,	PONfbl	MORPH=empty
a	a3	PRE	MORPH=empty
Damedeu	Damnedeu	NOMpro	MORPH=empty
le	il	PROper	MORPH=empty
veu	vöer1	VERcjg	MORPH=empty
,	,	PONfbl	MORPH=empty
a	a3	PRE	MORPH=empty
m'	mon1	DETpos	MORPH=empty
annor	onor	NOMcom	MORPH=empty
et	et	CONcoo	MORPH=empty
a	a3	PRE	MORPH=empty
vostre	vostre	DETpos	MORPH=empty
preu	pro	NOMcom	MORPH=empty
.	.	PONfrt	MORPH=empty
"	"	PONpxx	MORPH=empty
Et	et	CONcoo	MORPH=empty
li	le	DETdef	MORPH=empty
vaslez	vaslet	NOMcom	MORPH=empty
a	avoir	VERcjg	MORPH=empty
respondu	respondre1	VERppe	MORPH=empty
:	:	PONfbl	MORPH=empty
"	"	PONpxx	MORPH=empty
Ja	ja	ADVgen	MORPH=empty
n'	ne1	ADVneg	MORPH=empty
estoient	estre1	VERcjg	MORPH=empty
pas	pas	ADVneg	MORPH=empty
descendu	descendre	VERppe	MORPH=empty
cil	cel	PROdem	MORPH=empty
que	que2	PROrel	MORPH=empty
j'	je	PROper	MORPH=empty
ancontrai	encontrer	VERcjg	MORPH=empty
an	en1	PRE	MORPH=empty
la	le	DETdef	MORPH=empty
lande	lande1	NOMcom	MORPH=empty
,	,	PONfbl	MORPH=empty
et	et	CONcoo	MORPH=empty
vos	vos	PROper	MORPH=empty
volez	voloir	VERcjg	MORPH=empty
que	que4	CONsub	MORPH=empty
je	je	PROper	MORPH=empty
descende	descendre	VERcjg	MORPH=empty
!	!	PONfrt	MORPH=empty
Ja	ja	ADVgen	MORPH=empty
,	,	PONfbl	MORPH=empty
par	par	PRE	MORPH=empty
mon	mon1	DETpos	MORPH=empty
chief	chief1	NOMcom	MORPH=empty
,	,	PONfbl	MORPH=empty
n'	ne1	ADVneg	MORPH=empty
i	i2	PROadv	MORPH=empty
descendrai	descendre	VERcjg	MORPH=empty
,	,	PONfbl	MORPH=empty
mes	mais1	ADVgen	MORPH=empty
fetes	faire	VERcjg	MORPH=empty
tost	tost1	ADVgen	MORPH=empty
,	,	PONfbl	MORPH=empty
si	si	ADVgen	MORPH=empty
m'	je	PROper	MORPH=empty
an	en2	PROadv	MORPH=empty
irai	aler	VERcjg	MORPH=empty
.	.	PONfrt	MORPH=empty
Ha	ha	INJ	MORPH=empty
!	!	PONfrt	MORPH=empty
fet	faire	VERcjg	MORPH=empty
li	le	DETdef	MORPH=empty
rois	roi2	NOMcom	MORPH=empty
,	,	PONfbl	MORPH=empty
biax	bel1	ADJqua	MORPH=empty
amis	ami	NOMcom	MORPH=empty
chiers	chier	ADJqua	MORPH=empty
,	,	PONfbl	MORPH=empty
je	je	PROper	MORPH=empty
le	il	PROper	MORPH=empty
ferai	faire	VERcjg	MORPH=empty
mout	mout	ADVgen	MORPH=empty
volantiers	volentiers	ADVgen	MORPH=empty
a	a3	PRE	MORPH=empty
vostre	vostre	DETpos	MORPH=empty
preu	pro	NOMcom	MORPH=empty
et	et	CONcoo	MORPH=empty
a	a3	PRE	MORPH=empty
m'	mon1	DETpos	MORPH=empty
enor	onor	NOMcom	MORPH=empty
.	.	PONfrt	MORPH=empty
Foi	foi	NOMcom	MORPH=empty
que	que2	PROrel	MORPH=empty
je	je	PROper	MORPH=empty
doi	devoir	VERcjg	MORPH=empty
le	le	DETdef	MORPH=empty
Criator	crïator	NOMcom	MORPH=empty
,	,	PONfbl	MORPH=empty
fet	faire	VERcjg	MORPH=empty
li	le	DETdef	MORPH=empty
vaslez	vaslet	NOMcom	MORPH=empty
,	,	PONfbl	MORPH=empty
biax	bel1	ADJqua	MORPH=empty
sire	seignor	NOMcom	MORPH=empty
rois	roi2	NOMcom	MORPH=empty
,	,	PONfbl	MORPH=empty
ne	ne1	ADVneg	MORPH=empty
serai	estre1	VERcjg	MORPH=empty
chevaliers	chevalier	NOMcom	MORPH=empty
des	de+le	PRE.DETdef	MORPH=empty
mois	mois2	NOMcom	MORPH=empty
,	,	PONfbl	MORPH=empty
se	se	CONsub	MORPH=empty
chevaliers	chevalier	NOMcom	MORPH=empty
vermauz	vermeil1	ADJqua	MORPH=empty
ne	ne1	ADVneg	MORPH=empty
sui	estre1	VERcjg	MORPH=empty
.	.	PONfrt	MORPH=empty
Donez	doner	VERcjg	MORPH=empty
moi	je	PROper	MORPH=empty
les	le	DETdef	MORPH=empty
armes	arme	NOMcom	MORPH=empty
celui	cel	PROdem	MORPH=empty
que	que2	PROrel	MORPH=empty
j'	je	PROper	MORPH=empty
ancontrai	encontrer	VERcjg	MORPH=empty
defors	defors	PRE	MORPH=empty
la	le	DETdef	MORPH=empty
porte	porte1	NOMcom	MORPH=empty
,	,	PONfbl	MORPH=empty
qui	qui	PROrel	MORPH=empty
vostre	vostre	DETpos	MORPH=empty
cope	cope1	NOMcom	MORPH=empty
d'	de	PRE	MORPH=empty
or	or1	NOMcom	MORPH=empty
an	en2	PROadv	MORPH=empty
porte	porter	VERcjg	MORPH=empty
.	.	PONfrt	MORPH=empty
"	"	PONpxx	MORPH=empty
Li	le	DETdef	MORPH=empty
senechax	seneschal	NOMcom	MORPH=empty
,	,	PONfbl	MORPH=empty
qui	qui	PROrel	MORPH=empty
fu	estre1	VERcjg	MORPH=empty
bleciez	blecier	VERppe	MORPH=empty
,	,	PONfbl	MORPH=empty
de	de	PRE	MORPH=empty
ce	ce1	PROdem	MORPH=empty
qu'	que2	PROrel	MORPH=empty
il	il	PROper	MORPH=empty
ot	öir	VERcjg	MORPH=empty
s'	soi1	PROper	MORPH=empty
est	estre1	VERcjg	MORPH=empty
correciez	corrocier	VERppe	MORPH=empty
,	,	PONfbl	MORPH=empty
et	et	CONcoo	MORPH=empty
dit	dire	VERcjg	MORPH=empty
:	:	PONfbl	MORPH=empty
"	"	PONpxx	MORPH=empty
Amis	ami	NOMcom	MORPH=empty
,	,	PONfbl	MORPH=empty
vos	vos	PROper	MORPH=empty
avez	avoir	VERcjg	MORPH=empty
droit	droit	ADJqua	MORPH=empty
.	.	PONfrt	MORPH=empty
Alez	aler	VERcjg	MORPH=empty
les	il	PROper	MORPH=empty
prandre	prendre	VERinf	MORPH=empty
or	or4	ADVgen	MORPH=empty
androit	endroit	ADVgen	MORPH=empty
,	,	PONfbl	MORPH=empty
les	le	DETdef	MORPH=empty
armes	arme	NOMcom	MORPH=empty
,	,	PONfbl	MORPH=empty
car	car	CONcoo	MORPH=empty
eles	il	PROper	MORPH=empty
sont	estre1	VERcjg	MORPH=empty
voz	vostre	ADJpos	MORPH=empty
.	.	PONfrt	MORPH=empty
Ne	ne1	ADVneg	MORPH=empty
feïstes	faire	VERcjg	MORPH=empty
mie	mie	ADVneg	MORPH=empty
que	que4	CONsub	MORPH=empty
soz	sot	NOMcom	MORPH=empty
qant	cant1	CONsub	MORPH=empty
por	por2	PRE	MORPH=empty
ce	ce1	PROdem	MORPH=empty
venistes	venir	VERcjg	MORPH=empty
ici	ici	ADVgen	MORPH=empty
.	.	PONfrt	MORPH=empty
Kex	Keu	NOMpro	MORPH=empty
,	,	PONfbl	MORPH=empty
fet	faire	VERcjg	MORPH=empty
li	le	DETdef	MORPH=empty
rois	roi2	NOMcom	MORPH=empty
,	,	PONfbl	MORPH=empty
por	por2	PRE	MORPH=empty
Deu	Dieu	NOMpro	MORPH=empty
merci	merci	NOMcom	MORPH=empty
,	,	PONfbl	MORPH=empty
trop	trop	ADVgen	MORPH=empty
dites	dire	VERcjg	MORPH=empty
volantiers	volentiers	ADVgen	MORPH=empty
enui	enui	NOMcom	MORPH=empty
,	,	PONfbl	MORPH=empty
si	si	ADVgen	MORPH=empty
ne	ne1	ADVneg	MORPH=empty
vos	vos	PROper	MORPH=empty
chaut	chaloir	VERcjg	MORPH=empty
onques	onque	ADVgen	MORPH=empty
a	a3	PRE	MORPH=empty
cui	cui	PROrel	MORPH=empty
.	.	PONfrt	MORPH=empty
A	a3	PRE	MORPH=empty
prodome	pro	NOMcom	MORPH=empty
est	estre1	VERcjg	MORPH=empty
ce	ce1	PROdem	MORPH=empty
mout	mout	ADVgen	MORPH=empty
lez	lait1	ADJqua	MORPH=empty
vices	vice1	NOMcom	MORPH=empty
.	.	PONfrt	MORPH=empty
Se	se	CONsub	MORPH=empty
li	le	DETdef	MORPH=empty
vaslez	vaslet	NOMcom	MORPH=empty
est	estre1	VERcjg	MORPH=empty
fos	fol3	ADJqua	MORPH=empty
et	et	CONcoo	MORPH=empty
nices	nice	ADJqua	MORPH=empty
,	,	PONfbl	MORPH=empty
s'	si	ADVgen	MORPH=empty
est	estre1	VERcjg	MORPH=empty
il	il	PROper	MORPH=empty
espoir	espoir2	ADVgen	MORPH=empty
mout	mout	ADVgen	MORPH=empty
gentix	gentil	ADJqua	MORPH=empty
hom	ome	NOMcom	MORPH=empty
;	;	PONfbl	MORPH=empty
et	et	CONcoo	MORPH=empty
se	se	CONsub	MORPH=empty
ce	ce1	PROdem	MORPH=empty
li	il	PROper	MORPH=empty
vient	venir	VERcjg	MORPH=empty
d'	de	PRE	MORPH=empty
aprison	aprison	NOMcom	MORPH=empty
,	,	PONfbl	MORPH=empty
qu'	que4	CONsub	MORPH=empty
il	il	PROper	MORPH=empty
ait	avoir	VERcjg	MORPH=empty
esté	estre1	VERppe	MORPH=empty
a	a3	PRE	MORPH=empty
vilain	vilain	ADJqua	MORPH=empty
mestre	maistre	NOMcom	MORPH=empty
,	,	PONfbl	MORPH=empty
ancor	encore	ADVgen	MORPH=empty
puet	pöoir	VERcjg	MORPH=empty
preuz	pro	ADJqua	MORPH=empty
et	et	CONcoo	MORPH=empty
saiges	sage	ADJqua	MORPH=empty
estre	estre1	VERinf	MORPH=empty
.	.	PONfrt	MORPH=empty
Vilenie	vilenie	NOMcom	MORPH=empty
est	estre1	VERcjg	MORPH=empty
d'	de	PRE	MORPH=empty
autrui	autrui	PROind	MORPH=empty
gaber	gaber	VERinf	MORPH=empty
et	et	CONcoo	MORPH=empty
de	de	PRE	MORPH=empty
prometre	prometre	VERinf	MORPH=empty
sanz	sans	PRE	MORPH=empty
doner	doner	VERinf	MORPH=empty
.	.	PONfrt	MORPH=empty
Prodom	pro	NOMcom	MORPH=empty
ne	ne1	ADVneg	MORPH=empty
se	soi1	PROper	MORPH=empty
doit	devoir	VERcjg	MORPH=empty
antremetre	entremetre	VERinf	MORPH=empty
de	de	PRE	MORPH=empty
nule	nul	DETind	MORPH=empty
rien	rien	NOMcom	MORPH=empty
autrui	autrui	PROind	MORPH=empty
prometre	prometre	VERinf	MORPH=empty
que	que2	PROrel	MORPH=empty
doner	doner	VERinf	MORPH=empty
ne	ne1	ADVneg	MORPH=empty
li	il	PROper	MORPH=empty
puise	pöoir	VERcjg	MORPH=empty
et	et	CONcoo	MORPH=empty
vuelle	voloir	VERcjg	MORPH=empty
,	,	PONfbl	MORPH=empty
que	que4	CONsub	MORPH=empty
le	le	DETdef	MORPH=empty
mau	mal1	ADJqua	MORPH=empty
gré	gré2	NOMcom	MORPH=empty
celui	cel	PROdem	MORPH=empty
n'	ne1	ADVneg	MORPH=empty
acuelle	acoillir	VERcjg	MORPH=empty
qui	qui	PROrel	MORPH=empty
sanz	sans	PRE	MORPH=empty
prometre	prometre	VERinf	MORPH=empty
est	estre1	VERcjg	MORPH=empty
ses	son4	DETpos	MORPH=empty
amis	ami	NOMcom	MORPH=empty
,	,	PONfbl	MORPH=empty
et	et	CONcoo	MORPH=empty
,	,	PONfbl	MORPH=empty
des	des2	ADVgen	MORPH=empty
que	que4	CONsub	MORPH=empty
il	il	PROper	MORPH=empty
li	il	PROper	MORPH=empty
a	avoir	VERcjg	MORPH=empty
promis	prometre	VERppe	MORPH=empty
,	,	PONfbl	MORPH=empty
si	si	ADVgen	MORPH=empty
bee	bëer	VERcjg	MORPH=empty
a	a3	PRE	MORPH=empty
la	le	DETdef	MORPH=empty
promesse	promesse	NOMcom	MORPH=empty
avoir	avoir	VERinf	MORPH=empty
.	.	PONfrt	MORPH=empty
Et	et	CONcoo	MORPH=empty
par	par	PRE	MORPH=empty
ce	ce1	PROdem	MORPH=empty
si	si	ADVgen	MORPH=empty
poez	pöoir	VERcjg	MORPH=empty
savoir	savoir	VERinf	MORPH=empty
qu'	que4	CONsub	MORPH=empty
asez	assez	ADVgen	MORPH=empty
valdroit	valoir	VERcjg	MORPH=empty
il	il	PROimp	MORPH=empty
mialz	mieus	ADVgen	MORPH=empty
veer	vëer	VERinf	MORPH=empty
a	a3	PRE	MORPH=empty
home	ome	NOMcom	MORPH=empty
que	que4	CONsub	MORPH=empty
fere	faire	VERinf	MORPH=empty
baer	bëer	VERinf	MORPH=empty
.	.	PONfrt	MORPH=empty
Et	et	CONcoo	MORPH=empty
qui	qui	PROrel	MORPH=empty
le	le	DETdef	MORPH=empty
voir	voir	NOMcom	MORPH=empty
dire	dire	VERinf	MORPH=empty
an	en2	PROadv	MORPH=empty
voldroit	voloir	VERcjg	MORPH=empty
,	,	PONfbl	MORPH=empty
lui	il	PROper	MORPH=empty
meïsmes	mëisme	ADJind	MORPH=empty
gabe	gaber	VERcjg	MORPH=empty
et	et	CONcoo	MORPH=empty
deçoit	decevoir	VERcjg	MORPH=empty
qui	qui	PROrel	MORPH=empty
fet	faire	VERcjg	MORPH=empty
promesse	promesse	NOMcom	MORPH=empty
et	et	CONcoo	MORPH=empty
ne	ne1	ADVneg	MORPH=empty
la	il	PROper	MORPH=empty
solt	soudre	VERcjg	MORPH=empty
,	,	PONfbl	MORPH=empty
car	car	CONcoo	MORPH=empty
le	le	DETdef	MORPH=empty
cuer	cuer2	NOMcom	MORPH=empty
son	son4	DETpos	MORPH=empty
ami	ami	NOMcom	MORPH=empty
se	soi1	PROper	MORPH=empty
tolt	tolir	VERcjg	MORPH=empty
.	.	PONfrt	MORPH=empty
"	"	PONpxx	MORPH=empty
Ensi	ainsi	ADVgen	MORPH=empty
li	le	DETdef	MORPH=empty
rois	roi2	NOMcom	MORPH=empty
a	a3	PRE	MORPH=empty
Kex	Keu	NOMpro	MORPH=empty
parloit	parler	VERcjg	MORPH=empty
,	,	PONfbl	MORPH=empty
et	et	CONcoo	MORPH=empty
li	le	DETdef	MORPH=empty
vaslez	vaslet	NOMcom	MORPH=empty
,	,	PONfbl	MORPH=empty
qui	qui	PROrel	MORPH=empty
s'	soi1	PROper	MORPH=empty
an	en2	PROadv	MORPH=empty
aloit	aler	VERcjg	MORPH=empty
,	,	PONfbl	MORPH=empty
a	avoir	VERcjg	MORPH=empty
une	un	DETndf	MORPH=empty
pucele	pucele	NOMcom	MORPH=empty
veüe	vëoir	VERppe	MORPH=empty
,	,	PONfbl	MORPH=empty
bele	bel1	ADJqua	MORPH=empty
et	et	CONcoo	MORPH=empty
gente	gent2	ADJqua	MORPH=empty
,	,	PONfbl	MORPH=empty
si	si	ADVgen	MORPH=empty
la	il	PROper	MORPH=empty
salue	salüer	VERcjg	MORPH=empty
,	,	PONfbl	MORPH=empty
et	et	CONcoo	MORPH=empty
cele	cel	PROdem	MORPH=empty
lui	il	PROper	MORPH=empty
et	et	CONcoo	MORPH=empty
si	si	ADVgen	MORPH=empty
li	il	PROper	MORPH=empty
rist	rire	VERcjg	MORPH=empty
,	,	PONfbl	MORPH=empty
et	et	CONcoo	MORPH=empty
an	en1	PRE	MORPH=empty
riant	rire	VERppa	MORPH=empty
itant	itant	ADVgen	MORPH=empty
li	il	PROper	MORPH=empty
dist	dire	VERcjg	MORPH=empty
:	:	PONfbl	MORPH=empty
"	"	PONpxx	MORPH=empty
Vaslez	vaslet	NOMcom	MORPH=empty
,	,	PONfbl	MORPH=empty
se	se	CONsub	MORPH=empty
tu	tu	PROper	MORPH=empty
viz	vivre1	VERcjg	MORPH=empty
par	par	PRE	MORPH=empty
aaige	ëage	NOMcom	MORPH=empty
,	,	PONfbl	MORPH=empty
je	je	PROper	MORPH=empty
pans	penser	VERcjg	MORPH=empty
et	et	CONcoo	MORPH=empty
croi	croire	VERcjg	MORPH=empty
an	en1	PRE	MORPH=empty
mon	mon1	DETpos	MORPH=empty
coraige	corage	NOMcom	MORPH=empty
qu'	que4	CONsub	MORPH=empty
an	en1	PRE	MORPH=empty
trestot	trestot	DETind	MORPH=empty
le	le	DETdef	MORPH=empty
monde	monde1	NOMcom	MORPH=empty
n'	ne1	ADVneg	MORPH=empty
avra	avoir	VERcjg	MORPH=empty
,	,	PONfbl	MORPH=empty
n'	ne2	CONcoo	MORPH=empty
il	il	PROimp	MORPH=empty
n'	ne1	ADVneg	MORPH=empty
i	i2	PROadv	MORPH=empty
ert	estre1	VERcjg	MORPH=empty
,	,	PONfbl	MORPH=empty
n'	ne2	CONcoo	MORPH=empty
an	on	PROind	MORPH=empty
ne	ne1	ADVneg	MORPH=empty
l'	il	PROper	MORPH=empty
i	i2	PROadv	MORPH=empty
savra	savoir	VERcjg	MORPH=empty
nul	nul	DETind	MORPH=empty
meillor	meillor	ADJqua	MORPH=empty
chevalier	chevalier	NOMcom	MORPH=empty
de	de	PRE	MORPH=empty
toi	tu	PROper	MORPH=empty
.	.	PONfrt	MORPH=empty
Ensi	ainsi	ADVgen	MORPH=empty
le	il	PROper	MORPH=empty
pans	penser	VERcjg	MORPH=empty
et	et	CONcoo	MORPH=empty
cuit	cuidier1	VERcjg	MORPH=empty
et	et	CONcoo	MORPH=empty
croi	croire	VERcjg	MORPH=empty
.	.	PONfrt	MORPH=empty
"	"	PONpxx	MORPH=empty
Et	et	CONcoo	MORPH=empty
la	le	DETdef	MORPH=empty
pucele	pucele	NOMcom	MORPH=empty
n'	ne1	ADVneg	MORPH=empty
avoit	avoir	VERcjg	MORPH=empty
ris	rire	VERppe	MORPH=empty
passez	passer1	VERppe	MORPH=empty
avoit	avoir	VERcjg	MORPH=empty
anz	an	NOMcom	MORPH=empty
plus	plus	ADVgen	MORPH=empty
de	de	PRE	MORPH=empty
sis	sis2	PROcar	MORPH=empty
,	,	PONfbl	MORPH=empty
et	et	CONcoo	MORPH=empty
ce	ce1	PROdem	MORPH=empty
dist	dire	VERcjg	MORPH=empty
ele	il	PROper	MORPH=empty
si	si	ADVgen	MORPH=empty
an	en1	PRE	MORPH=empty
halt	haut	ADJqua	MORPH=empty
que	que4	CONsub	MORPH=empty
tuit	tot	PROind	MORPH=empty
l'	il	PROper	MORPH=empty
oïrent	öir	VERcjg	MORPH=empty
.	.	PONfrt	MORPH=empty
Et	et	CONcoo	MORPH=empty
Kex	Keu	NOMpro	MORPH=empty
salt	salir2	VERcjg	MORPH=empty
,	,	PONfbl	MORPH=empty
cui	cui	PROrel	MORPH=empty
la	le	DETdef	MORPH=empty
parole	parole	NOMcom	MORPH=empty
enuia	enoiier	VERcjg	MORPH=empty
mout	mout	ADVgen	MORPH=empty
,	,	PONfbl	MORPH=empty
si	si	ADVgen	MORPH=empty
li	il	PROper	MORPH=empty
dona	doner	VERcjg	MORPH=empty
cop	coup1	NOMcom	MORPH=empty
si	si	ADVgen	MORPH=empty
estout	estout	ADJqua	MORPH=empty
de	de	PRE	MORPH=empty
la	le	DETdef	MORPH=empty
paume	paume1	NOMcom	MORPH=empty
an	en1	PRE	MORPH=empty
la	le	DETdef	MORPH=empty
face	face	NOMcom	MORPH=empty
tandre	tendre2	ADJqua	MORPH=empty
qu'	que4	CONsub	MORPH=empty
il	il	PROper	MORPH=empty
la	il	PROper	MORPH=empty
fist	faire	VERcjg	MORPH=empty
a	a3	PRE	MORPH=empty
la	le	DETdef	MORPH=empty
terre	terre	NOMcom	MORPH=empty
estandre	estendre	VERinf	MORPH=empty
.	.	PONfrt	MORPH=empty
Quant	cant1	CONsub	MORPH=empty
la	le	DETdef	MORPH=empty
pucele	pucele	NOMcom	MORPH=empty
ferue	ferir	VERppe	MORPH=empty
ot	avoir	VERcjg	MORPH=empty
,	,	PONfbl	MORPH=empty
an	en1	PRE	MORPH=empty
sa	son4	DETpos	MORPH=empty
voie	voie	NOMcom	MORPH=empty
trova	trover	VERcjg	MORPH=empty
.i.	un	DETndf	MORPH=empty
sot	sot	ADJqua	MORPH=empty
lez	lez	PRE	MORPH=empty
une	un	DETndf	MORPH=empty
cheminee	cheminee1	NOMcom	MORPH=empty
estant	ester	VERppa	MORPH=empty
,	,	PONfbl	MORPH=empty
si	si	ADVgen	MORPH=empty
le	il	PROper	MORPH=empty
bota	boter1	VERcjg	MORPH=empty
el	en1+le	PRE.DETdef	MORPH=empty
feu	feu	NOMcom	MORPH=empty
ardant	ardre	VERppa	MORPH=empty
del	de+le	PRE.DETdef	MORPH=empty
pié	pié	NOMcom	MORPH=empty
par	par	PRE	MORPH=empty
corroz	corroz	NOMcom	MORPH=empty
et	et	CONcoo	MORPH=empty
par	par	PRE	MORPH=empty
ire	ire	NOMcom	MORPH=empty
por	por2	PRE	MORPH=empty
ce	ce1	PROdem	MORPH=empty
que	que4	CONsub	MORPH=empty
li	le	DETdef	MORPH=empty
soz	sot	ADJqua	MORPH=empty
soloit	soloir	VERcjg	MORPH=empty
dire	dire	VERinf	MORPH=empty
:	:	PONfbl	MORPH=empty
"	"	PONpxx	MORPH=empty
Ceste	cest	DETdem	MORPH=empty
pucele	pucele	NOMcom	MORPH=empty
ne	ne1	ADVneg	MORPH=empty
rira	rire	VERcjg	MORPH=empty
jusque	jusque	PRE	MORPH=empty
tant	tant	ADVgen	MORPH=empty
que	que4	CONsub	MORPH=empty
ele	il	PROper	MORPH=empty
verra	vëoir	VERcjg	MORPH=empty
celui	cel	PROdem	MORPH=empty
qui	qui	PROrel	MORPH=empty
de	de	PRE	MORPH=empty
chevalerie	chevalerie	NOMcom	MORPH=empty
avra	avoir	VERcjg	MORPH=empty
tote	tot	DETind	MORPH=empty
la	le	DETdef	MORPH=empty
seignorie	seignorie	NOMcom	MORPH=empty
.	.	PONfrt	MORPH=empty
"	"	PONpxx	MORPH=empty
Ensi	ainsi	ADVgen	MORPH=empty
cil	cel	PROdem	MORPH=empty
crie	crïer2	VERcjg	MORPH=empty
et	et	CONcoo	MORPH=empty
cele	cel	PROdem	MORPH=empty
plore	plorer	VERcjg	MORPH=empty
,	,	PONfbl	MORPH=empty
et	et	CONcoo	MORPH=empty
li	le	DETdef	MORPH=empty
vaslez	vaslet	NOMcom	MORPH=empty
pas	pas	ADVneg	MORPH=empty
ne	ne1	ADVneg	MORPH=empty
demore	demorer	VERcjg	MORPH=empty
,	,	PONfbl	MORPH=empty
einz	ainz	ADVgen	MORPH=empty
s'	soi1	PROper	MORPH=empty
an	en2	PROadv	MORPH=empty
retorne	retorner	VERcjg	MORPH=empty
sanz	sans	PRE	MORPH=empty
consoil	conseil	NOMcom	MORPH=empty
aprés	après	PRE	MORPH=empty
le	le	DETdef	MORPH=empty
Chevalier	chevalier	NOMcom	MORPH=empty
Vermoil	vermeil1	ADJqua	MORPH=empty
.	.	PONfrt	MORPH=empty
Yonez	Yonet	NOMpro	MORPH=empty
,	,	PONfbl	MORPH=empty
qui	qui	PROrel	MORPH=empty
les	le	DETdef	MORPH=empty
droiz	droit	ADJqua	MORPH=empty
santiers	sentier	NOMcom	MORPH=empty
savoit	savoir	VERcjg	MORPH=empty
toz	tot	PROind	MORPH=empty
et	et	CONcoo	MORPH=empty
mout	mout	ADVgen	MORPH=empty
volantiers	volentiers	ADVgen	MORPH=empty
aportoit	aporter	VERcjg	MORPH=empty
noveles	novele	NOMcom	MORPH=empty
a	a3	PRE	MORPH=empty
cort	cort1	NOMcom	MORPH=empty
a	a3	PRE	MORPH=empty
toz	tot	DETind	MORPH=empty
ses	son4	DETpos	MORPH=empty
conpaignons	compagnon	NOMcom	MORPH=empty
,	,	PONfbl	MORPH=empty
an	en2	PROadv	MORPH=empty
cort	corir	VERcjg	MORPH=empty
par	par	PRE	MORPH=empty
.i.	un	DETndf	MORPH=empty
vergier	vergier1	NOMcom	MORPH=empty
devant	devant	PRE	MORPH=empty
la	le	DETdef	MORPH=empty
sale	sale1	NOMcom	MORPH=empty
,	,	PONfbl	MORPH=empty
et	et	CONcoo	MORPH=empty
par	par	PRE	MORPH=empty
une	un	DETndf	MORPH=empty
posterne	posterle	NOMcom	MORPH=empty
avale	avaler	VERcjg	MORPH=empty
tant	tant	ADVgen	MORPH=empty
qu'	que4	CONsub	MORPH=empty
il	il	PROper	MORPH=empty
vint	venir	VERcjg	MORPH=empty
au	a3+le	PRE.DETdef	MORPH=empty
chemin	chemin	NOMcom	MORPH=empty
tot	tot	ADVgen	MORPH=empty
droit	droit	ADJqua	MORPH=empty
ou	où	PROrel	MORPH=empty
li	le	DETdef	MORPH=empty
chevaliers	chevalier	NOMcom	MORPH=empty
atandoit	atendre	VERcjg	MORPH=empty
chevalerie	chevalerie	NOMcom	MORPH=empty
et	et	CONcoo	MORPH=empty
avanture	aventure	NOMcom	MORPH=empty
.	.	PONfrt	MORPH=empty
Et	et	CONcoo	MORPH=empty
li	le	DETdef	MORPH=empty
vaslez	vaslet	NOMcom	MORPH=empty
grant	grant	ADJqua	MORPH=empty
aleüre	alëure	NOMcom	MORPH=empty
vint	venir	VERcjg	MORPH=empty
vers	vers2	PRE	MORPH=empty
lui	il	PROper	MORPH=empty
por	por2	PRE	MORPH=empty
ses	son4	DETpos	MORPH=empty
armes	arme	NOMcom	MORPH=empty
prandre	prendre	VERinf	MORPH=empty
,	,	PONfbl	MORPH=empty
et	et	CONcoo	MORPH=empty
li	le	DETdef	MORPH=empty
chevaliers	chevalier	NOMcom	MORPH=empty
por	por2	PRE	MORPH=empty
atandre	atendre	VERinf	MORPH=empty
avoit	avoir	VERcjg	MORPH=empty
la	le	DETdef	MORPH=empty
cope	cope1	NOMcom	MORPH=empty
d'	de	PRE	MORPH=empty
or	or1	NOMcom	MORPH=empty
jus	jus1	ADVgen	MORPH=empty
mise	metre2	VERppe	MORPH=empty
sor	sor2	PRE	MORPH=empty
.i.	un	DETndf	MORPH=empty
perron	perron	NOMcom	MORPH=empty
de	de	PRE	MORPH=empty
roche	roche3	NOMcom	MORPH=empty
bise	bis	ADJqua	MORPH=empty
.	.	PONfrt	MORPH=empty
Qant	cant1	CONsub	MORPH=empty
li	le	DETdef	MORPH=empty
vaslez	vaslet	NOMcom	MORPH=empty
aprochié	aprochier	VERppe	MORPH=empty
l'	il	PROper	MORPH=empty
ot	avoir	VERcjg	MORPH=empty
tant	tant	ADVgen	MORPH=empty
que	que4	CONsub	MORPH=empty
li	le	DETdef	MORPH=empty
uns	un	PROind	MORPH=empty
l'	le	DETdef	MORPH=empty
autre	autre	PROind	MORPH=empty
oïr	öir	VERinf	MORPH=empty
pot	pöoir	VERcjg	MORPH=empty
,	,	PONfbl	MORPH=empty
si	si	ADVgen	MORPH=empty
li	il	PROper	MORPH=empty
cria	crïer2	VERcjg	MORPH=empty
:	:	PONfbl	MORPH=empty
"	"	PONpxx	MORPH=empty
Metez	metre2	VERcjg	MORPH=empty
les	il	PROper	MORPH=empty
jus	jus1	ADVgen	MORPH=empty
,	,	PONfbl	MORPH=empty
les	le	DETdef	MORPH=empty
armes	arme	NOMcom	MORPH=empty
,	,	PONfbl	MORPH=empty
ne	ne1	ADVneg	MORPH=empty
les	il	PROper	MORPH=empty
portez	porter	VERcjg	MORPH=empty
plus	plus	ADVgen	MORPH=empty
,	,	PONfbl	MORPH=empty
que	que1	CONcoo	MORPH=empty
li	le	DETdef	MORPH=empty
rois	roi2	NOMcom	MORPH=empty
Artus	Artu	NOMpro	MORPH=empty
le	il	PROper	MORPH=empty
vos	vos	PROper	MORPH=empty
mande	mander	VERcjg	MORPH=empty
!	!	PONfrt	MORPH=empty
"	"	PONpxx	MORPH=empty
Et	et	CONcoo	MORPH=empty
li	le	DETdef	MORPH=empty
chevaliers	chevalier	NOMcom	MORPH=empty
li	il	PROper	MORPH=empty
demande	demander	VERcjg	MORPH=empty
:	:	PONfbl	MORPH=empty
"	"	PONpxx	MORPH=empty
Vaslez	vaslet	NOMcom	MORPH=empty
,	,	PONfbl	MORPH=empty
ose	oser	VERcjg	MORPH=empty
ça	ça	ADVgen	MORPH=empty
nus	nul	PROind	MORPH=empty
venir	venir	VERinf	MORPH=empty
por	por2	PRE	MORPH=empty
le	le	DETdef	MORPH=empty
droit	droit	ADJqua	MORPH=empty
le	le	DETdef	MORPH=empty
roi	roi2	NOMcom	MORPH=empty
maintenir	maintenir	VERinf	MORPH=empty
?	?	PONfrt	MORPH=empty
Se	se	CONsub	MORPH=empty
nus	nul	PROind	MORPH=empty
i	i2	PROadv	MORPH=empty
vient	venir	VERcjg	MORPH=empty
,	,	PONfbl	MORPH=empty
nel	ne1+il	ADVneg.PROper	MORPH=empty
celer	celer1	VERinf	MORPH=empty
pas	pas	ADVneg	MORPH=empty
.	.	PONfrt	MORPH=empty
Qu'	que3	PROint	MORPH=empty
est	estre1	VERcjg	MORPH=empty
ce	ce1	PROdem	MORPH=empty
,	,	PONfbl	MORPH=empty
deable	dïable	NOMcom	MORPH=empty
?	?	PONfrt	MORPH=empty
Est	estre1	VERcjg	MORPH=empty
ce	ce1	PROdem	MORPH=empty
or	or4	ADVgen	MORPH=empty
gas	gap	NOMcom	MORPH=empty
,	,	PONfbl	MORPH=empty
danz	Damnedeu	NOMcom	MORPH=empty
chevaliers	chevalier	NOMcom	MORPH=empty
,	,	PONfbl	MORPH=empty
que	que2	PROrel	MORPH=empty
vos	vos	PROper	MORPH=empty
me	je	PROper	MORPH=empty
faites	faire	VERcjg	MORPH=empty
,	,	PONfbl	MORPH=empty
que	que4	CONsub	MORPH=empty
vos	vos	PROper	MORPH=empty
n'	ne1	ADVneg	MORPH=empty
avez	avoir	VERcjg	MORPH=empty
mes	mon1	DETpos	MORPH=empty
armes	arme	NOMcom	MORPH=empty
traites	traire	VERppe	MORPH=empty
?	?	PONfrt	MORPH=empty
Ostez	oster2	VERcjg	MORPH=empty
les	il	PROper	MORPH=empty
tost	tost1	ADVgen	MORPH=empty
,	,	PONfbl	MORPH=empty
jel	je+il	PROper.PROper	MORPH=empty
vos	vos	PROper	MORPH=empty
comant	comander	VERcjg	MORPH=empty
.	.	PONfrt	MORPH=empty
Vaslez	vaslet	NOMcom	MORPH=empty
,	,	PONfbl	MORPH=empty
fet	faire	VERcjg	MORPH=empty
il	il	PROper	MORPH=empty
,	,	PONfbl	MORPH=empty
je	je	PROper	MORPH=empty
te	tu	PROper	MORPH=empty
demant	demander	VERcjg	MORPH=empty
se	se	CONsub	MORPH=empty
nus	nul	PROind	MORPH=empty
vient	venir	VERcjg	MORPH=empty
ça	ça	ADVgen	MORPH=empty
de	de	PRE	MORPH=empty
par	par	PRE	MORPH=empty
le	le	DETdef	MORPH=empty
roi	roi2	NOMcom	MORPH=empty
qui	qui	PROrel	MORPH=empty
conbatre	combatre	VERinf	MORPH=empty
se	soi1	PROper	MORPH=empty
vuelle	voloir	VERcjg	MORPH=empty
a	a3	PRE	MORPH=empty
moi	je	PROper	MORPH=empty
.	.	PONfrt	MORPH=empty
Danz	Damnedeu	NOMcom	MORPH=empty
chevaliers	chevalier	NOMcom	MORPH=empty
,	,	PONfbl	MORPH=empty
car	car	ADVgen	MORPH=empty
ostez	oster2	VERcjg	MORPH=empty
tost	tost1	ADVgen	MORPH=empty
les	le	DETdef	MORPH=empty
armes	arme	NOMcom	MORPH=empty
,	,	PONfbl	MORPH=empty
que	que4	CONcoo	MORPH=empty
je	je	PROper	MORPH=empty
nes	ne1+il	ADVneg.PROper	MORPH=empty
vos	vos	PROper	MORPH=empty
ost	oster2	VERcjg	MORPH=empty
,	,	PONfbl	MORPH=empty
que	que4	CONcoo	MORPH=empty
plus	plus	ADVgen	MORPH=empty
ne	ne1	ADVneg	MORPH=empty
les	il	PROper	MORPH=empty
vos	vos	PROper	MORPH=empty
soferroie	sofrir	VERcjg	MORPH=empty
.	.	PONfrt	MORPH=empty
Bien	bien1	ADVgen	MORPH=empty
sachoiz	savoir	VERcjg	MORPH=empty
que	que4	CONsub	MORPH=empty
je	je	PROper	MORPH=empty
vos	vos	PROper	MORPH=empty
ferroie	ferir	VERcjg	MORPH=empty
,	,	PONfbl	MORPH=empty
se	se	CONsub	MORPH=empty
plus	plus	ADVgen	MORPH=empty
parler	parler	VERinf	MORPH=empty
m'	je	PROper	MORPH=empty
an	en2	PROadv	MORPH=empty
feisiez	faire	VERcjg	MORPH=empty
.	.	PONfrt	MORPH=empty
"	"	PONpxx	MORPH=empty
Lors	lors	ADVgen	MORPH=empty
fu	estre1	VERcjg	MORPH=empty
li	le	DETdef	MORPH=empty
chevaliers	chevalier	NOMcom	MORPH=empty
iriez	irier	ADJqua	MORPH=empty
,	,	PONfbl	MORPH=empty
sa	son4	DETpos	MORPH=empty
lance	lance	NOMcom	MORPH=empty
a	avoir	VERcjg	MORPH=empty
a	a3	PRE	MORPH=empty
.ii.	2	DETcar	MORPH=empty
mains	main2	NOMcom	MORPH=empty
levee	lever	VERppe	MORPH=empty
,	,	PONfbl	MORPH=empty
si	si	ADVgen	MORPH=empty
l'	il	PROper	MORPH=empty
an	en2	PROadv	MORPH=empty
a	avoir	VERcjg	MORPH=empty
feru	ferir	VERppe	MORPH=empty
grant	grant	ADJqua	MORPH=empty
colee	colee	NOMcom	MORPH=empty
par	par	PRE	MORPH=empty
les	le	DETdef	MORPH=empty
espaules	espaule	NOMcom	MORPH=empty
an	en1	PRE	MORPH=empty
travers	travers	NOMcom	MORPH=empty
de	de	PRE	MORPH=empty
la	là	ADVgen	MORPH=empty
ou	où	PROrel	MORPH=empty
n'	ne1	ADVneg	MORPH=empty
estoit	estre1	VERcjg	MORPH=empty
pas	pas	ADVneg	MORPH=empty
li	le	DETdef	MORPH=empty
fers	fer	NOMcom	MORPH=empty
qu'	que4	CONsub	MORPH=empty
il	il	PROper	MORPH=empty
le	il	PROper	MORPH=empty
fist	faire	VERcjg	MORPH=empty
anbrunchier	embronchier	VERinf	MORPH=empty
aval	aval	ADVgen	MORPH=empty
desor	desor	PRE	MORPH=empty
le	le	DETdef	MORPH=empty
col	col	NOMcom	MORPH=empty
de	de	PRE	MORPH=empty
son	son4	DETpos	MORPH=empty
cheval	cheval	NOMcom	MORPH=empty
.	.	PONfrt	MORPH=empty
Et	et	CONcoo	MORPH=empty
li	le	DETdef	MORPH=empty
vaslez	vaslet	NOMcom	MORPH=empty
fu	estre1	VERcjg	MORPH=empty
correciez	corrocier	VERppe	MORPH=empty
qant	cant1	CONsub	MORPH=empty
il	il	PROper	MORPH=empty
santi	sentir	VERcjg	MORPH=empty
qu'	que4	CONsub	MORPH=empty
il	il	PROper	MORPH=empty
fu	estre1	VERcjg	MORPH=empty
bleciez	blecier	VERppe	MORPH=empty
de	de	PRE	MORPH=empty
la	le	DETdef	MORPH=empty
colee	colee	NOMcom	MORPH=empty
qu'	que2	PROrel	MORPH=empty
il	il	PROper	MORPH=empty
ot	avoir	VERcjg	MORPH=empty
prise	prendre	VERppe	MORPH=empty
.	.	PONfrt	MORPH=empty
Au	a3+le	PRE.DETdef	MORPH=empty
mialz	mieus	ADVgen	MORPH=empty
qu'	que1	CONsub	MORPH=empty
il	il	PROper	MORPH=empty
puet	pöoir	VERcjg	MORPH=empty
an	en1	PRE	MORPH=empty
l'	le	DETdef	MORPH=empty
uel	ueil	NOMcom	MORPH=empty
l'	il	PROper	MORPH=empty
avise	aviser	VERcjg	MORPH=empty
et	et	CONcoo	MORPH=empty
lesse	laissier	VERcjg	MORPH=empty
aler	aler	VERinf	MORPH=empty
.i.	un	DETndf	MORPH=empty
javelot	javelot	NOMcom	MORPH=empty
;	;	PONfbl	MORPH=empty
si	si	ADVgen	MORPH=empty
qu'	que4	CONsub	MORPH=empty
il	il	PROper	MORPH=empty
n'	ne1	ADVneg	MORPH=empty
antant	entendre	VERcjg	MORPH=empty
ne	ne2	CONcoo	MORPH=empty
voit	vëoir	VERcjg	MORPH=empty
ne	ne2	CONcoo	MORPH=empty
ot	öir	VERcjg	MORPH=empty
,	,	PONfbl	MORPH=empty
li	il	PROper	MORPH=empty
fiert	ferir	VERcjg	MORPH=empty
parmi	parmi	PRE	MORPH=empty
l'	le	DETdef	MORPH=empty
uel	ueil	NOMcom	MORPH=empty
el	en1+le	PRE.DETdef	MORPH=empty
cervel	cervel	NOMcom	MORPH=empty
,	,	PONfbl	MORPH=empty
que	que4	CONsub	MORPH=empty
d'	de	PRE	MORPH=empty
autre	autre	DETind	MORPH=empty
part	part1	NOMcom	MORPH=empty
del	de+le	PRE.DETdef	MORPH=empty
haterel	haterel	NOMcom	MORPH=empty
le	le	DETdef	MORPH=empty
sanc	sanc	NOMcom	MORPH=empty
et	et	CONcoo	MORPH=empty
le	le	DETdef	MORPH=empty
cervel	cervel	NOMcom	MORPH=empty
espant	espandre	VERcjg	MORPH=empty
.	.	PONfrt	MORPH=empty
De	de	PRE	MORPH=empty
la	le	DETdef	MORPH=empty
dolor	dolor	NOMcom	MORPH=empty
li	le	DETdef	MORPH=empty
cuers	cuer2	NOMcom	MORPH=empty
li	il	PROper	MORPH=empty
mant	mentir	VERcjg	MORPH=empty
,	,	PONfbl	MORPH=empty
si	si	ADVgen	MORPH=empty
verse	verser1	VERcjg	MORPH=empty
et	et	CONcoo	MORPH=empty
chiet	chëoir	VERcjg	MORPH=empty
toz	tot	ADVgen	MORPH=empty
estanduz	estendre	VERppe	MORPH=empty
.	.	PONfrt	MORPH=empty
Et	et	CONcoo	MORPH=empty
li	le	DETdef	MORPH=empty
vaslez	vaslet	NOMcom	MORPH=empty
est	estre1	VERcjg	MORPH=empty
descenduz	descendre	VERppe	MORPH=empty
,	,	PONfbl	MORPH=empty
si	si	ADVgen	MORPH=empty
met	metre2	VERcjg	MORPH=empty
la	le	DETdef	MORPH=empty
lance	lance	NOMcom	MORPH=empty
a	a3	PRE	MORPH=empty
une	un	DETndf	MORPH=empty
part	part1	NOMcom	MORPH=empty
et	et	CONcoo	MORPH=empty
l'	le	DETdef	MORPH=empty
escu	escu	NOMcom	MORPH=empty
del	de+le	PRE.DETdef	MORPH=empty
col	col	NOMcom	MORPH=empty
li	il	PROper	MORPH=empty
depart	departir	VERcjg	MORPH=empty
,	,	PONfbl	MORPH=empty
mes	mais1	CONcoo	MORPH=empty
il	il	PROper	MORPH=empty
ne	ne1	ADVneg	MORPH=empty
set	savoir	VERcjg	MORPH=empty
venir	venir	VERinf	MORPH=empty
a	a3	PRE	MORPH=empty
chief	chief1	NOMcom	MORPH=empty
del	de+le	PRE.DETdef	MORPH=empty
hiaume	heaume	NOMcom	MORPH=empty
qui	qui	PROrel	MORPH=empty
est	estre1	VERcjg	MORPH=empty
sor	sor2	PRE	MORPH=empty
le	le	DETdef	MORPH=empty
chief	chief1	NOMcom	MORPH=empty
,	,	PONfbl	MORPH=empty
qu'	que4	CONcoo	MORPH=empty
il	il	PROper	MORPH=empty
ne	ne1	ADVneg	MORPH=empty
set	savoir	VERcjg	MORPH=empty
comant	coment1	ADVsub	MORPH=empty
il	il	PROper	MORPH=empty
le	il	PROper	MORPH=empty
praigne	prendre	VERcjg	MORPH=empty
,	,	PONfbl	MORPH=empty
et	et	CONcoo	MORPH=empty
s'	si	ADVgen	MORPH=empty
a	avoir	VERcjg	MORPH=empty
talant	talent	NOMcom	MORPH=empty
qu'	que4	CONsub	MORPH=empty
il	il	PROper	MORPH=empty
li	il	PROper	MORPH=empty
desceigne	desceindre	VERcjg	MORPH=empty
l'	le	DETdef	MORPH=empty
espee	espee	NOMcom	MORPH=empty
,	,	PONfbl	MORPH=empty
mes	mais1	CONcoo	MORPH=empty
il	il	PROper	MORPH=empty
nel	ne1+il	ADVneg.PROper	MORPH=empty
sot	savoir	VERcjg	MORPH=empty
fere	faire	VERinf	MORPH=empty
ne	ne2	CONcoo	MORPH=empty
del	de+le	PRE.DETdef	MORPH=empty
fuerre	fuerre2	NOMcom	MORPH=empty
ne	ne1	ADVneg	MORPH=empty
la	il	PROper	MORPH=empty
puet	pöoir	VERcjg	MORPH=empty
trere	traire	VERinf	MORPH=empty
,	,	PONfbl	MORPH=empty
einz	ainz	ADVgen	MORPH=empty
prant	prendre	VERcjg	MORPH=empty
le	le	DETdef	MORPH=empty
fuerre	fuerre2	NOMcom	MORPH=empty
et	et	CONcoo	MORPH=empty
saiche	sachier2	VERcjg	MORPH=empty
et	et	CONcoo	MORPH=empty
tire	tirer	VERcjg	MORPH=empty
.	.	PONfrt	MORPH=empty
Et	et	CONcoo	MORPH=empty
Yonez	Yonet	NOMpro	MORPH=empty
comance	comencier	VERcjg	MORPH=empty
a	a3	PRE	MORPH=empty
rire	rire	VERinf	MORPH=empty
qant	cant1	CONsub	MORPH=empty
le	le	DETdef	MORPH=empty
vaslet	vaslet	NOMcom	MORPH=empty
voit	vëoir	VERcjg	MORPH=empty
antrepris	entreprendre	VERppe	MORPH=empty
.	.	PONfrt	MORPH=empty
"	"	PONpxx	MORPH=empty
Ice	ice1	PROdem	MORPH=empty
que	que3	PROint	MORPH=empty
est	estre1	VERcjg	MORPH=empty
,	,	PONfbl	MORPH=empty
fet	faire	VERcjg	MORPH=empty
il	il	PROper	MORPH=empty
,	,	PONfbl	MORPH=empty
amis	ami	NOMcom	MORPH=empty
?	?	PONfrt	MORPH=empty
Que	que3	PROint	MORPH=empty
fetes	faire	VERcjg	MORPH=empty
vos	vos	PROper	MORPH=empty
?	?	PONfrt	MORPH=empty
Je	je	PROper	MORPH=empty
ne	ne1	ADVneg	MORPH=empty
sai	savoir	VERcjg	MORPH=empty
quoi	coi2	PROrel	MORPH=empty
.	.	PONfrt	MORPH=empty
Je	je	PROper	MORPH=empty
cuidoie	cuidier1	VERcjg	MORPH=empty
de	de	PRE	MORPH=empty
vostre	vostre	DETpos	MORPH=empty
roi	roi2	NOMcom	MORPH=empty
qu'	que4	CONsub	MORPH=empty
il	il	PROper	MORPH=empty
m'	je	PROper	MORPH=empty
eüst	avoir	VERcjg	MORPH=empty
ces	ce2	DETdem	MORPH=empty
armes	arme	NOMcom	MORPH=empty
donees	doner	VERppe	MORPH=empty
,	,	PONfbl	MORPH=empty
mes	mais1	CONcoo	MORPH=empty
einz	ainz	ADVgen	MORPH=empty
avrai	avoir	VERcjg	MORPH=empty
par	par	PRE	MORPH=empty
charbonees	charbonee	NOMcom	MORPH=empty
trestot	trestot	ADVgen	MORPH=empty
esbraoné	esbräoner	VERppe	MORPH=empty
le	le	DETdef	MORPH=empty
mort	morir	VERppe	MORPH=empty
que	que4	CONsub	MORPH=empty
nule	nul	PROind	MORPH=empty
des	de+le	PRE.DETdef	MORPH=empty
armes	arme	NOMcom	MORPH=empty
an	en2	PROadv	MORPH=empty
port	porter	VERcjg	MORPH=empty
,	,	PONfbl	MORPH=empty
qu'	que4	CONcoo	MORPH=empty
eles	il	PROper	MORPH=empty
se	soi1	PROper	MORPH=empty
tienent	tenir1	VERcjg	MORPH=empty
si	si	ADVgen	MORPH=empty
au	a3+le	PRE.DETdef	MORPH=empty
cors	cors1	NOMcom	MORPH=empty
que	que4	CONsub	MORPH=empty
ce	ce2	PROdem	MORPH=empty
dedanz	dedenz	ADVgen	MORPH=empty
et	et	CONcoo	MORPH=empty
ce	ce2	PROdem	MORPH=empty
defors	defors	ADVgen	MORPH=empty
est	estre1	VERcjg	MORPH=empty
trestot	trestot	ADVgen	MORPH=empty
.i.	un	PROind	MORPH=empty
,	,	PONfbl	MORPH=empty
si	si	ADVgen	MORPH=empty
con	come1	CONsub	MORPH=empty
moi	je	PROper	MORPH=empty
sanble	sembler	VERcjg	MORPH=empty
,	,	PONfbl	MORPH=empty
qu'	que4	CONsub	MORPH=empty
eles	il	PROper	MORPH=empty
se	soi1	PROper	MORPH=empty
tienent	tenir1	VERcjg	MORPH=empty
si	si	ADVgen	MORPH=empty
ansanble	ensemble	ADVgen	MORPH=empty
.	.	PONfrt	MORPH=empty
Or	or4	ADVgen	MORPH=empty
ne	ne1	ADVneg	MORPH=empty
vos	vos	PROper	MORPH=empty
chalt	chaloir	VERcjg	MORPH=empty
de	de	PRE	MORPH=empty
nule	nul	DETind	MORPH=empty
rien	rien	NOMcom	MORPH=empty
,	,	PONfbl	MORPH=empty
que	que4	CONcoo	MORPH=empty
jes	je+il	PROper.PROper	MORPH=empty
departirai	departir	VERcjg	MORPH=empty
mout	mout	ADVgen	MORPH=empty
bien	bien1	ADVgen	MORPH=empty
,	,	PONfbl	MORPH=empty
se	se	CONsub	MORPH=empty
vos	vos	PROper	MORPH=empty
volez	voloir	VERcjg	MORPH=empty
"	"	PONpxx	MORPH=empty
,	,	PONfbl	MORPH=empty
fet	faire	VERcjg	MORPH=empty
Yonez	Yonet	NOMpro	MORPH=empty
.	.	PONfrt	MORPH=empty
"	"	PONpxx	MORPH=empty
Or	or4	ADVgen	MORPH=empty
fai	faire	VERcjg	MORPH=empty
donc	donc	ADVgen	MORPH=empty
tost	tost1	ADVgen	MORPH=empty
,	,	PONfbl	MORPH=empty
dit	dire	VERcjg	MORPH=empty
li	le	DETdef	MORPH=empty
vaslez	vaslet	NOMcom	MORPH=empty
,	,	PONfbl	MORPH=empty
ses	si+il	ADVgen.PROper	MORPH=empty
me	je	PROper	MORPH=empty
donez	doner	VERppe	MORPH=empty
sanz	sans	PRE	MORPH=empty
plus	plus	ADVgen	MORPH=empty
d'	de	PRE	MORPH=empty
arest	arest	NOMcom	MORPH=empty
.	.	PONfrt	MORPH=empty
"	"	PONpxx	MORPH=empty
Tantost	tantost	ADVgen	MORPH=empty
Yonez	Yonet	NOMpro	MORPH=empty
le	il	PROper	MORPH=empty
desvest	desvestir	VERcjg	MORPH=empty
et	et	CONcoo	MORPH=empty
jusqu'	jusque	PRE	MORPH=empty
an	en1	PRE	MORPH=empty
l'	le	DETdef	MORPH=empty
artoil	orteil	NOMcom	MORPH=empty
le	il	PROper	MORPH=empty
deschauce	deschaucier	VERcjg	MORPH=empty
.	.	PONfrt	MORPH=empty
N'	ne1	ADVneg	MORPH=empty
i	i2	PROadv	MORPH=empty
a	avoir	VERcjg	MORPH=empty
remés	remanoir	VERppe	MORPH=empty
hauberc	hauberc	NOMcom	MORPH=empty
ne	ne2	CONcoo	MORPH=empty
chauce	chauce	NOMcom	MORPH=empty
ne	ne2	CONcoo	MORPH=empty
hiaume	heaume	NOMcom	MORPH=empty
el	en1+le	PRE.DETdef	MORPH=empty
chief	chief1	NOMcom	MORPH=empty
n'	ne2	CONcoo	MORPH=empty
autre	autre	DETind	MORPH=empty
armeüre	armëure	NOMcom	MORPH=empty
.	.	PONfrt	MORPH=empty
Mes	mais1	CONcoo	MORPH=empty
li	le	DETdef	MORPH=empty
vaslez	vaslet	NOMcom	MORPH=empty
sa	son4	DETpos	MORPH=empty
vesteüre	vestëure	NOMcom	MORPH=empty
ne	ne1	ADVneg	MORPH=empty
volt	voloir	VERcjg	MORPH=empty
lessier	laissier	VERinf	MORPH=empty
,	,	PONfbl	MORPH=empty
que	que4	CONsub	MORPH=empty
ne	ne1	ADVneg	MORPH=empty
preïst	prendre	VERcjg	MORPH=empty
,	,	PONfbl	MORPH=empty
por	por2	PRE	MORPH=empty
rien	rien	PROind	MORPH=empty
qu'	que2	PROrel	MORPH=empty
Ionez	Yonet	NOMpro	MORPH=empty
li	il	PROper	MORPH=empty
deïst	dire	VERcjg	MORPH=empty
,	,	PONfbl	MORPH=empty
une	un	DETndf	MORPH=empty
cote	cote2	NOMcom	MORPH=empty
mout	mout	ADVgen	MORPH=empty
aeisiee	aaisier	VERppe	MORPH=empty
,	,	PONfbl	MORPH=empty
de	de	PRE	MORPH=empty
drap	drap	NOMcom	MORPH=empty
de	de	PRE	MORPH=empty
soie	soie2	NOMcom	MORPH=empty
,	,	PONfbl	MORPH=empty
ganbeisiee	gambesier	VERppe	MORPH=empty
,	,	PONfbl	MORPH=empty
que	que2	PROrel	MORPH=empty
desoz	desoz	PRE	MORPH=empty
son	son4	DETpos	MORPH=empty
hauberc	hauberc	NOMcom	MORPH=empty
vestoit	vestir	VERcjg	MORPH=empty
li	le	DETdef	MORPH=empty
chevaliers	chevalier	NOMcom	MORPH=empty
quant	cant1	CONsub	MORPH=empty
vis	vif	ADJqua	MORPH=empty
estoit	estre1	VERcjg	MORPH=empty
;	;	PONfbl	MORPH=empty
n'	ne2	CONcoo	MORPH=empty
oster	oster2	VERinf	MORPH=empty
ne	ne1	ADVneg	MORPH=empty
li	il	PROper	MORPH=empty
pooit	pöoir	VERcjg	MORPH=empty
des	de+le	PRE.DETdef	MORPH=empty
piez	pié	NOMcom	MORPH=empty
les	le	DETdef	MORPH=empty
revelins	revelin	NOMcom	MORPH=empty
qu'	que2	PROrel	MORPH=empty
il	il	PROper	MORPH=empty
ot	avoir	VERcjg	MORPH=empty
chauciez	chaucier1	VERppe	MORPH=empty
,	,	PONfbl	MORPH=empty
einz	ainz	ADVgen	MORPH=empty
dist	dire	VERcjg	MORPH=empty
:	:	PONfbl	MORPH=empty
"	"	PONpxx	MORPH=empty
Deable	dïable	NOMcom	MORPH=empty
,	,	PONfbl	MORPH=empty
est	estre1	VERcjg	MORPH=empty
ce	ce1	PROdem	MORPH=empty
or	or4	ADVgen	MORPH=empty
gas	gap	NOMcom	MORPH=empty
,	,	PONfbl	MORPH=empty
que	que4	CONcoo	MORPH=empty
je	je	PROper	MORPH=empty
changerai	changier	VERcjg	MORPH=empty
mes	mon1	DETpos	MORPH=empty
bons	bon	ADJqua	MORPH=empty
dras	drap	NOMcom	MORPH=empty
que	que2	PROrel	MORPH=empty
ma	mon1	DETpos	MORPH=empty
mere	mere	NOMcom	MORPH=empty
me	je	PROper	MORPH=empty
fist	faire	VERcjg	MORPH=empty
l'	le	DETdef	MORPH=empty
autr'	autre	ADJind	MORPH=empty
ier	ier	ADVgen	MORPH=empty
por	por2	PRE	MORPH=empty
les	le	DETdef	MORPH=empty
dras	drap	NOMcom	MORPH=empty
a	a3	PRE	MORPH=empty
cest	cest	DETdem	MORPH=empty
chevalier	chevalier	NOMcom	MORPH=empty
!	!	PONfrt	MORPH=empty
Ma	mon1	DETpos	MORPH=empty
grosse	gros	ADJqua	MORPH=empty
chemise	chemise	NOMcom	MORPH=empty
de	de	PRE	MORPH=empty
chanvre	chanvre	NOMcom	MORPH=empty
por	por2	PRE	MORPH=empty
la	le	DETdef	MORPH=empty
soe	suen	PROpos	MORPH=empty
,	,	PONfbl	MORPH=empty
qui	qui	PROrel	MORPH=empty
mout	mout	ADVgen	MORPH=empty
est	estre1	VERcjg	MORPH=empty
tanve	tenve	ADJqua	MORPH=empty
,	,	PONfbl	MORPH=empty
voldriez	voloir	VERcjg	MORPH=empty
vos	vos	PROper	MORPH=empty
que	que4	CONsub	MORPH=empty
je	je	PROper	MORPH=empty
lessasse	laissier	VERcjg	MORPH=empty
?	?	PONfrt	MORPH=empty
Ma	mon1	DETpos	MORPH=empty
cotele	cotele	NOMcom	MORPH=empty
,	,	PONfbl	MORPH=empty
ou	où	PROrel	MORPH=empty
aigue	aigue	NOMcom	MORPH=empty
ne	ne1	ADVneg	MORPH=empty
passe	passer1	VERcjg	MORPH=empty
,	,	PONfbl	MORPH=empty
por	por2	PRE	MORPH=empty
celui	cel	PROdem	MORPH=empty
qui	qui	PROrel	MORPH=empty
n'	ne1	ADVneg	MORPH=empty
an	en2	PROadv	MORPH=empty
tanroit	tenir1	VERcjg	MORPH=empty
gote	gote	NOMcom	MORPH=empty
?	?	PONfrt	MORPH=empty
Maudite	maudire	VERppe	MORPH=empty
soit	estre1	VERcjg	MORPH=empty
la	le	DETdef	MORPH=empty
gole	gole	NOMcom	MORPH=empty
tote	tot	ADJind	MORPH=empty
qui	qui	PROrel	MORPH=empty
changera	changier	VERcjg	MORPH=empty
n'	ne2	CONcoo	MORPH=empty
avant	avant	ADVgen	MORPH=empty
n'	ne2	CONcoo	MORPH=empty
aprés	après	ADVgen	MORPH=empty
ses	son4	DETpos	MORPH=empty
bons	bon	ADJqua	MORPH=empty
dras	drap	NOMcom	MORPH=empty
por	por2	PRE	MORPH=empty
autrui	autrui	PROind	MORPH=empty
malvés	mauvais	ADJqua	MORPH=empty
!	!	PONfrt	MORPH=empty
"	"	PONpxx	MORPH=empty
Grief	grief	ADJqua	MORPH=empty
chose	chose	NOMcom	MORPH=empty
est	estre1	VERcjg	MORPH=empty
mout	mout	ADVgen	MORPH=empty
de	de	PRE	MORPH=empty
fol	fol3	ADJqua	MORPH=empty
aprandre	aprendre	VERinf	MORPH=empty
.	.	PONfrt	MORPH=empty
Rien	rien	PROind	MORPH=empty
fors	fors1	PRE	MORPH=empty
les	le	DETdef	MORPH=empty
armes	arme	NOMcom	MORPH=empty
ne	ne1	ADVneg	MORPH=empty
volt	voloir	VERcjg	MORPH=empty
prandre	prendre	VERinf	MORPH=empty
por	por2	PRE	MORPH=empty
proiere	priiere	NOMcom	MORPH=empty
que	que2	PROrel	MORPH=empty
l'	le	DETdef	MORPH=empty
an	on	PROind	MORPH=empty
li	il	PROper	MORPH=empty
face	faire	VERcjg	MORPH=empty
.	.	PONfrt	MORPH=empty
Yonez	Yonet	NOMpro	MORPH=empty
les	le	DETdef	MORPH=empty
chauces	chauce	NOMcom	MORPH=empty
li	il	PROper	MORPH=empty
lace	lacier	VERcjg	MORPH=empty
,	,	PONfbl	MORPH=empty
puis	puis	ADVgen	MORPH=empty
li	il	PROper	MORPH=empty
a	avoir	VERcjg	MORPH=empty
le	le	DETdef	MORPH=empty
hauberc	hauberc	NOMcom	MORPH=empty
vestu	vestir	VERppe	MORPH=empty
tel	tel	ADJind	MORPH=empty
c'	que4	CONsub	MORPH=empty
onques	onque	ADVgen	MORPH=empty
nus	nul	PROind	MORPH=empty
miaudres	meillor	ADJqua	MORPH=empty
ne	ne1	ADVneg	MORPH=empty
fu	estre1	VERcjg	MORPH=empty
,	,	PONfbl	MORPH=empty
et	et	CONcoo	MORPH=empty
sor	sor2	PRE	MORPH=empty
la	le	DETdef	MORPH=empty
teste	teste	NOMcom	MORPH=empty
li	il	PROper	MORPH=empty
asiet	asseoir	VERcjg	MORPH=empty
la	le	DETdef	MORPH=empty
coiffe	coife	NOMcom	MORPH=empty
,	,	PONfbl	MORPH=empty
qui	qui	PROrel	MORPH=empty
mout	mout	ADVgen	MORPH=empty
bien	bien1	ADVgen	MORPH=empty
li	il	PROper	MORPH=empty
siet	sëoir	VERcjg	MORPH=empty
,	,	PONfbl	MORPH=empty
et	et	CONcoo	MORPH=empty
de	de	PRE	MORPH=empty
l'	le	DETdef	MORPH=empty
espee	espee	NOMcom	MORPH=empty
li	il	PROper	MORPH=empty
anseigne	enseignier	VERcjg	MORPH=empty
que	que4	CONsub	MORPH=empty
laschet	laschet	ADJqua	MORPH=empty
et	et	CONcoo	MORPH=empty
pandant	pendre	VERppa	MORPH=empty
la	il	PROper	MORPH=empty
ceigne	ceindre	VERcjg	MORPH=empty
.	.	PONfrt	MORPH=empty
Puis	puis	ADVgen	MORPH=empty
li	il	PROper	MORPH=empty
met	metre2	VERcjg	MORPH=empty
le	le	DETdef	MORPH=empty
pié	pié	NOMcom	MORPH=empty
an	en1	PRE	MORPH=empty
l'	le	DETdef	MORPH=empty
estrier	estrieu	NOMcom	MORPH=empty
,	,	PONfbl	MORPH=empty
sel	si+il	ADVgen.PROper	MORPH=empty
fet	faire	VERcjg	MORPH=empty
monter	monter	VERinf	MORPH=empty
sor	sor2	PRE	MORPH=empty
le	le	DETdef	MORPH=empty
destrier	destrier1	NOMcom	MORPH=empty
.	.	PONfrt	MORPH=empty
Einz	ainc	ADVgen	MORPH=empty
mes	mais1	ADVgen	MORPH=empty
estrié	estrieu	NOMcom	MORPH=empty
veü	vëoir	VERppe	MORPH=empty
n'	ne1	ADVneg	MORPH=empty
avoit	avoir	VERcjg	MORPH=empty
ne	ne2	CONcoo	MORPH=empty
d'	de	PRE	MORPH=empty
esperon	esperon	NOMcom	MORPH=empty
rien	rien	PROind	MORPH=empty
ne	ne1	ADVneg	MORPH=empty
savoit	savoir	VERcjg	MORPH=empty
,	,	PONfbl	MORPH=empty
fors	fors1	ADVgen	MORPH=empty
de	de	PRE	MORPH=empty
cinglant	cengler	VERppa	MORPH=empty
ou	o3	CONcoo	MORPH=empty
de	de	PRE	MORPH=empty
roorte	rëorte	NOMcom	MORPH=empty
.	.	PONfrt	MORPH=empty
Yonez	Yonet	NOMpro	MORPH=empty
l'	le	DETdef	MORPH=empty
escu	escu	NOMcom	MORPH=empty
li	il	PROper	MORPH=empty
aporte	aporter	VERcjg	MORPH=empty
et	et	CONcoo	MORPH=empty
la	le	DETdef	MORPH=empty
lance	lance	NOMcom	MORPH=empty
,	,	PONfbl	MORPH=empty
puis	puis	ADVgen	MORPH=empty
si	si	ADVgen	MORPH=empty
li	il	PROper	MORPH=empty
baille	baillier	VERcjg	MORPH=empty
.	.	PONfrt	MORPH=empty
Ençois	ainçois	ADVgen	MORPH=empty
que	que4	CONsub	MORPH=empty
Yonez	Yonet	NOMpro	MORPH=empty
s'	soi1	PROper	MORPH=empty
an	en2	PROadv	MORPH=empty
aille	aler	VERcjg	MORPH=empty
,	,	PONfbl	MORPH=empty
dist	dire	VERcjg	MORPH=empty
li	le	DETdef	MORPH=empty
vaslez	vaslet	NOMcom	MORPH=empty
:	:	PONfbl	MORPH=empty
"	"	PONpxx	MORPH=empty
Amis	ami	NOMcom	MORPH=empty
,	,	PONfbl	MORPH=empty
prenez	prendre	VERcjg	MORPH=empty
mon	mon1	DETpos	MORPH=empty
chaceor	chacëor	NOMcom	MORPH=empty
,	,	PONfbl	MORPH=empty
si	si	ADVgen	MORPH=empty
l'	il	PROper	MORPH=empty
an	en2	PROadv	MORPH=empty
menez	mener	VERcjg	MORPH=empty
,	,	PONfbl	MORPH=empty
qu'	que4	CONcoo	MORPH=empty
il	il	PROper	MORPH=empty
est	estre1	VERcjg	MORPH=empty
mout	mout	ADVgen	MORPH=empty
bons	bon	ADJqua	MORPH=empty
,	,	PONfbl	MORPH=empty
et	et	CONcoo	MORPH=empty
jel	je+il	PROper.PROper	MORPH=empty
vos	vos	PROper	MORPH=empty
doing	doner	VERcjg	MORPH=empty
por	por2	PRE	MORPH=empty
ce	ce1	PROdem	MORPH=empty
que	que4	CONsub	MORPH=empty
je	je	PROper	MORPH=empty
n'	ne1	ADVneg	MORPH=empty
an	en2	PROadv	MORPH=empty
ai	avoir	VERcjg	MORPH=empty
mes	mais1	ADVgen	MORPH=empty
soing	soing	NOMcom	MORPH=empty
.	.	PONfrt	MORPH=empty
Et	et	CONcoo	MORPH=empty
portez	porter	VERcjg	MORPH=empty
sa	son4	DETpos	MORPH=empty
cope	cope1	NOMcom	MORPH=empty
le	le	DETdef	MORPH=empty
roi	roi2	NOMcom	MORPH=empty
,	,	PONfbl	MORPH=empty
si	si	ADVgen	MORPH=empty
le	il	PROper	MORPH=empty
saluez	salüer	VERcjg	MORPH=empty
de	de	PRE	MORPH=empty
par	par	PRE	MORPH=empty
moi	je	PROper	MORPH=empty
,	,	PONfbl	MORPH=empty
et	et	CONcoo	MORPH=empty
tant	tant	ADVgen	MORPH=empty
direz	dire	VERcjg	MORPH=empty
a	a3	PRE	MORPH=empty
la	le	DETdef	MORPH=empty
pucele	pucele	NOMcom	MORPH=empty
que	que2	PROrel	MORPH=empty
Quex	Keu	NOMpro	MORPH=empty
feri	ferir	VERcjg	MORPH=empty
sor	sor2	PRE	MORPH=empty
la	le	DETdef	MORPH=empty
memele	mamele	NOMcom	MORPH=empty
que	que4	CONsub	MORPH=empty
se	se	CONsub	MORPH=empty
je	je	PROper	MORPH=empty
puis	pöoir	VERcjg	MORPH=empty
,	,	PONfbl	MORPH=empty
ainz	ainz	ADVgen	MORPH=empty
que	que4	CONsub	MORPH=empty
je	je	PROper	MORPH=empty
muire	morir	VERcjg	MORPH=empty
,	,	PONfbl	MORPH=empty
li	il	PROper	MORPH=empty
cuit	cuidier1	VERcjg	MORPH=empty
je	je	PROper	MORPH=empty
mout	mout	ADVgen	MORPH=empty
bien	bien1	ADVgen	MORPH=empty
metre	metre2	VERinf	MORPH=empty
cuire	cuire	VERinf	MORPH=empty
,	,	PONfbl	MORPH=empty
que	que4	CONcoo	MORPH=empty
por	por2	PRE	MORPH=empty
vangiee	vengier	VERppe	MORPH=empty
se	soi1	PROper	MORPH=empty
tandra	tenir1	VERcjg	MORPH=empty
.	.	PONfrt	MORPH=empty
"	"	PONpxx	MORPH=empty
Et	et	CONcoo	MORPH=empty
cil	cel	PROdem	MORPH=empty
respont	respondre1	VERcjg	MORPH=empty
que	que4	CONsub	MORPH=empty
il	il	PROper	MORPH=empty
randra	rendre	VERcjg	MORPH=empty
au	a3+le	PRE.DETdef	MORPH=empty
roi	roi2	NOMcom	MORPH=empty
sa	son4	DETpos	MORPH=empty
cope	cope1	NOMcom	MORPH=empty
,	,	PONfbl	MORPH=empty
et	et	CONcoo	MORPH=empty
son	son4	DETpos	MORPH=empty
messaige	message1	NOMcom	MORPH=empty
fornira	fornir	VERcjg	MORPH=empty
il	il	PROper	MORPH=empty
a	a3	PRE	MORPH=empty
loi	loi3	NOMcom	MORPH=empty
de	de	PRE	MORPH=empty
saige	sage	ADJqua	MORPH=empty
.	.	PONfrt	MORPH=empty
Atant	atant	ADVgen	MORPH=empty
departent	departir	VERcjg	MORPH=empty
,	,	PONfbl	MORPH=empty
si	si	ADVgen	MORPH=empty
s'	soi1	PROper	MORPH=empty
an	en2	PROadv	MORPH=empty
vont	aler	VERcjg	MORPH=empty
.	.	PONfrt	MORPH=empty
An	en1	PRE	MORPH=empty
la	le	DETdef	MORPH=empty
sale	sale1	NOMcom	MORPH=empty
ou	où	PROrel	MORPH=empty
li	le	DETdef	MORPH=empty
baron	baron	NOMcom	MORPH=empty
sont	estre1	VERcjg	MORPH=empty
antre	entrer	VERcjg	MORPH=empty
Yonez	Yonet	NOMpro	MORPH=empty
parmi	parmi	PRE	MORPH=empty
la	le	DETdef	MORPH=empty
porte	porte1	NOMcom	MORPH=empty
,	,	PONfbl	MORPH=empty
qui	qui	PROrel	MORPH=empty
au	a3+le	PRE.DETdef	MORPH=empty
roi	roi2	NOMcom	MORPH=empty
sa	son4	DETpos	MORPH=empty
cope	cope1	NOMcom	MORPH=empty
raporte	raporter	VERcjg	MORPH=empty
.	.	PONfrt	MORPH=empty
Si	si	ADVgen	MORPH=empty
li	il	PROper	MORPH=empty
dist	dire	VERcjg	MORPH=empty
:	:	PONfbl	MORPH=empty
"	"	PONpxx	MORPH=empty
Sire	seignor	NOMcom	MORPH=empty
,	,	PONfbl	MORPH=empty
or	or4	ADVgen	MORPH=empty
fetes	faire	VERcjg	MORPH=empty
joie	joie	NOMcom	MORPH=empty
,	,	PONfbl	MORPH=empty
que	que4	CONcoo	MORPH=empty
vostre	vostre	DETpos	MORPH=empty
cope	cope1	NOMcom	MORPH=empty
vos	vos	PROper	MORPH=empty
anvoie	envoiier	VERcjg	MORPH=empty
vostre	vostre	DETpos	MORPH=empty
chevaliers	chevalier	NOMcom	MORPH=empty
qui	qui	PROrel	MORPH=empty
ci	ci	ADVgen	MORPH=empty
fu	estre1	VERcjg	MORPH=empty
.	.	PONfrt	MORPH=empty
Del	de+le	PRE.DETdef	MORPH=empty
quel	quel1	PROint	MORPH=empty
chevalier	chevalier	NOMcom	MORPH=empty
me	je	PROper	MORPH=empty
diz	dire	VERcjg	MORPH=empty
tu	tu	PROper	MORPH=empty
?	?	PONfrt	MORPH=empty
fet	faire	VERcjg	MORPH=empty
li	le	DETdef	MORPH=empty
rois	roi2	NOMcom	MORPH=empty
,	,	PONfbl	MORPH=empty
qui	qui	PROrel	MORPH=empty
an	en1	PRE	MORPH=empty
sa	son4	DETpos	MORPH=empty
grant	grant	ADJqua	MORPH=empty
ire	ire	NOMcom	MORPH=empty
estoit	estre1	VERcjg	MORPH=empty
ancor	encore	ADVgen	MORPH=empty
.	.	PONfrt	MORPH=empty
E	en1	PRE	MORPH=empty
non	nom	NOMcom	MORPH=empty
Deu	Dieu	NOMpro	MORPH=empty
,	,	PONfbl	MORPH=empty
sire	seignor	NOMcom	MORPH=empty
,	,	PONfbl	MORPH=empty
fet	faire	VERcjg	MORPH=empty
Yonez	Yonet	NOMpro	MORPH=empty
,	,	PONfbl	MORPH=empty
del	de+le	PRE.DETdef	MORPH=empty
vaslet	vaslet	NOMcom	MORPH=empty
di	dire	VERcjg	MORPH=empty
qui	qui	PROrel	MORPH=empty
or	or4	ADVgen	MORPH=empty
androit	endroit	ADVgen	MORPH=empty
parti	partir	VERcjg	MORPH=empty
de	de	PRE	MORPH=empty
ci	ci	ADVgen	MORPH=empty
.	.	PONfrt	MORPH=empty
Diz	dire	VERcjg	MORPH=empty
tu	tu	PROper	MORPH=empty
donc	donc	ADVgen	MORPH=empty
del	de+le	PRE.DETdef	MORPH=empty
vaslet	vaslet	NOMcom	MORPH=empty
galois	Galois	ADJqua	MORPH=empty
qui	qui	PROrel	MORPH=empty
me	je	PROper	MORPH=empty
demanda	demander	VERcjg	MORPH=empty
,	,	PONfbl	MORPH=empty
fet	faire	VERcjg	MORPH=empty
li	le	DETdef	MORPH=empty
rois	roi2	NOMcom	MORPH=empty
,	,	PONfbl	MORPH=empty
les	le	DETdef	MORPH=empty
armes	arme	NOMcom	MORPH=empty
de	de	PRE	MORPH=empty
sinople	sinople	NOMcom	MORPH=empty
taintes	teindre	VERppe	MORPH=empty
au	a3+le	PRE.DETdef	MORPH=empty
chevalier	chevalier	NOMcom	MORPH=empty
qui	qui	PROrel	MORPH=empty
hontes	honte	NOMcom	MORPH=empty
maintes	maint	ADJind	MORPH=empty
m'	je	PROper	MORPH=empty
a	avoir	VERcjg	MORPH=empty
fetes	faire	VERppe	MORPH=empty
selonc	selonc	PRE	MORPH=empty
son	son4	DETpos	MORPH=empty
pooir	pöoir	VERinf	MORPH=empty
?	?	PONfrt	MORPH=empty
Sire	seignor	NOMcom	MORPH=empty
,	,	PONfbl	MORPH=empty
de	de	PRE	MORPH=empty
lui	il	PROper	MORPH=empty
di	dire	VERcjg	MORPH=empty
ge	je	PROper	MORPH=empty
por	por2	PRE	MORPH=empty
voir	voir	ADJqua	MORPH=empty
.	.	PONfrt	MORPH=empty
Et	et	CONcoo	MORPH=empty
ma	mon1	DETpos	MORPH=empty
cope	cope1	NOMcom	MORPH=empty
,	,	PONfbl	MORPH=empty
comant	coment1	ADVint	MORPH=empty
ot	avoir	VERcjg	MORPH=empty
il	il	PROper	MORPH=empty
?	?	PONfrt	MORPH=empty
Ainme	amer1	VERcjg	MORPH=empty
le	il	PROper	MORPH=empty
tant	tant	ADVgen	MORPH=empty
ou	o3	CONcoo	MORPH=empty
prise	prisier	VERcjg	MORPH=empty
cil	cel	PROdem	MORPH=empty
qu'	que4	CONsub	MORPH=empty
il	il	PROper	MORPH=empty
li	il	PROper	MORPH=empty
ait	avoir	VERcjg	MORPH=empty
de	de	PRE	MORPH=empty
son	son4	DETpos	MORPH=empty
gré	gré2	NOMcom	MORPH=empty
randue	rendre	VERppe	MORPH=empty
?	?	PONfrt	MORPH=empty
Ençois	ainçois	ADVgen	MORPH=empty
li	il	PROper	MORPH=empty
a	avoir	VERcjg	MORPH=empty
mout	mout	ADVgen	MORPH=empty
chier	chier	ADJqua	MORPH=empty
vandue	vendre	VERppe	MORPH=empty
li	le	DETdef	MORPH=empty
vaslez	vaslet	NOMcom	MORPH=empty
,	,	PONfbl	MORPH=empty
que	que4	CONcoo	MORPH=empty
il	il	PROper	MORPH=empty
l'	il	PROper	MORPH=empty
a	avoir	VERcjg	MORPH=empty
ocis	ocire	VERppe	MORPH=empty
.	.	PONfrt	MORPH=empty
Comant	coment1	ADVint	MORPH=empty
fu	estre1	VERcjg	MORPH=empty
ce	ce1	PROdem	MORPH=empty
,	,	PONfbl	MORPH=empty
biax	bel1	ADJqua	MORPH=empty
dolz	douz	ADJqua	MORPH=empty
amis	ami	NOMcom	MORPH=empty
?	?	PONfrt	MORPH=empty
Sire	seignor	NOMcom	MORPH=empty
,	,	PONfbl	MORPH=empty
ne	ne1	ADVneg	MORPH=empty
sai	savoir	VERcjg	MORPH=empty
,	,	PONfbl	MORPH=empty
mes	mais1	CONcoo	MORPH=empty
je	je	PROper	MORPH=empty
le	il	PROper	MORPH=empty
vi	vëoir	VERcjg	MORPH=empty
,	,	PONfbl	MORPH=empty
que	que4	CONsub	MORPH=empty
li	le	DETdef	MORPH=empty
chevaliers	chevalier	NOMcom	MORPH=empty
le	il	PROper	MORPH=empty
feri	ferir	VERcjg	MORPH=empty
de	de	PRE	MORPH=empty
sa	son4	DETpos	MORPH=empty
lance	lance	NOMcom	MORPH=empty
et	et	CONcoo	MORPH=empty
fist	faire	VERcjg	MORPH=empty
grant	grant	ADJqua	MORPH=empty
enui	enui	NOMcom	MORPH=empty
,	,	PONfbl	MORPH=empty
et	et	CONcoo	MORPH=empty
li	le	DETdef	MORPH=empty
vaslez	vaslet	NOMcom	MORPH=empty
referi	referir1	VERcjg	MORPH=empty
lui	il	PROper	MORPH=empty
d'	de	PRE	MORPH=empty
un	un	DETndf	MORPH=empty
javelot	javelot	NOMcom	MORPH=empty
parmi	parmi	PRE	MORPH=empty
l'	le	DETdef	MORPH=empty
oeilliere	oilliere	NOMcom	MORPH=empty
si	si	ADVgen	MORPH=empty
que	que4	CONsub	MORPH=empty
il	il	PROper	MORPH=empty
li	il	PROper	MORPH=empty
fist	faire	VERcjg	MORPH=empty
par	par	PRE	MORPH=empty
derriere	derrier(e)	ADVgen	MORPH=empty
le	le	DETdef	MORPH=empty
sanc	sanc	NOMcom	MORPH=empty
et	et	CONcoo	MORPH=empty
la	le	DETdef	MORPH=empty
cervele	cervele	NOMcom	MORPH=empty
espandre	espandre	VERinf	MORPH=empty
et	et	CONcoo	MORPH=empty
lui	il	PROper	MORPH=empty
par	par	PRE	MORPH=empty
terre	terre	NOMcom	MORPH=empty
mort	morir	VERppe	MORPH=empty
estandre	estendre	VERinf	MORPH=empty
.	.	PONfrt	MORPH=empty
"	"	PONpxx	MORPH=empty
Lors	lors	ADVgen	MORPH=empty
dist	dire	VERcjg	MORPH=empty
li	le	DETdef	MORPH=empty
rois	roi2	NOMcom	MORPH=empty
au	a3+le	PRE.DETdef	MORPH=empty
seneschal	seneschal	NOMcom	MORPH=empty
:	:	PONfbl	MORPH=empty
"	"	PONpxx	MORPH=empty
Ha	ha	INJ	MORPH=empty
!	!	PONfrt	MORPH=empty
Kex	Keu	NOMpro	MORPH=empty
,	,	PONfbl	MORPH=empty
con	come1	ADVint	MORPH=empty
m'	je	PROper	MORPH=empty
avez	avoir	VERcjg	MORPH=empty
hui	ui	ADVgen	MORPH=empty
fet	faire	VERppe	MORPH=empty
mal	mal1	NOMcom	MORPH=empty
!	!	PONfrt	MORPH=empty
Par	par	PRE	MORPH=empty
vostre	vostre	DETpos	MORPH=empty
lengue	langue1	NOMcom	MORPH=empty
l'	le	DETdef	MORPH=empty
anuiose	enoios	ADJqua	MORPH=empty
,	,	PONfbl	MORPH=empty
qui	qui	PROrel	MORPH=empty
avra	avoir	VERcjg	MORPH=empty
dite	dire	VERppe	MORPH=empty
mainte	maint	DETind	MORPH=empty
oisose	oisose	NOMcom	MORPH=empty
,	,	PONfbl	MORPH=empty
m'	je	PROper	MORPH=empty
avez	avoir	VERcjg	MORPH=empty
hui	ui	ADVgen	MORPH=empty
le	le	DETdef	MORPH=empty
vaslet	vaslet	NOMcom	MORPH=empty
tolu	tolir	VERppe	MORPH=empty
qui	qui	PROrel	MORPH=empty
hui	ui	ADVgen	MORPH=empty
cest	cest	DETdem	MORPH=empty
jor	jor	NOMcom	MORPH=empty
m'	je	PROper	MORPH=empty
a	avoir	VERcjg	MORPH=empty
mout	mout	ADVgen	MORPH=empty
valu	valoir	VERppe	MORPH=empty
.	.	PONfrt	MORPH=empty
Sire	seignor	NOMcom	MORPH=empty
,	,	PONfbl	MORPH=empty
dist	dire	VERcjg	MORPH=empty
Yonez	Yonet	NOMpro	MORPH=empty
au	a3+le	PRE.DETdef	MORPH=empty
roi	roi2	NOMcom	MORPH=empty
,	,	PONfbl	MORPH=empty
par	par	PRE	MORPH=empty
mon	mon1	DETpos	MORPH=empty
chief	chief1	NOMcom	MORPH=empty
,	,	PONfbl	MORPH=empty
il	il	PROper	MORPH=empty
mande	mander	VERcjg	MORPH=empty
par	par	PRE	MORPH=empty
moi	je	PROper	MORPH=empty
a	a3	PRE	MORPH=empty
la	le	DETdef	MORPH=empty
pucele	pucele	NOMcom	MORPH=empty
la	le	DETdef	MORPH=empty
reïne	röine1	NOMcom	MORPH=empty
,	,	PONfbl	MORPH=empty
que	que2	PROrel	MORPH=empty
Kex	Keu	NOMpro	MORPH=empty
feri	ferir	VERcjg	MORPH=empty
par	par	PRE	MORPH=empty
ahatine	aatine	NOMcom	MORPH=empty
,	,	PONfbl	MORPH=empty
por	por2	PRE	MORPH=empty
mal	mal1	NOMcom	MORPH=empty
de	de	PRE	MORPH=empty
lui	il	PROper	MORPH=empty
et	et	CONcoo	MORPH=empty
por	por2	PRE	MORPH=empty
despit	despit	NOMcom	MORPH=empty
,	,	PONfbl	MORPH=empty
qu'	que4	CONsub	MORPH=empty
il	il	PROper	MORPH=empty
la	il	PROper	MORPH=empty
vangera	vengier	VERcjg	MORPH=empty
,	,	PONfbl	MORPH=empty
se	se	CONsub	MORPH=empty
il	il	PROper	MORPH=empty
vit	vivre1	VERcjg	MORPH=empty
et	et	CONcoo	MORPH=empty
s'	se	CONsub	MORPH=empty
il	il	PROper	MORPH=empty
an	en2	PROadv	MORPH=empty
puet	pöoir	VERcjg	MORPH=empty
venir	venir	VERinf	MORPH=empty
an	en1	PRE	MORPH=empty
leu	lieu	NOMcom	MORPH=empty
.	.	PONfrt	MORPH=empty
"	"	PONpxx	MORPH=empty
Li	le	DETdef	MORPH=empty
fos	fol3	NOMcom	MORPH=empty
,	,	PONfbl	MORPH=empty
qui	qui	PROrel	MORPH=empty
fu	estre1	VERcjg	MORPH=empty
delez	dalez	PRE	MORPH=empty
le	le	DETdef	MORPH=empty
feu	feu	NOMcom	MORPH=empty
,	,	PONfbl	MORPH=empty
ot	öir	VERcjg	MORPH=empty
la	le	DETdef	MORPH=empty
parole	parole	NOMcom	MORPH=empty
et	et	CONcoo	MORPH=empty
saut	salir2	VERcjg	MORPH=empty
an	en1	PRE	MORPH=empty
piez	pié	NOMcom	MORPH=empty
et	et	CONcoo	MORPH=empty
vient	venir	VERcjg	MORPH=empty
devant	devant	PRE	MORPH=empty
le	le	DETdef	MORPH=empty
roi	roi2	NOMcom	MORPH=empty
iriez	irier	VERppe	MORPH=empty
mout	mout	ADVgen	MORPH=empty
liez	lié1	ADJqua	MORPH=empty
,	,	PONfbl	MORPH=empty
s'	si	ADVgen	MORPH=empty
a	avoir	VERcjg	MORPH=empty
tel	tel	DETind	MORPH=empty
joie	joie	NOMcom	MORPH=empty
qu'	que4	CONsub	MORPH=empty
il	il	PROper	MORPH=empty
tripe	triper	VERcjg	MORPH=empty
et	et	CONcoo	MORPH=empty
saut	salir2	VERcjg	MORPH=empty
,	,	PONfbl	MORPH=empty
et	et	CONcoo	MORPH=empty
dit	dire	VERcjg	MORPH=empty
:	:	PONfbl	MORPH=empty
"	"	PONpxx	MORPH=empty
Danz	Damnedeu	NOMcom	MORPH=empty
rois	roi2	NOMcom	MORPH=empty
,	,	PONfbl	MORPH=empty
se	se	CONsub	MORPH=empty
Dex	Dieu	NOMpro	MORPH=empty
me	je	PROper	MORPH=empty
saut	sauver	VERcjg	MORPH=empty
,	,	PONfbl	MORPH=empty
or	or4	ADVgen	MORPH=empty
aprochent	aprochier	VERcjg	MORPH=empty
voz	vostre	DETpos	MORPH=empty
avantures	aventure	NOMcom	MORPH=empty
.	.	PONfrt	MORPH=empty
De	de	PRE	MORPH=empty
felenesses	felon	ADJqua	MORPH=empty
et	et	CONcoo	MORPH=empty
de	de	PRE	MORPH=empty
dures	dur	ADJqua	MORPH=empty
an	en2	PROadv	MORPH=empty
verroiz	vëoir	VERcjg	MORPH=empty
avenir	avenant	VERinf	MORPH=empty
sovant	sovent	ADVgen	MORPH=empty
,	,	PONfbl	MORPH=empty
et	et	CONcoo	MORPH=empty
si	si	ADVgen	MORPH=empty
vos	vos	PROper	MORPH=empty
met	metre2	VERcjg	MORPH=empty
bien	bien1	ADVgen	MORPH=empty
an	en1	PRE	MORPH=empty
covant	covent1	NOMcom	MORPH=empty
que	que4	CONsub	MORPH=empty
Kex	Keu	NOMpro	MORPH=empty
puet	pöoir	VERcjg	MORPH=empty
estre	estre1	VERinf	MORPH=empty
toz	tot	ADVgen	MORPH=empty
certains	certain	ADJqua	MORPH=empty
qu'	que4	CONsub	MORPH=empty
il	il	PROper	MORPH=empty
mar	mar	ADVgen	MORPH=empty
vit	vëoir	VERcjg	MORPH=empty
ses	son4	DETpos	MORPH=empty
piez	pié	NOMcom	MORPH=empty
et	et	CONcoo	MORPH=empty
ses	son4	DETpos	MORPH=empty
mains	main2	NOMcom	MORPH=empty
et	et	CONcoo	MORPH=empty
sa	son4	DETpos	MORPH=empty
lengue	langue1	NOMcom	MORPH=empty
fole	fol3	ADJqua	MORPH=empty
et	et	CONcoo	MORPH=empty
vilainne	vilain	ADJqua	MORPH=empty
,	,	PONfbl	MORPH=empty
que	que4	CONcoo	MORPH=empty
ainz	ainz	ADVgen	MORPH=empty
que	que4	CONsub	MORPH=empty
past	passer1	VERcjg	MORPH=empty
une	un	DETndf	MORPH=empty
semainne	semaine	NOMcom	MORPH=empty
avra	avoir	VERcjg	MORPH=empty
li	le	DETdef	MORPH=empty
chevaliers	chevalier	NOMcom	MORPH=empty
vangié	vengier	VERppe	MORPH=empty
le	le	DETdef	MORPH=empty
cop	coup1	NOMcom	MORPH=empty
qu'	que2	PROrel	MORPH=empty
il	il	PROper	MORPH=empty
me	je	PROper	MORPH=empty
dona	doner	VERcjg	MORPH=empty
del	de+le	PRE.DETdef	MORPH=empty
pié	pié	NOMcom	MORPH=empty
,	,	PONfbl	MORPH=empty
et	et	CONcoo	MORPH=empty
la	le	DETdef	MORPH=empty
bufe	bufe	NOMcom	MORPH=empty
ert	estre1	VERcjg	MORPH=empty
mout	mout	ADVgen	MORPH=empty
chier	chier	ADJqua	MORPH=empty
vandue	vendre	VERppe	MORPH=empty
et	et	CONcoo	MORPH=empty
bien	bien1	ADVgen	MORPH=empty
conparee	comparer2	VERppe	MORPH=empty
et	et	CONcoo	MORPH=empty
randue	rendre	VERppe	MORPH=empty
que	que2	PROrel	MORPH=empty
il	il	PROper	MORPH=empty
dona	doner	VERcjg	MORPH=empty
a	a3	PRE	MORPH=empty
la	le	DETdef	MORPH=empty
pucele	pucele	NOMcom	MORPH=empty
,	,	PONfbl	MORPH=empty
que	que4	CONsub	MORPH=empty
antre	entre	PRE	MORPH=empty
le	le	DETdef	MORPH=empty
cote	cote1	NOMcom	MORPH=empty
et	et	CONcoo	MORPH=empty
l'	le	DETdef	MORPH=empty
eissele	aissele2	NOMcom	MORPH=empty
le	le	DETdef	MORPH=empty
braz	braz	NOMcom	MORPH=empty
destre	destre	ADJqua	MORPH=empty
li	il	PROper	MORPH=empty
brisera	brisier	VERcjg	MORPH=empty
;	;	PONfbl	MORPH=empty
.i.	un	DETndf	MORPH=empty
demi	demi2	ADJqua	MORPH=empty
an	an	NOMcom	MORPH=empty
le	il	PROper	MORPH=empty
portera	porter	VERcjg	MORPH=empty
au	a3+le	PRE.DETdef	MORPH=empty
col	col	NOMcom	MORPH=empty
pandu	pendre	VERppe	MORPH=empty
,	,	PONfbl	MORPH=empty
et	et	CONcoo	MORPH=empty
bien	bien1	ADVgen	MORPH=empty
l'	il	PROper	MORPH=empty
i	i2	PROadv	MORPH=empty
port	porter	VERcjg	MORPH=empty
!	!	PONfrt	MORPH=empty
N'	ne1	ADVneg	MORPH=empty
i	i2	PROadv	MORPH=empty
puet	pöoir	VERcjg	MORPH=empty
faillir	falir	VERinf	MORPH=empty
plus	plus	ADVgen	MORPH=empty
qu'	que1	CONsub	MORPH=empty
a	a3	PRE	MORPH=empty
la	le	DETdef	MORPH=empty
mort	mort	NOMcom	MORPH=empty
.	.	PONfrt	MORPH=empty
"	"	PONpxx	MORPH=empty
Cele	cel	DETdem	MORPH=empty
parole	parole	NOMcom	MORPH=empty
tant	tant	ADVgen	MORPH=empty
greva	grever	VERcjg	MORPH=empty
Qué	Keu	NOMpro	MORPH=empty
par	par	PRE	MORPH=empty
.i.	un	DETndf	MORPH=empty
po	poi	PROind	MORPH=empty
qu'	que4	CONsub	MORPH=empty
il	il	PROper	MORPH=empty
ne	ne1	ADVneg	MORPH=empty
creva	crever	VERcjg	MORPH=empty
de	de	PRE	MORPH=empty
mautalant	mautalent	NOMcom	MORPH=empty
et	et	CONcoo	MORPH=empty
,	,	PONfbl	MORPH=empty
de	de	PRE	MORPH=empty
corroz	corroz	NOMcom	MORPH=empty
,	,	PONfbl	MORPH=empty
que	que4	CONsub	MORPH=empty
il	il	PROper	MORPH=empty
ne	ne1	ADVneg	MORPH=empty
l'	il	PROper	MORPH=empty
ala	aler	VERcjg	MORPH=empty
devant	devant	PRE	MORPH=empty
toz	tot	PROind	MORPH=empty
tel	tel	ADJind	MORPH=empty
conreer	conrëer	VERinf	MORPH=empty
que	que4	CONsub	MORPH=empty
mort	morir	VERppe	MORPH=empty
l'	il	PROper	MORPH=empty
eüst	avoir	VERcjg	MORPH=empty
.	.	PONfrt	MORPH=empty
Que	que4	CONsub	MORPH=empty
au	a3+le	PRE.DETdef	MORPH=empty
roi	roi2	NOMcom	MORPH=empty
por	por2	PRE	MORPH=empty
ce	ce1	PROdem	MORPH=empty
despleüz	desplaire	VERcjg	MORPH=empty
Por	por2	PRE	MORPH=empty
ce	ce1	PROdem	MORPH=empty
que	que4	CONsub	MORPH=empty
au	a3+le	PRE.DETdef	MORPH=empty
roi	roi2	NOMcom	MORPH=empty
despleüst	desplaire	VERcjg	MORPH=empty
,	,	PONfbl	MORPH=empty
lessa	laissier	VERcjg	MORPH=empty
que	que4	CONsub	MORPH=empty
il	il	PROper	MORPH=empty
ne	ne1	ADVneg	MORPH=empty
l'	il	PROper	MORPH=empty
anvaï	enväir	VERcjg	MORPH=empty
.	.	PONfrt	MORPH=empty
Et	et	CONcoo	MORPH=empty
li	le	DETdef	MORPH=empty
rois	roi2	NOMcom	MORPH=empty
dist	dire	VERcjg	MORPH=empty
:	:	PONfbl	MORPH=empty
"	"	PONpxx	MORPH=empty
Haï	häi!	INJ	MORPH=empty
!	!	PONfrt	MORPH=empty
haï	häi!	INJ	MORPH=empty
!	!	PONfrt	MORPH=empty
Kex	Keu	NOMpro	MORPH=empty
,	,	PONfbl	MORPH=empty
con	come1	ADVint	MORPH=empty
m'	je	PROper	MORPH=empty
avez	avoir	VERcjg	MORPH=empty
hui	ui	ADVgen	MORPH=empty
correcié	corrocier	VERppe	MORPH=empty
!	!	PONfrt	MORPH=empty
Qui	qui	PROrel	MORPH=empty
asené	assener	VERppe	MORPH=empty
et	et	CONcoo	MORPH=empty
adrecié	adrecier	VERppe	MORPH=empty
le	le	DETdef	MORPH=empty
vaslet	vaslet	NOMcom	MORPH=empty
des	de+le	PRE.DETdef	MORPH=empty
armes	arme	NOMcom	MORPH=empty
eüst	avoir	VERcjg	MORPH=empty
tant	tant	ADVgen	MORPH=empty
c'	que4	CONsub	MORPH=empty
un	un	DETndf	MORPH=empty
po	poi	PROind	MORPH=empty
aidier	aidier	VERinf	MORPH=empty
s'	soi1	PROper	MORPH=empty
an	en2	PROadv	MORPH=empty
seüst	savoir	VERcjg	MORPH=empty
,	,	PONfbl	MORPH=empty
et	et	CONcoo	MORPH=empty
de	de	PRE	MORPH=empty
l'	le	DETdef	MORPH=empty
escu	escu	NOMcom	MORPH=empty
et	et	CONcoo	MORPH=empty
de	de	PRE	MORPH=empty
la	le	DETdef	MORPH=empty
lance	lance	NOMcom	MORPH=empty
,	,	PONfbl	MORPH=empty
bons	bon	ADJqua	MORPH=empty
chevaliers	chevalier	NOMcom	MORPH=empty
fust	estre1	VERcjg	MORPH=empty
sanz	sans	PRE	MORPH=empty
dotance	dotance	NOMcom	MORPH=empty
.	.	PONfrt	MORPH=empty
Mes	mais1	CONcoo	MORPH=empty
il	il	PROper	MORPH=empty
ne	ne1	ADVneg	MORPH=empty
set	savoir	VERcjg	MORPH=empty
ne	ne2	CONcoo	MORPH=empty
mal	mal1	NOMcom	MORPH=empty
ne	ne2	CONcoo	MORPH=empty
bien	bien2	NOMcom	MORPH=empty
d'	de	PRE	MORPH=empty
armes	arme	NOMcom	MORPH=empty
ne	ne2	CONcoo	MORPH=empty
de	de	PRE	MORPH=empty
nule	nul	DETind	MORPH=empty
autre	autre	ADJind	MORPH=empty
rien	rien	NOMcom	MORPH=empty
,	,	PONfbl	MORPH=empty
que	que4	CONcoo	MORPH=empty
nes	nëis	ADVgen	MORPH=empty
pas	pas	ADVneg	MORPH=empty
trere	traire	VERinf	MORPH=empty
ne	ne1	ADVneg	MORPH=empty
savroit	savoir	VERcjg	MORPH=empty
l'	le	DETdef	MORPH=empty
espee	espee	NOMcom	MORPH=empty
,	,	PONfbl	MORPH=empty
se	se	CONsub	MORPH=empty
besoing	besoing	NOMcom	MORPH=empty
avoit	avoir	VERcjg	MORPH=empty
.	.	PONfrt	MORPH=empty
Or	or4	ADVgen	MORPH=empty
siet	sëoir	VERcjg	MORPH=empty
armez	armer	VERppe	MORPH=empty
sor	sor2	PRE	MORPH=empty
son	son4	DETpos	MORPH=empty
cheval	cheval	NOMcom	MORPH=empty
,	,	PONfbl	MORPH=empty
s'	si	ADVgen	MORPH=empty
ancontrera	encontrer	VERcjg	MORPH=empty
aucun	aucun	DETind	MORPH=empty
vasal	vassal	NOMcom	MORPH=empty
qui	qui	PROrel	MORPH=empty
por	por2	PRE	MORPH=empty
son	son4	DETpos	MORPH=empty
cheval	cheval	NOMcom	MORPH=empty
gaaignier	gäaignier1	VERinf	MORPH=empty
nel	ne1+il	ADVneg.PROper	MORPH=empty
dotera	doter2	VERcjg	MORPH=empty
a	a3	PRE	MORPH=empty
maaignier	mahaignier	VERinf	MORPH=empty
.	.	PONfrt	MORPH=empty
Tost	tost1	ADVgen	MORPH=empty
mort	morir	VERppe	MORPH=empty
ou	o3	CONcoo	MORPH=empty
mahaignié	mahaignier	VERppe	MORPH=empty
l'	il	PROper	MORPH=empty
avra	avoir	VERcjg	MORPH=empty
,	,	PONfbl	MORPH=empty
que	que4	CONcoo	MORPH=empty
desfandre	defendre	VERinf	MORPH=empty
ne	ne1	ADVneg	MORPH=empty
se	soi1	PROper	MORPH=empty
savra	savoir	VERcjg	MORPH=empty
,	,	PONfbl	MORPH=empty
tant	tant	ADVgen	MORPH=empty
est	estre1	VERcjg	MORPH=empty
nices	nice	ADJqua	MORPH=empty
et	et	CONcoo	MORPH=empty
bestiax	bestïal	ADJqua	MORPH=empty
.	.	PONfrt	MORPH=empty
Tost	tost1	ADVgen	MORPH=empty
avra	avoir	VERcjg	MORPH=empty
fez	faire	VERppe	MORPH=empty
ses	son4	DETpos	MORPH=empty
anviax	envïal	NOMcom	MORPH=empty
!	!	PONfrt	MORPH=empty
"	"	PONpxx	MORPH=empty
Ensi	ainsi	ADVgen	MORPH=empty
li	le	DETdef	MORPH=empty
rois	roi2	NOMcom	MORPH=empty
plaint	plaindre	VERcjg	MORPH=empty
et	et	CONcoo	MORPH=empty
regrate	regreter	VERcjg	MORPH=empty
et	et	CONcoo	MORPH=empty
del	de+le	PRE.DETdef	MORPH=empty
vaslet	vaslet	NOMcom	MORPH=empty
fet	faire	VERcjg	MORPH=empty
chiere	chiere	NOMcom	MORPH=empty
mate	mat	ADJqua	MORPH=empty
,	,	PONfbl	MORPH=empty
mes	mais1	CONcoo	MORPH=empty
il	il	PROper	MORPH=empty
n'	ne1	ADVneg	MORPH=empty
i	i2	PROadv	MORPH=empty
puet	pöoir	VERcjg	MORPH=empty
rien	rien	PROind	MORPH=empty
conquester	conquester	VERinf	MORPH=empty
,	,	PONfbl	MORPH=empty
si	si	ADVgen	MORPH=empty
lesse	laissier	VERcjg	MORPH=empty
la	le	DETdef	MORPH=empty
parole	parole	NOMcom	MORPH=empty
ester	ester	VERinf	MORPH=empty
.	.	PONfrt	MORPH=empty
Et	et	CONcoo	MORPH=empty
li	le	DETdef	MORPH=empty
vaslez	vaslet	NOMcom	MORPH=empty
sanz	sans	PRE	MORPH=empty
nul	nul	DETind	MORPH=empty
arest	arest	NOMcom	MORPH=empty
s'	soi1	PROper	MORPH=empty
an	en2	PROadv	MORPH=empty
va	aler	VERcjg	MORPH=empty
poignant	poindre	VERppa	MORPH=empty
par	par	PRE	MORPH=empty
la	le	DETdef	MORPH=empty
forest	forest	NOMcom	MORPH=empty
,	,	PONfbl	MORPH=empty
tant	tant	ADVgen	MORPH=empty
que	que4	CONsub	MORPH=empty
es	en1+le	PRE.DETdef	MORPH=empty
terres	terre	NOMcom	MORPH=empty
plainnes	plain	ADJqua	MORPH=empty
vint	venir	VERcjg	MORPH=empty
sor	sor2	PRE	MORPH=empty
une	un	DETndf	MORPH=empty
riviere	riviere	NOMcom	MORPH=empty
qui	qui	PROrel	MORPH=empty
tint	tenir1	VERcjg	MORPH=empty
de	de	PRE	MORPH=empty
lé	lé	NOMcom	MORPH=empty
plus	plus	ADVgen	MORPH=empty
d'	de	PRE	MORPH=empty
une	un	DETndf	MORPH=empty
arbalestee	arbalestee	NOMcom	MORPH=empty
,	,	PONfbl	MORPH=empty
si	si	ADVgen	MORPH=empty
s'	soi1	PROper	MORPH=empty
estoit	estre1	VERcjg	MORPH=empty
tote	tot	DETind	MORPH=empty
l'	le	DETdef	MORPH=empty
eve	aigue	NOMcom	MORPH=empty
antree	entrer	VERppe	MORPH=empty
et	et	CONcoo	MORPH=empty
retrete	retraire	VERppe	MORPH=empty
an	en1	PRE	MORPH=empty
son	son4	DETpos	MORPH=empty
grant	grant	ADJqua	MORPH=empty
conduit	conduit	NOMcom	MORPH=empty
.	.	PONfrt	MORPH=empty
Vers	vers2	PRE	MORPH=empty
la	le	DETdef	MORPH=empty
grant	grant	ADJqua	MORPH=empty
riviere	riviere	NOMcom	MORPH=empty
qu'	que2	PROrel	MORPH=empty
il	il	PROper	MORPH=empty
vit	vëoir	VERcjg	MORPH=empty
s'	soi1	PROper	MORPH=empty
an	en2	PROadv	MORPH=empty
va	aler	VERcjg	MORPH=empty
tote	tot	DETind	MORPH=empty
une	un	DETndf	MORPH=empty
praerie	präerie	NOMcom	MORPH=empty
,	,	PONfbl	MORPH=empty
mes	mais1	CONcoo	MORPH=empty
an	en1	PRE	MORPH=empty
l'	le	DETdef	MORPH=empty
eve	aigue	NOMcom	MORPH=empty
n'	ne1	ADVneg	MORPH=empty
antra	entrer	VERcjg	MORPH=empty
il	il	PROper	MORPH=empty
mie	mie	ADVneg	MORPH=empty
,	,	PONfbl	MORPH=empty
qu'	que4	CONcoo	MORPH=empty
il	il	PROper	MORPH=empty
la	il	PROper	MORPH=empty
vit	vëoir	VERcjg	MORPH=empty
mout	mout	ADVgen	MORPH=empty
parfonde	parfont	ADJqua	MORPH=empty
et	et	CONcoo	MORPH=empty
noire	noir	ADJqua	MORPH=empty
et	et	CONcoo	MORPH=empty
asez	assez	ADVgen	MORPH=empty
plus	plus	ADVgen	MORPH=empty
corrant	corir	VERppa	MORPH=empty
que	que1	CONsub	MORPH=empty
Loire	Loire	NOMpro	MORPH=empty
.	.	PONfrt	MORPH=empty
Si	si	ADVgen	MORPH=empty
s'	soi1	PROper	MORPH=empty
an	en2	PROadv	MORPH=empty
va	aler	VERcjg	MORPH=empty
tot	tot	ADVgen	MORPH=empty
selonc	selonc	PRE	MORPH=empty
la	le	DETdef	MORPH=empty
rive	rive	NOMcom	MORPH=empty
lez	lez	PRE	MORPH=empty
une	un	DETndf	MORPH=empty
grant	grant	ADJqua	MORPH=empty
roiche	roche3	NOMcom	MORPH=empty
naïve	näif	ADJqua	MORPH=empty
,	,	PONfbl	MORPH=empty
et	et	CONcoo	MORPH=empty
de	de	PRE	MORPH=empty
l'	le	DETdef	MORPH=empty
autre	autre	ADJind	MORPH=empty
part	part1	NOMcom	MORPH=empty
l'	le	DETdef	MORPH=empty
eve	aigue	NOMcom	MORPH=empty
estoit	estre1	VERcjg	MORPH=empty
si	si	ADVgen	MORPH=empty
que	que4	CONsub	MORPH=empty
l'	le	DETdef	MORPH=empty
eve	aigue	NOMcom	MORPH=empty
au	a3+le	PRE.DETdef	MORPH=empty
pié	pié	NOMcom	MORPH=empty
li	il	PROper	MORPH=empty
batoit	batre	VERcjg	MORPH=empty
.	.	PONfrt	MORPH=empty
Sor	sor2	PRE	MORPH=empty
cele	cel	DETdem	MORPH=empty
roche	roche3	NOMcom	MORPH=empty
,	,	PONfbl	MORPH=empty
an	en1	PRE	MORPH=empty
.i.	un	DETndf	MORPH=empty
pandant	pendant	NOMcom	MORPH=empty
qui	qui	PROrel	MORPH=empty
vers	vers2	PRE	MORPH=empty
mer	mer	NOMcom	MORPH=empty
aloit	aler	VERcjg	MORPH=empty
descendant	descendre	VERppa	MORPH=empty
,	,	PONfbl	MORPH=empty
ot	avoir	VERcjg	MORPH=empty
.i.	un	DETndf	MORPH=empty
chastel	chastel	NOMcom	MORPH=empty
mout	mout	ADVgen	MORPH=empty
riche	riche	ADJqua	MORPH=empty
et	et	CONcoo	MORPH=empty
fort	fort	ADJqua	MORPH=empty
.	.	PONfrt	MORPH=empty
Si	si	ADVgen	MORPH=empty
con	come1	CONsub	MORPH=empty
l'	le	DETdef	MORPH=empty
eve	aigue	NOMcom	MORPH=empty
aloit	aler	VERcjg	MORPH=empty
au	a3+le	PRE.DETdef	MORPH=empty
regort	regort	NOMcom	MORPH=empty
,	,	PONfbl	MORPH=empty
torna	torner	VERcjg	MORPH=empty
li	le	DETdef	MORPH=empty
vaslez	vaslet	NOMcom	MORPH=empty
a	a3	PRE	MORPH=empty
senestre	senestre	ADJqua	MORPH=empty
et	et	CONcoo	MORPH=empty
vit	vëoir	VERcjg	MORPH=empty
les	le	DETdef	MORPH=empty
torz	tor2	NOMcom	MORPH=empty
del	de+le	PRE.DETdef	MORPH=empty
chastel	chastel	NOMcom	MORPH=empty
nestre	naistre	VERinf	MORPH=empty
,	,	PONfbl	MORPH=empty
qu'	que4	CONsub	MORPH=empty
avis	avis	NOMcom	MORPH=empty
li	il	PROper	MORPH=empty
fu	estre1	VERcjg	MORPH=empty
qu'	que4	CONsub	MORPH=empty
eles	il	PROper	MORPH=empty
nessoient	naistre	VERcjg	MORPH=empty
et	et	CONcoo	MORPH=empty
que	que4	CONsub	MORPH=empty
fors	fors1	ADVgen	MORPH=empty
del	de+le	PRE.DETdef	MORPH=empty
chastel	chastel	NOMcom	MORPH=empty
issoient	issir	VERcjg	MORPH=empty
.	.	PONfrt	MORPH=empty
Enmi	enmi	PRE	MORPH=empty
le	le	DETdef	MORPH=empty
chastel	chastel	NOMcom	MORPH=empty
,	,	PONfbl	MORPH=empty
an	en1	PRE	MORPH=empty
estant	ester	VERppa	MORPH=empty
,	,	PONfbl	MORPH=empty
ot	avoir	VERcjg	MORPH=empty
une	un	DETndf	MORPH=empty
tor	tor2	NOMcom	MORPH=empty
et	et	CONcoo	MORPH=empty
fort	fort	ADJqua	MORPH=empty
et	et	CONcoo	MORPH=empty
grant	grant	ADJqua	MORPH=empty
;	;	PONfbl	MORPH=empty
une	un	DETndf	MORPH=empty
barbacane	barbacane	NOMcom	MORPH=empty
mout	mout	ADVgen	MORPH=empty
fort	fort	ADJqua	MORPH=empty
avoit	avoir	VERcjg	MORPH=empty
tornee	torner	VERppe	MORPH=empty
vers	vers2	PRE	MORPH=empty
le	le	DETdef	MORPH=empty
gort	gort1	NOMcom	MORPH=empty
,	,	PONfbl	MORPH=empty
qui	qui	PROrel	MORPH=empty
a	a3	PRE	MORPH=empty
la	le	DETdef	MORPH=empty
mer	mer	NOMcom	MORPH=empty
se	soi1	PROper	MORPH=empty
conbatoit	combatre	VERcjg	MORPH=empty
,	,	PONfbl	MORPH=empty
et	et	CONcoo	MORPH=empty
la	le	DETdef	MORPH=empty
mers	mer	NOMcom	MORPH=empty
au	a3+le	PRE.DETdef	MORPH=empty
pié	pié	NOMcom	MORPH=empty
li	il	PROper	MORPH=empty
batoit	batre	VERcjg	MORPH=empty
.	.	PONfrt	MORPH=empty
A	a3	PRE	MORPH=empty
.iiii.	4	DETcar	MORPH=empty
parties	partie	NOMcom	MORPH=empty
del	de+le	PRE.DETdef	MORPH=empty
mur	mur	NOMcom	MORPH=empty
,	,	PONfbl	MORPH=empty
don	dont	PROrel	MORPH=empty
li	le	DETdef	MORPH=empty
quarrel	carrel	NOMcom	MORPH=empty
estoient	estre1	VERcjg	MORPH=empty
dur	dur	ADJqua	MORPH=empty
,	,	PONfbl	MORPH=empty
avoit	avoir	VERcjg	MORPH=empty
.iiii.	4	DETcar	MORPH=empty
basses	bas	ADJqua	MORPH=empty
torneles	tornele1	NOMcom	MORPH=empty
,	,	PONfbl	MORPH=empty
qui	qui	PROrel	MORPH=empty
mout	mout	ADVgen	MORPH=empty
estoient	estre1	VERcjg	MORPH=empty
forz	fort	ADJqua	MORPH=empty
et	et	CONcoo	MORPH=empty
beles	bel1	ADJqua	MORPH=empty
.	.	PONfrt	MORPH=empty
Li	le	DETdef	MORPH=empty
chastiax	chastel	NOMcom	MORPH=empty
fu	estre1	VERcjg	MORPH=empty
mout	mout	ADVgen	MORPH=empty
bien	bien1	ADVgen	MORPH=empty
seanz	sëoir	VERppa	MORPH=empty
et	et	CONcoo	MORPH=empty
bien	bien1	ADVgen	MORPH=empty
aeisiez	aaisier	VERppe	MORPH=empty
par	par	PRE	MORPH=empty
dedanz	dedenz	ADVgen	MORPH=empty
.	.	PONfrt	MORPH=empty
Devant	devant	PRE	MORPH=empty
le	le	DETdef	MORPH=empty
chastelet	chastelet	NOMcom	MORPH=empty
reont	rëont	ADJqua	MORPH=empty
ot	avoir	VERcjg	MORPH=empty
sor	sor2	PRE	MORPH=empty
l'	le	DETdef	MORPH=empty
eve	aigue	NOMcom	MORPH=empty
drecié	drecier	VERppe	MORPH=empty
.i.	un	DETndf	MORPH=empty
pont	pont	NOMcom	MORPH=empty
de	de	PRE	MORPH=empty
pierre	piere	NOMcom	MORPH=empty
et	et	CONcoo	MORPH=empty
d'	de	PRE	MORPH=empty
areinne	areine	NOMcom	MORPH=empty
et	et	CONcoo	MORPH=empty
de	de	PRE	MORPH=empty
chauz	chauz1	NOMcom	MORPH=empty
.	.	PONfrt	MORPH=empty
Li	le	DETdef	MORPH=empty
ponz	pont	NOMcom	MORPH=empty
estoit	estre1	VERcjg	MORPH=empty
et	et	CONcoo	MORPH=empty
forz	fort	ADJqua	MORPH=empty
et	et	CONcoo	MORPH=empty
hauz	haut	ADJqua	MORPH=empty
,	,	PONfbl	MORPH=empty
a	a3	PRE	MORPH=empty
batailles	bataille	NOMcom	MORPH=empty
estoit	estre1	VERcjg	MORPH=empty
antor	entor	ADVgen	MORPH=empty
,	,	PONfbl	MORPH=empty
qu'	que4	CONcoo	MORPH=empty
anmi	enmi	PRE	MORPH=empty
le	le	DETdef	MORPH=empty
pont	pont	NOMcom	MORPH=empty
ot	avoir	VERcjg	MORPH=empty
une	un	DETndf	MORPH=empty
tor	tor2	NOMcom	MORPH=empty
et	et	CONcoo	MORPH=empty
,	,	PONfbl	MORPH=empty
devant	devant	ADVgen	MORPH=empty
,	,	PONfbl	MORPH=empty
.i.	un	DETndf	MORPH=empty
pont	pont	NOMcom	MORPH=empty
torneïz	tornëiz	ADJqua	MORPH=empty
,	,	PONfbl	MORPH=empty
qui	qui	PROrel	MORPH=empty
estoit	estre1	VERcjg	MORPH=empty
fez	faire	VERppe	MORPH=empty
et	et	CONcoo	MORPH=empty
establiz	establir	VERppe	MORPH=empty
a	a3	PRE	MORPH=empty
ce	ce1	PROdem	MORPH=empty
que	que2	PROrel	MORPH=empty
sa	son4	DETpos	MORPH=empty
droiture	droiture	NOMcom	MORPH=empty
aporte	aporter	VERcjg	MORPH=empty
:	:	PONfbl	MORPH=empty
le	le	DETdef	MORPH=empty
jor	jor	NOMcom	MORPH=empty
ert	estre1	VERcjg	MORPH=empty
ponz	pont	NOMcom	MORPH=empty
,	,	PONfbl	MORPH=empty
et	et	CONcoo	MORPH=empty
la	le	DETdef	MORPH=empty
nuit	nuit	NOMcom	MORPH=empty
porte	porte1	NOMcom	MORPH=empty
.	.	PONfrt	MORPH=empty
Li	le	DETdef	MORPH=empty
vaslez	vaslet	NOMcom	MORPH=empty
vers	vers2	PRE	MORPH=empty
le	le	DETdef	MORPH=empty
pont	pont	NOMcom	MORPH=empty
chemine	cheminer	VERcjg	MORPH=empty
.	.	PONfrt	MORPH=empty
Vestuz	vestir	VERppe	MORPH=empty
d'	de	PRE	MORPH=empty
une	un	DETndf	MORPH=empty
robe	robe	NOMcom	MORPH=empty
d'	de	PRE	MORPH=empty
ermine	ermine	NOMcom	MORPH=empty
s'	soi1	PROper	MORPH=empty
aloit	aler	VERcjg	MORPH=empty
uns	un	DETndf	MORPH=empty
prodom	pro	NOMcom	MORPH=empty
esbatant	esbatre	VERppa	MORPH=empty
par	par	PRE	MORPH=empty
sus	sus	PRE	MORPH=empty
le	le	DETdef	MORPH=empty
pont	pont	NOMcom	MORPH=empty
,	,	PONfbl	MORPH=empty
et	et	CONcoo	MORPH=empty
si	si	ADVgen	MORPH=empty
atant	atendre	VERcjg	MORPH=empty
celui	cel	PROdem	MORPH=empty
qui	qui	PROrel	MORPH=empty
vers	vers2	PRE	MORPH=empty
le	le	DETdef	MORPH=empty
pont	pont	NOMcom	MORPH=empty
venoit	venir	VERcjg	MORPH=empty
.	.	PONfrt	MORPH=empty
Li	le	DETdef	MORPH=empty
prodom	pro	NOMcom	MORPH=empty
an	en1	PRE	MORPH=empty
sa	son4	DETpos	MORPH=empty
main	main2	NOMcom	MORPH=empty
tenoit	tenir1	VERcjg	MORPH=empty
par	par	PRE	MORPH=empty
contenance	contenance	NOMcom	MORPH=empty
.i.	un	DETndf	MORPH=empty
bastonet	bastonet	NOMcom	MORPH=empty
;	;	PONfbl	MORPH=empty
et	et	CONcoo	MORPH=empty
aprés	après	PRE	MORPH=empty
lui	il	PROper	MORPH=empty
vienent	venir	VERcjg	MORPH=empty
vaslet	vaslet	NOMcom	MORPH=empty
dui	deus	PROcar	MORPH=empty
;	;	PONfbl	MORPH=empty
desafublé	desafubler	VERppe	MORPH=empty
sont	estre1	VERcjg	MORPH=empty
venu	venir	VERppe	MORPH=empty
.	.	PONfrt	MORPH=empty
Cil	cel	PROdem	MORPH=empty
qui	qui	PROrel	MORPH=empty
vient	venir	VERcjg	MORPH=empty
a	avoir	VERcjg	MORPH=empty
bien	bien1	ADVgen	MORPH=empty
retenu	retenir	VERppe	MORPH=empty
ce	ce1	PROdem	MORPH=empty
que	que2	PROrel	MORPH=empty
sa	son4	DETpos	MORPH=empty
mere	mere	NOMcom	MORPH=empty
li	il	PROper	MORPH=empty
aprist	aprendre	VERcjg	MORPH=empty
,	,	PONfbl	MORPH=empty
car	car	CONcoo	MORPH=empty
il	il	PROper	MORPH=empty
le	il	PROper	MORPH=empty
salua	salüer	VERcjg	MORPH=empty
et	et	CONcoo	MORPH=empty
dist	dire	VERcjg	MORPH=empty
:	:	PONfbl	MORPH=empty
"	"	PONpxx	MORPH=empty
Sire	seignor	NOMcom	MORPH=empty
,	,	PONfbl	MORPH=empty
ce	ce1	PROdem	MORPH=empty
m'	je	PROper	MORPH=empty
anseigna	enseignier	VERcjg	MORPH=empty
ma	mon1	DETpos	MORPH=empty
mere	mere	NOMcom	MORPH=empty
.	.	PONfrt	MORPH=empty
Dex	Dieu	NOMpro	MORPH=empty
beneïe	benëir	VERcjg	MORPH=empty
toi	tu	PROper	MORPH=empty
,	,	PONfbl	MORPH=empty
biau	bel1	ADJqua	MORPH=empty
frere	frere	NOMcom	MORPH=empty
"	"	PONpxx	MORPH=empty
,	,	PONfbl	MORPH=empty
fet	faire	VERcjg	MORPH=empty
li	le	DETdef	MORPH=empty
prodom	pro	NOMcom	MORPH=empty
,	,	PONfbl	MORPH=empty
qui	qui	PROrel	MORPH=empty
le	il	PROper	MORPH=empty
vit	vëoir	VERcjg	MORPH=empty
sot	sot	ADJqua	MORPH=empty
;	;	PONfbl	MORPH=empty
au	a3+le	PRE.DETdef	MORPH=empty
parler	parler	VERinf	MORPH=empty
le	il	PROper	MORPH=empty
conut	conoistre	VERcjg	MORPH=empty
et	et	CONcoo	MORPH=empty
sot	savoir	VERcjg	MORPH=empty
;	;	PONfbl	MORPH=empty
et	et	CONcoo	MORPH=empty
dit	dire	VERcjg	MORPH=empty
:	:	PONfbl	MORPH=empty
"	"	PONpxx	MORPH=empty
Biax	bel1	ADJqua	MORPH=empty
frere	frere	NOMcom	MORPH=empty
,	,	PONfbl	MORPH=empty
don	dont	PROint	MORPH=empty
viens	venir	VERcjg	MORPH=empty
tu	tu	PROper	MORPH=empty
?	?	PONfrt	MORPH=empty
Dont	dont	PROint	MORPH=empty
?	?	PONfrt	MORPH=empty
De	de	PRE	MORPH=empty
la	le	DETdef	MORPH=empty
cort	cort1	NOMcom	MORPH=empty
le	le	DETdef	MORPH=empty
roi	roi2	NOMcom	MORPH=empty
Artu	Artu	NOMpro	MORPH=empty
.	.	PONfrt	MORPH=empty
Qu'	que3	PROint	MORPH=empty
i	i2	PROadv	MORPH=empty
feïs	faire	VERcjg	MORPH=empty
?	?	PONfrt	MORPH=empty
Chevalier	chevalier	NOMcom	MORPH=empty
m'	je	PROper	MORPH=empty
a	avoir	VERcjg	MORPH=empty
fait	faire	VERppe	MORPH=empty
li	le	DETdef	MORPH=empty
rois	roi2	NOMcom	MORPH=empty
,	,	PONfbl	MORPH=empty
qui	qui	PROrel	MORPH=empty
bone	bon	ADJqua	MORPH=empty
avanture	aventure	NOMcom	MORPH=empty
ait	avoir	VERcjg	MORPH=empty
.	.	PONfrt	MORPH=empty
Chevalier	chevalier	NOMcom	MORPH=empty
?	?	PONfrt	MORPH=empty
Se	se	CONsub	MORPH=empty
Dex	Dieu	NOMpro	MORPH=empty
bien	bien2	NOMcom	MORPH=empty
me	je	PROper	MORPH=empty
doint	doner	VERcjg	MORPH=empty
,	,	PONfbl	MORPH=empty
ne	ne1	ADVneg	MORPH=empty
cuidoie	cuidier1	VERcjg	MORPH=empty
c'	que4	CONsub	MORPH=empty
or	or4	ADVgen	MORPH=empty
an	en1	PRE	MORPH=empty
cest	cest	DETdem	MORPH=empty
point	point	NOMcom	MORPH=empty
d'	de	PRE	MORPH=empty
itel	itel	DETind	MORPH=empty
chose	chose	NOMcom	MORPH=empty
li	il	PROper	MORPH=empty
sovenist	sovenir	VERcjg	MORPH=empty
.	.	PONfrt	MORPH=empty
D'	de	PRE	MORPH=empty
el	el1	PROper	MORPH=empty
cuidoie	cuidier1	VERcjg	MORPH=empty
qu'	que4	CONsub	MORPH=empty
il	il	PROper	MORPH=empty
li	il	PROper	MORPH=empty
tenist	tenir1	VERcjg	MORPH=empty
au	a3+le	PRE.DETdef	MORPH=empty
roi	roi2	NOMcom	MORPH=empty
que	que4	CONsub	MORPH=empty
de	de	PRE	MORPH=empty
chevalier	chevalier	NOMcom	MORPH=empty
faire	faire	VERinf	MORPH=empty
.	.	PONfrt	MORPH=empty
Or	or4	ADVgen	MORPH=empty
me	je	PROper	MORPH=empty
di	dire	VERcjg	MORPH=empty
,	,	PONfbl	MORPH=empty
frere	frere	NOMcom	MORPH=empty
debonaire	debonaire	ADJqua	MORPH=empty
,	,	PONfbl	MORPH=empty
ces	ce2	DETdem	MORPH=empty
armes	arme	NOMcom	MORPH=empty
,	,	PONfbl	MORPH=empty
qui	qui	PROint	MORPH=empty
les	il	PROper	MORPH=empty
te	tu	PROper	MORPH=empty
bailla	baillier	VERcjg	MORPH=empty
?	?	PONfrt	MORPH=empty
Li	le	DETdef	MORPH=empty
rois	roi2	NOMcom	MORPH=empty
,	,	PONfbl	MORPH=empty
fet	faire	VERcjg	MORPH=empty
il	il	PROper	MORPH=empty
,	,	PONfbl	MORPH=empty
les	il	PROper	MORPH=empty
me	je	PROper	MORPH=empty
dona	doner	VERcjg	MORPH=empty
.	.	PONfrt	MORPH=empty
Dona	doner	VERcjg	MORPH=empty
?	?	PONfrt	MORPH=empty
Comant	coment1	ADVint	MORPH=empty
?	?	PONfrt	MORPH=empty
"	"	PONpxx	MORPH=empty
Et	et	CONcoo	MORPH=empty
il	il	PROper	MORPH=empty
li	il	PROper	MORPH=empty
conte	conter	VERcjg	MORPH=empty
si	si	ADVgen	MORPH=empty
con	come1	CONsub	MORPH=empty
avez	avoir	VERcjg	MORPH=empty
oï	öir	VERppe	MORPH=empty
el	en1+le	PRE.DETdef	MORPH=empty
conte	conte2	NOMcom	MORPH=empty
.	.	PONfrt	MORPH=empty
Qui	qui	PROrel	MORPH=empty
autre	autre	DETind	MORPH=empty
foiz	foiz	NOMcom	MORPH=empty
le	il	PROper	MORPH=empty
conteroit	conter	VERcjg	MORPH=empty
,	,	PONfbl	MORPH=empty
enuiz	enui	NOMcom	MORPH=empty
et	et	CONcoo	MORPH=empty
oiseuse	oisose	NOMcom	MORPH=empty
seroit	estre1	VERcjg	MORPH=empty
,	,	PONfbl	MORPH=empty
que	que4	CONcoo	MORPH=empty
nus	nul	DETind	MORPH=empty
contes	conte2	NOMcom	MORPH=empty
ce	ce1	PROdem	MORPH=empty
ne	ne1	ADVneg	MORPH=empty
demande	demander	VERcjg	MORPH=empty
.	.	PONfrt	MORPH=empty
Et	et	CONcoo	MORPH=empty
li	le	DETdef	MORPH=empty
prodom	pro	NOMcom	MORPH=empty
li	il	PROper	MORPH=empty
redemande	redemander	VERcjg	MORPH=empty
qu'	que2	PROrel	MORPH=empty
il	il	PROper	MORPH=empty
set	savoir	VERcjg	MORPH=empty
fere	faire	VERinf	MORPH=empty
de	de	PRE	MORPH=empty
son	son4	DETpos	MORPH=empty
cheval	cheval	NOMcom	MORPH=empty
.	.	PONfrt	MORPH=empty
"	"	PONpxx	MORPH=empty
Jel	je+il	PROper.PROper	MORPH=empty
sai	savoir	VERcjg	MORPH=empty
corre	corir	VERinf	MORPH=empty
amont	amont	ADVgen	MORPH=empty
et	et	CONcoo	MORPH=empty
aval	aval	ADVgen	MORPH=empty
tot	tot	ADVgen	MORPH=empty
autresi	autresi	ADVgen	MORPH=empty
con	come1	CONsub	MORPH=empty
je	je	PROper	MORPH=empty
soloie	soloir	VERcjg	MORPH=empty
le	le	DETdef	MORPH=empty
chaceor	chacëor	NOMcom	MORPH=empty
,	,	PONfbl	MORPH=empty
quant	cant1	CONsub	MORPH=empty
je	je	PROper	MORPH=empty
l'	il	PROper	MORPH=empty
avoie	avoir	VERcjg	MORPH=empty
an	en1	PRE	MORPH=empty
la	le	DETdef	MORPH=empty
meison	maison	NOMcom	MORPH=empty
ma	mon1	DETpos	MORPH=empty
mere	mere	NOMcom	MORPH=empty
pris	prendre	VERppe	MORPH=empty
.	.	PONfrt	MORPH=empty
Et	et	CONcoo	MORPH=empty
de	de	PRE	MORPH=empty
voz	vostre	DETpos	MORPH=empty
armes	arme	NOMcom	MORPH=empty
,	,	PONfbl	MORPH=empty
biax	bel1	ADJqua	MORPH=empty
amis	ami	NOMcom	MORPH=empty
,	,	PONfbl	MORPH=empty
me	je	PROper	MORPH=empty
redites	redire	VERcjg	MORPH=empty
qu'	que3	PROint	MORPH=empty
an	en2	PROadv	MORPH=empty
savez	savoir	VERcjg	MORPH=empty
faire	faire	VERinf	MORPH=empty
?	?	PONfrt	MORPH=empty
Jes	je+il	PROper.PROper	MORPH=empty
sai	savoir	VERcjg	MORPH=empty
bien	bien1	ADVgen	MORPH=empty
vestir	vestir	VERinf	MORPH=empty
et	et	CONcoo	MORPH=empty
retraire	retraire	VERinf	MORPH=empty
si	si	ADVgen	MORPH=empty
con	come1	CONsub	MORPH=empty
li	le	DETdef	MORPH=empty
vaslez	vaslet	NOMcom	MORPH=empty
m'	je	PROper	MORPH=empty
an	en2	PROadv	MORPH=empty
arma	armer	VERcjg	MORPH=empty
,	,	PONfbl	MORPH=empty
qui	qui	PROrel	MORPH=empty
devant	devant	PRE	MORPH=empty
moi	je	PROper	MORPH=empty
an	en2	PROadv	MORPH=empty
desarma	desarmer	VERcjg	MORPH=empty
le	le	DETdef	MORPH=empty
chevalier	chevalier	NOMcom	MORPH=empty
qu'	que2	PROrel	MORPH=empty
avoie	avoir	VERcjg	MORPH=empty
mort	morir	VERppe	MORPH=empty
;	;	PONfbl	MORPH=empty
et	et	CONcoo	MORPH=empty
si	si	ADVgen	MORPH=empty
legieremant	legierement	ADVgen	MORPH=empty
les	il	PROper	MORPH=empty
port	porter	VERcjg	MORPH=empty
que	que4	CONsub	MORPH=empty
eles	il	PROper	MORPH=empty
ne	ne1	ADVneg	MORPH=empty
me	je	PROper	MORPH=empty
grievent	grever	VERcjg	MORPH=empty
rien	rien	PROind	MORPH=empty
.	.	PONfrt	MORPH=empty
Par	par	PRE	MORPH=empty
l'	le	DETdef	MORPH=empty
ame	ame	NOMcom	MORPH=empty
Deu	Dieu	NOMpro	MORPH=empty
,	,	PONfbl	MORPH=empty
ce	ce1	PROdem	MORPH=empty
pris	prisier	VERcjg	MORPH=empty
je	je	PROper	MORPH=empty
bien	bien1	ADVgen	MORPH=empty
,	,	PONfbl	MORPH=empty
fet	faire	VERcjg	MORPH=empty
li	le	DETdef	MORPH=empty
prodom	pro	NOMcom	MORPH=empty
,	,	PONfbl	MORPH=empty
et	et	CONcoo	MORPH=empty
mout	mout	ADVgen	MORPH=empty
me	je	PROper	MORPH=empty
siet	sëoir	VERcjg	MORPH=empty
.	.	PONfrt	MORPH=empty
Or	or4	ADVgen	MORPH=empty
me	je	PROper	MORPH=empty
dites	dire	VERcjg	MORPH=empty
,	,	PONfbl	MORPH=empty
si	si	ADVgen	MORPH=empty
ne	ne1	ADVneg	MORPH=empty
vos	vos	PROper	MORPH=empty
griet	grever	VERcjg	MORPH=empty
,	,	PONfbl	MORPH=empty
quex	quel1	DETint	MORPH=empty
besoinz	besoing	NOMcom	MORPH=empty
vos	vos	PROper	MORPH=empty
amena	amener	VERcjg	MORPH=empty
ça	ça	ADVgen	MORPH=empty
?	?	PONfrt	MORPH=empty
Sire	seignor	NOMcom	MORPH=empty
,	,	PONfbl	MORPH=empty
ma	mon1	DETpos	MORPH=empty
mere	mere	NOMcom	MORPH=empty
m'	je	PROper	MORPH=empty
anseigna	enseignier	VERcjg	MORPH=empty
que	que4	CONsub	MORPH=empty
vers	vers2	PRE	MORPH=empty
les	le	DETdef	MORPH=empty
prodomes	pro	NOMcom	MORPH=empty
alasse	aler	VERcjg	MORPH=empty
et	et	CONcoo	MORPH=empty
que	que4	CONsub	MORPH=empty
a	a3	PRE	MORPH=empty
aus	il	PROper	MORPH=empty
me	je	PROper	MORPH=empty
conseillasse	conseillier1	VERcjg	MORPH=empty
,	,	PONfbl	MORPH=empty
se	si	ADVgen	MORPH=empty
creüsse	croire	VERcjg	MORPH=empty
ce	ce1	PROdem	MORPH=empty
qu'	que2	PROrel	MORPH=empty
il	il	PROper	MORPH=empty
diroient	dire	VERcjg	MORPH=empty
,	,	PONfbl	MORPH=empty
que	que4	CONcoo	MORPH=empty
preu	pro	NOMcom	MORPH=empty
i	i2	PROadv	MORPH=empty
ont	avoir	VERcjg	MORPH=empty
cil	cel	PROdem	MORPH=empty
qui	qui	PROrel	MORPH=empty
les	il	PROper	MORPH=empty
croient	croire	VERcjg	MORPH=empty
.	.	PONfrt	MORPH=empty
"	"	PONpxx	MORPH=empty
Et	et	CONcoo	MORPH=empty
li	le	DETdef	MORPH=empty
prodom	pro	NOMcom	MORPH=empty
respont	respondre1	VERcjg	MORPH=empty
:	:	PONfbl	MORPH=empty
"	"	PONpxx	MORPH=empty
Biau	bel1	ADJqua	MORPH=empty
frere	frere	NOMcom	MORPH=empty
,	,	PONfbl	MORPH=empty
beneoite	benëir	VERppe	MORPH=empty
soit	estre1	VERcjg	MORPH=empty
vostre	vostre	DETpos	MORPH=empty
mere	mere	NOMcom	MORPH=empty
,	,	PONfbl	MORPH=empty
que	que4	CONcoo	MORPH=empty
ele	il	PROper	MORPH=empty
vos	vos	PROper	MORPH=empty
conseilla	conseillier1	VERcjg	MORPH=empty
bien	bien1	ADVgen	MORPH=empty
.	.	PONfrt	MORPH=empty
Mes	mais1	ADVgen	MORPH=empty
volez	voloir	VERcjg	MORPH=empty
plus	plus	ADVgen	MORPH=empty
nule	nul	DETind	MORPH=empty
rien	rien	NOMcom	MORPH=empty
?	?	PONfrt	MORPH=empty
Oïl	öil	ADVgen	MORPH=empty
.	.	PONfrt	MORPH=empty
Et	et	CONcoo	MORPH=empty
quoi	coi2	PROint	MORPH=empty
?	?	PONfrt	MORPH=empty
Tant	tant	ADVgen	MORPH=empty
,	,	PONfbl	MORPH=empty
et	et	CONcoo	MORPH=empty
non	non	ADVneg	MORPH=empty
mes	mais1	ADVgen	MORPH=empty
,	,	PONfbl	MORPH=empty
que	que4	CONsub	MORPH=empty
vos	vos	PROper	MORPH=empty
me	je	PROper	MORPH=empty
herbergiez	herbergier	VERcjg	MORPH=empty
hui	ui	ADVgen	MORPH=empty
mes	mais1	ADVgen	MORPH=empty
.	.	PONfrt	MORPH=empty
Mout	mout	ADVgen	MORPH=empty
volantiers	volentiers	ADVgen	MORPH=empty
,	,	PONfbl	MORPH=empty
fet	faire	VERcjg	MORPH=empty
li	le	DETdef	MORPH=empty
prodon	pro	NOMcom	MORPH=empty
,	,	PONfbl	MORPH=empty
mes	mais1	CONcoo	MORPH=empty
que	que3	ADVint	MORPH=empty
vos	vos	PROper	MORPH=empty
m'	je	PROper	MORPH=empty
otroiez	otroiier	VERcjg	MORPH=empty
.i.	1	DETcar	MORPH=empty
don	don	NOMcom	MORPH=empty
dont	dont	PROrel	MORPH=empty
grant	grant	ADJqua	MORPH=empty
bien	bien2	NOMcom	MORPH=empty
venir	venir	VERinf	MORPH=empty
vos	vos	PROper	MORPH=empty
verroiz	vëoir	VERcjg	MORPH=empty
.	.	PONfrt	MORPH=empty
Et	et	CONcoo	MORPH=empty
coi	coi2	PROint	MORPH=empty
?	?	PONfrt	MORPH=empty
"	"	PONpxx	MORPH=empty
fet	faire	VERcjg	MORPH=empty
il	il	PROper	MORPH=empty
.	.	PONfrt	MORPH=empty
"	"	PONpxx	MORPH=empty
Que	que4	CONsub	MORPH=empty
vos	vos	PROper	MORPH=empty
cresroiz	croire	VERcjg	MORPH=empty
le	le	DETdef	MORPH=empty
consoil	conseil	NOMcom	MORPH=empty
vostre	vostre	DETpos	MORPH=empty
mere	mere	NOMcom	MORPH=empty
et	et	CONcoo	MORPH=empty
moi	je	PROper	MORPH=empty
.	.	PONfrt	MORPH=empty
Par	par	PRE	MORPH=empty
foi	foi	NOMcom	MORPH=empty
,	,	PONfbl	MORPH=empty
fet	faire	VERcjg	MORPH=empty
il	il	PROper	MORPH=empty
,	,	PONfbl	MORPH=empty
et	et	CONcoo	MORPH=empty
je	je	PROper	MORPH=empty
l'	il	PROper	MORPH=empty
otroi	otroiier	VERcjg	MORPH=empty
.	.	PONfrt	MORPH=empty
Donc	donc	ADVgen	MORPH=empty
descendez	descendre	VERcjg	MORPH=empty
.	.	PONfrt	MORPH=empty
"	"	PONpxx	MORPH=empty
Et	et	CONcoo	MORPH=empty
il	il	PROper	MORPH=empty
descent	descendre	VERcjg	MORPH=empty
.	.	PONfrt	MORPH=empty
Uns	un	PROind	MORPH=empty
des	de+le	PRE.DETdef	MORPH=empty
vaslez	vaslet	NOMcom	MORPH=empty
son	son4	DETpos	MORPH=empty
cheval	cheval	NOMcom	MORPH=empty
prant	prendre	VERcjg	MORPH=empty
,	,	PONfbl	MORPH=empty
des	de+le	PRE.DETdef	MORPH=empty
.ii.	2	PROcar	MORPH=empty
qui	qui	PROrel	MORPH=empty
furent	estre1	VERcjg	MORPH=empty
venu	venir	VERppe	MORPH=empty
la	là	ADVgen	MORPH=empty
;	;	PONfbl	MORPH=empty
et	et	CONcoo	MORPH=empty
li	le	DETdef	MORPH=empty
altres	autre	PROind	MORPH=empty
le	il	PROper	MORPH=empty
desarma	desarmer	VERcjg	MORPH=empty
,	,	PONfbl	MORPH=empty
si	si	ADVgen	MORPH=empty
remest	remanoir	VERcjg	MORPH=empty
an	en1	PRE	MORPH=empty
la	le	DETdef	MORPH=empty
robe	robe	NOMcom	MORPH=empty
sote	sot	ADJqua	MORPH=empty
,	,	PONfbl	MORPH=empty
es	en1+le	PRE.DETdef	MORPH=empty
revelins	revelin	NOMcom	MORPH=empty
et	et	CONcoo	MORPH=empty
an	en1	PRE	MORPH=empty
la	le	DETdef	MORPH=empty
cote	cote2	NOMcom	MORPH=empty
de	de	PRE	MORPH=empty
cerf	cerf	NOMcom	MORPH=empty
mal	mal1	ADJqua	MORPH=empty
fete	faire	VERppe	MORPH=empty
et	et	CONcoo	MORPH=empty
mal	mal1	ADJqua	MORPH=empty
tailliee	taillier1	VERppe	MORPH=empty
que	que2	PROrel	MORPH=empty
sa	son4	DETpos	MORPH=empty
mere	mere	NOMcom	MORPH=empty
li	il	PROper	MORPH=empty
ot	avoir	VERcjg	MORPH=empty
bailliee	baillier	VERppe	MORPH=empty
.	.	PONfrt	MORPH=empty
Et	et	CONcoo	MORPH=empty
li	le	DETdef	MORPH=empty
prodon	pro	NOMcom	MORPH=empty
se	soi1	PROper	MORPH=empty
fist	faire	VERcjg	MORPH=empty
chaucier	chaucier1	VERinf	MORPH=empty
les	le	DETdef	MORPH=empty
esperons	esperon	NOMcom	MORPH=empty
tranchanz	trenchier1	VERppa	MORPH=empty
d'	de	PRE	MORPH=empty
acier	acier	NOMcom	MORPH=empty
que	que2	PROrel	MORPH=empty
li	le	DETdef	MORPH=empty
vaslez	vaslet	NOMcom	MORPH=empty
ot	avoir	VERcjg	MORPH=empty
aportez	aporter	VERppe	MORPH=empty
,	,	PONfbl	MORPH=empty
si	si	ADVgen	MORPH=empty
est	estre1	VERcjg	MORPH=empty
sor	sor2	PRE	MORPH=empty
le	le	DETdef	MORPH=empty
cheval	cheval	NOMcom	MORPH=empty
montez	monter	VERppe	MORPH=empty
,	,	PONfbl	MORPH=empty
et	et	CONcoo	MORPH=empty
l'	le	DETdef	MORPH=empty
escu	escu	NOMcom	MORPH=empty
par	par	PRE	MORPH=empty
la	le	DETdef	MORPH=empty
guige	guiche	NOMcom	MORPH=empty
pant	pendre	VERcjg	MORPH=empty
a	a3	PRE	MORPH=empty
son	son4	DETpos	MORPH=empty
col	col	NOMcom	MORPH=empty
,	,	PONfbl	MORPH=empty
et	et	CONcoo	MORPH=empty
la	le	DETdef	MORPH=empty
lance	lance	NOMcom	MORPH=empty
prant	prendre	VERcjg	MORPH=empty
,	,	PONfbl	MORPH=empty
et	et	CONcoo	MORPH=empty
dit	dire	VERcjg	MORPH=empty
:	:	PONfbl	MORPH=empty
"	"	PONpxx	MORPH=empty
Amis	ami	NOMcom	MORPH=empty
,	,	PONfbl	MORPH=empty
or	or4	ADVgen	MORPH=empty
aprenez	aprendre	VERcjg	MORPH=empty
d'	de	PRE	MORPH=empty
armes	arme	NOMcom	MORPH=empty
et	et	CONcoo	MORPH=empty
garde	garde	NOMcom	MORPH=empty
vos	vos	PROper	MORPH=empty
prenez	prendre	VERcjg	MORPH=empty
comant	coment1	ADVsub	MORPH=empty
l'	le	DETdef	MORPH=empty
an	on	PROind	MORPH=empty
doit	devoir	VERcjg	MORPH=empty
lance	lance	NOMcom	MORPH=empty
tenir	tenir1	VERinf	MORPH=empty
et	et	CONcoo	MORPH=empty
cheval	cheval	NOMcom	MORPH=empty
poindre	poindre	VERinf	MORPH=empty
et	et	CONcoo	MORPH=empty
retenir	retenir	VERinf	MORPH=empty
.	.	PONfrt	MORPH=empty
"	"	PONpxx	MORPH=empty
Lors	lors	ADVgen	MORPH=empty
a	avoir	VERcjg	MORPH=empty
desploiee	desploiier	VERppe	MORPH=empty
l'	le	DETdef	MORPH=empty
anseigne	enseigne	NOMcom	MORPH=empty
,	,	PONfbl	MORPH=empty
se	si	ADVgen	MORPH=empty
li	il	PROper	MORPH=empty
mostre	mostrer	VERcjg	MORPH=empty
et	et	CONcoo	MORPH=empty
se	si	ADVgen	MORPH=empty
li	il	PROper	MORPH=empty
anseigne	enseignier	VERcjg	MORPH=empty
comant	coment1	ADVsub	MORPH=empty
an	on	PROind	MORPH=empty
doit	devoir	VERcjg	MORPH=empty
son	son4	DETpos	MORPH=empty
escu	escu	NOMcom	MORPH=empty
prandre	prendre	VERinf	MORPH=empty
.	.	PONfrt	MORPH=empty
.I.	un	DETndf	MORPH=empty
petit	petit	PROind	MORPH=empty
le	il	PROper	MORPH=empty
fet	faire	VERcjg	MORPH=empty
avant	avant	ADVgen	MORPH=empty
pandre	pendre	VERinf	MORPH=empty
tant	tant	ADVgen	MORPH=empty
qu'	que4	CONsub	MORPH=empty
au	a3+le	PRE.DETdef	MORPH=empty
col	col	NOMcom	MORPH=empty
del	de+le	PRE.DETdef	MORPH=empty
cheval	cheval	NOMcom	MORPH=empty
le	il	PROper	MORPH=empty
joint	joindre	VERcjg	MORPH=empty
,	,	PONfbl	MORPH=empty
et	et	CONcoo	MORPH=empty
met	metre2	VERcjg	MORPH=empty
la	le	DETdef	MORPH=empty
lance	lance	NOMcom	MORPH=empty
el	en1+le	PRE.DETdef	MORPH=empty
fautre	fautre	NOMcom	MORPH=empty
,	,	PONfbl	MORPH=empty
et	et	CONcoo	MORPH=empty
point	poindre	VERcjg	MORPH=empty
le	le	DETdef	MORPH=empty
cheval	cheval	NOMcom	MORPH=empty
qui	qui	PROrel	MORPH=empty
.c.	100	DETcar	MORPH=empty
mars	marc1	NOMcom	MORPH=empty
valoit	valoir	VERcjg	MORPH=empty
,	,	PONfbl	MORPH=empty
que	que4	CONcoo	MORPH=empty
nus	nul	PROind	MORPH=empty
plus	plus	ADVgen	MORPH=empty
volantiers	volentiers	ADVgen	MORPH=empty
n'	ne1	ADVneg	MORPH=empty
aloit	aler	VERcjg	MORPH=empty
plus	plus	ADVgen	MORPH=empty
tost	tost1	ADVgen	MORPH=empty
ne	ne2	CONcoo	MORPH=empty
de	de	PRE	MORPH=empty
graignor	grant	ADJqua	MORPH=empty
vertu	vertu	NOMcom	MORPH=empty
.	.	PONfrt	MORPH=empty
Li	le	DETdef	MORPH=empty
prodon	pro	NOMcom	MORPH=empty
sot	savoir	VERcjg	MORPH=empty
mout	mout	ADVgen	MORPH=empty
de	de	PRE	MORPH=empty
l'	le	DETdef	MORPH=empty
escu	escu	NOMcom	MORPH=empty
et	et	CONcoo	MORPH=empty
del	de+le	PRE.DETdef	MORPH=empty
cheval	cheval	NOMcom	MORPH=empty
et	et	CONcoo	MORPH=empty
de	de	PRE	MORPH=empty
la	le	DETdef	MORPH=empty
lance	lance	NOMcom	MORPH=empty
,	,	PONfbl	MORPH=empty
car	car	CONcoo	MORPH=empty
il	il	PROper	MORPH=empty
l'	il	PROper	MORPH=empty
ot	avoir	VERcjg	MORPH=empty
apris	aprendre	VERppe	MORPH=empty
des	de+le	PRE.DETdef	MORPH=empty
anfance	enfance	NOMcom	MORPH=empty
;	;	PONfbl	MORPH=empty
Si	si	ADVgen	MORPH=empty
plot	plaire	VERcjg	MORPH=empty
mout	mout	ADVgen	MORPH=empty
au	a3+le	PRE.DETdef	MORPH=empty
vaslet	vaslet	NOMcom	MORPH=empty
et	et	CONcoo	MORPH=empty
sist	sëoir	VERcjg	MORPH=empty
trestot	trestot	PROind	MORPH=empty
quanque	cantque	PROrel	MORPH=empty
li	le	DETdef	MORPH=empty
prodom	pro	NOMcom	MORPH=empty
fist	faire	VERcjg	MORPH=empty
.	.	PONfrt	MORPH=empty
Qant	cant1	CONsub	MORPH=empty
il	il	PROper	MORPH=empty
ot	avoir	VERcjg	MORPH=empty
fet	faire	VERppe	MORPH=empty
tot	tot	DETind	MORPH=empty
son	son4	DETpos	MORPH=empty
cenbel	cembel1	NOMcom	MORPH=empty
devant	devant	PRE	MORPH=empty
le	le	DETdef	MORPH=empty
vaslet	vaslet	NOMcom	MORPH=empty
bien	bien1	ADVgen	MORPH=empty
et	et	CONcoo	MORPH=empty
bel	bel1	ADJqua	MORPH=empty
,	,	PONfbl	MORPH=empty
qui	qui	PROrel	MORPH=empty
bien	bien1	ADVgen	MORPH=empty
s'	soi1	PROper	MORPH=empty
an	en2	PROadv	MORPH=empty
ert	estre1	VERcjg	MORPH=empty
garde	garde	NOMcom	MORPH=empty
donee	doner	VERppe	MORPH=empty
,	,	PONfbl	MORPH=empty
Si	si	ADVgen	MORPH=empty
s'	soi1	PROper	MORPH=empty
an	en2	PROadv	MORPH=empty
revient	revenir	VERcjg	MORPH=empty
lance	lance	NOMcom	MORPH=empty
levee	lever	VERppe	MORPH=empty
au	a3+le	PRE.DETdef	MORPH=empty
vaslet	vaslet	NOMcom	MORPH=empty
et	et	CONcoo	MORPH=empty
demande	demander	VERcjg	MORPH=empty
li	il	PROper	MORPH=empty
:	:	PONfbl	MORPH=empty
"	"	PONpxx	MORPH=empty
Amis	ami	NOMcom	MORPH=empty
,	,	PONfbl	MORPH=empty
savriez	savoir	VERcjg	MORPH=empty
vos	vos	PROper	MORPH=empty
ausi	aussi	ADVgen	MORPH=empty
la	le	DETdef	MORPH=empty
lance	lance	NOMcom	MORPH=empty
et	et	CONcoo	MORPH=empty
l'	le	DETdef	MORPH=empty
escu	escu	NOMcom	MORPH=empty
demener	demener	VERinf	MORPH=empty
,	,	PONfbl	MORPH=empty
et	et	CONcoo	MORPH=empty
le	le	DETdef	MORPH=empty
cheval	cheval	NOMcom	MORPH=empty
poindre	poindre	VERinf	MORPH=empty
et	et	CONcoo	MORPH=empty
mener	mener	VERinf	MORPH=empty
?	?	PONfrt	MORPH=empty
"	"	PONpxx	MORPH=empty
Et	et	CONcoo	MORPH=empty
cil	cel	PROdem	MORPH=empty
dit	dire	VERcjg	MORPH=empty
que	que4	CONsub	MORPH=empty
tot	tot	ADVgen	MORPH=empty
a	a3	PRE	MORPH=empty
delivre	delivre1	ADJqua	MORPH=empty
ne	ne1	ADVneg	MORPH=empty
querroit	querre	VERcjg	MORPH=empty
ja	ja	ADVgen	MORPH=empty
mes	mais1	ADVgen	MORPH=empty
.i.	1	DETcar	MORPH=empty
jor	jor	NOMcom	MORPH=empty
vivre	vivre1	VERinf	MORPH=empty
,	,	PONfbl	MORPH=empty
ne	ne2	CONcoo	MORPH=empty
terre	terre	NOMcom	MORPH=empty
ne	ne2	CONcoo	MORPH=empty
avoir	avoir	VERinf	MORPH=empty
n'	ne1	ADVneg	MORPH=empty
eüst	avoir	VERcjg	MORPH=empty
,	,	PONfbl	MORPH=empty
mes	mais1	CONcoo	MORPH=empty
qu'	que4	CONsub	MORPH=empty
ausi	aussi	ADVgen	MORPH=empty
fere	faire	VERinf	MORPH=empty
le	il	PROper	MORPH=empty
seüst	savoir	VERcjg	MORPH=empty
.	.	PONfrt	MORPH=empty
"	"	PONpxx	MORPH=empty
Ce	ce1	PROdem	MORPH=empty
qu'	que2	PROrel	MORPH=empty
an	on	PROind	MORPH=empty
ne	ne1	ADVneg	MORPH=empty
set	savoir	VERcjg	MORPH=empty
puet	pöoir	VERcjg	MORPH=empty
an	on	PROind	MORPH=empty
aprandre	aprendre	VERinf	MORPH=empty
,	,	PONfbl	MORPH=empty
qui	qui	PROrel	MORPH=empty
painne	peine	NOMcom	MORPH=empty
i	i2	PROadv	MORPH=empty
vialt	voloir	VERcjg	MORPH=empty
metre	metre2	VERinf	MORPH=empty
et	et	CONcoo	MORPH=empty
antandre	entendre	VERinf	MORPH=empty
,	,	PONfbl	MORPH=empty
fet	faire	VERcjg	MORPH=empty
li	le	DETdef	MORPH=empty
prodon	pro	NOMcom	MORPH=empty
,	,	PONfbl	MORPH=empty
biax	bel1	ADJqua	MORPH=empty
amis	ami	NOMcom	MORPH=empty
chiers	chier	ADJqua	MORPH=empty
.	.	PONfrt	MORPH=empty
Il	il	PROper	MORPH=empty
covient	covenir	VERcjg	MORPH=empty
a	a3	PRE	MORPH=empty
toz	tot	DETind	MORPH=empty
les	le	DETdef	MORPH=empty
mestiers	mestier	NOMcom	MORPH=empty
et	et	CONcoo	MORPH=empty
poinne	peine	NOMcom	MORPH=empty
et	et	CONcoo	MORPH=empty
cuer	cuer2	NOMcom	MORPH=empty
et	et	CONcoo	MORPH=empty
ialz	ueil	NOMcom	MORPH=empty
avoir	avoir	VERinf	MORPH=empty
;	;	PONfbl	MORPH=empty
par	par	PRE	MORPH=empty
ces	ce2	DETdem	MORPH=empty
.iii.	3	PROcar	MORPH=empty
puet	pöoir	VERcjg	MORPH=empty
an	on	PROind	MORPH=empty
tot	tot	PROind	MORPH=empty
savoir	savoir	VERinf	MORPH=empty
.	.	PONfrt	MORPH=empty
Et	et	CONcoo	MORPH=empty
quant	cant1	CONsub	MORPH=empty
vos	vos	PROper	MORPH=empty
onques	onque	ADVgen	MORPH=empty
nel	ne1+il	ADVneg.PROper	MORPH=empty
feïstes	faire	VERcjg	MORPH=empty
ne	ne2	CONcoo	MORPH=empty
autrui	autrui	PROind	MORPH=empty
fere	faire	VERinf	MORPH=empty
nel	ne1+il	ADVneg.PROper	MORPH=empty
veïstes	vëoir	VERcjg	MORPH=empty
,	,	PONfbl	MORPH=empty
se	se	CONsub	MORPH=empty
vos	vos	PROper	MORPH=empty
fere	faire	VERinf	MORPH=empty
ne	ne1	ADVneg	MORPH=empty
le	il	PROper	MORPH=empty
savez	savoir	VERcjg	MORPH=empty
,	,	PONfbl	MORPH=empty
honte	honte	NOMcom	MORPH=empty
ne	ne2	CONcoo	MORPH=empty
blasme	blasme	NOMcom	MORPH=empty
n'	ne1	ADVneg	MORPH=empty
i	i2	PROadv	MORPH=empty
avez	avoir	VERcjg	MORPH=empty
.	.	PONfrt	MORPH=empty
"	"	PONpxx	MORPH=empty
Lors	lors	ADVgen	MORPH=empty
le	il	PROper	MORPH=empty
fist	faire	VERcjg	MORPH=empty
li	le	DETdef	MORPH=empty
prodon	pro	NOMcom	MORPH=empty
monter	monter	VERinf	MORPH=empty
,	,	PONfbl	MORPH=empty
et	et	CONcoo	MORPH=empty
il	il	PROper	MORPH=empty
comança	comencier	VERcjg	MORPH=empty
a	a3	PRE	MORPH=empty
porter	porter	VERinf	MORPH=empty
si	si	ADVgen	MORPH=empty
a	a3	PRE	MORPH=empty
droit	droit	ADJqua	MORPH=empty
la	le	DETdef	MORPH=empty
lance	lance	NOMcom	MORPH=empty
et	et	CONcoo	MORPH=empty
l'	le	DETdef	MORPH=empty
escu	escu	NOMcom	MORPH=empty
com	come1	CONsub	MORPH=empty
s'	se	CONsub	MORPH=empty
il	il	PROper	MORPH=empty
eüst	avoir	VERcjg	MORPH=empty
toz	tot	DETind	MORPH=empty
jorz	jor	NOMcom	MORPH=empty
vescu	vivre1	VERppe	MORPH=empty
an	en1	PRE	MORPH=empty
tornoiemanz	tornoiement	NOMcom	MORPH=empty
et	et	CONcoo	MORPH=empty
an	en1	PRE	MORPH=empty
guerres	guerre	NOMcom	MORPH=empty
et	et	CONcoo	MORPH=empty
alé	aler	VERppe	MORPH=empty
par	par	PRE	MORPH=empty
totes	tot	DETind	MORPH=empty
les	le	DETdef	MORPH=empty
terres	terre	NOMcom	MORPH=empty
querant	querre	VERppa	MORPH=empty
bataille	bataille	NOMcom	MORPH=empty
et	et	CONcoo	MORPH=empty
avanture	aventure	NOMcom	MORPH=empty
,	,	PONfbl	MORPH=empty
car	car	CONcoo	MORPH=empty
il	il	PROimp	MORPH=empty
li	il	PROper	MORPH=empty
venoit	venir	VERcjg	MORPH=empty
de	de	PRE	MORPH=empty
nature	nature	NOMcom	MORPH=empty
;	;	PONfbl	MORPH=empty
et	et	CONcoo	MORPH=empty
quant	cant1	CONsub	MORPH=empty
nature	nature	NOMcom	MORPH=empty
li	il	PROper	MORPH=empty
aprant	aprendre	VERcjg	MORPH=empty
et	et	CONcoo	MORPH=empty
li	le	DETdef	MORPH=empty
cuers	cuer2	NOMcom	MORPH=empty
del	de+le	PRE.DETdef	MORPH=empty
tot	tot	PROind	MORPH=empty
i	i2	PROadv	MORPH=empty
antant	entendre	VERcjg	MORPH=empty
,	,	PONfbl	MORPH=empty
ne	ne1	ADVneg	MORPH=empty
li	il	PROper	MORPH=empty
puet	pöoir	VERcjg	MORPH=empty
estre	estre1	VERinf	MORPH=empty
riens	rien	PROind	MORPH=empty
grevainne	grevain	ADJqua	MORPH=empty
la	là	ADVgen	MORPH=empty
ou	où	PROrel	MORPH=empty
nature	nature	NOMcom	MORPH=empty
et	et	CONcoo	MORPH=empty
cuers	cuer2	NOMcom	MORPH=empty
se	soi1	PROper	MORPH=empty
painne	pener	VERcjg	MORPH=empty
.	.	PONfrt	MORPH=empty
Par	par	PRE	MORPH=empty
ces	ce2	DETdem	MORPH=empty
.ii.	2	PROcar	MORPH=empty
si	si	ADVgen	MORPH=empty
bien	bien1	ADVgen	MORPH=empty
le	il	PROper	MORPH=empty
feisoit	faire	VERcjg	MORPH=empty
que	que4	CONsub	MORPH=empty
au	a3+le	PRE.DETdef	MORPH=empty
prodome	pro	NOMcom	MORPH=empty
mout	mout	ADVgen	MORPH=empty
pleisoit	plaire	VERcjg	MORPH=empty
et	et	CONcoo	MORPH=empty
qu'	que4	CONsub	MORPH=empty
il	il	PROper	MORPH=empty
disoit	dire	VERcjg	MORPH=empty
an	en1	PRE	MORPH=empty
son	son4	DETpos	MORPH=empty
coraige	corage	NOMcom	MORPH=empty
que	que4	CONsub	MORPH=empty
,	,	PONfbl	MORPH=empty
se	se	CONsub	MORPH=empty
il	il	PROper	MORPH=empty
fust	estre1	VERcjg	MORPH=empty
tot	tot	DETind	MORPH=empty
son	son4	DETpos	MORPH=empty
aaige	ëage	NOMcom	MORPH=empty
d'	de	PRE	MORPH=empty
armes	arme	NOMcom	MORPH=empty
penez	pener	VERppe	MORPH=empty
et	et	CONcoo	MORPH=empty
antremis	entremetre	VERppe	MORPH=empty
,	,	PONfbl	MORPH=empty
s'	si	ADVgen	MORPH=empty
an	en2	PROadv	MORPH=empty
fust	estre1	VERcjg	MORPH=empty
il	il	PROper	MORPH=empty
asez	assez	ADVgen	MORPH=empty
bien	bien1	ADVgen	MORPH=empty
apris	aprendre	VERppe	MORPH=empty
.	.	PONfrt	MORPH=empty
Qant	cant1	CONsub	MORPH=empty
li	le	DETdef	MORPH=empty
vaslez	vaslet	NOMcom	MORPH=empty
ot	avoir	VERcjg	MORPH=empty
fet	faire	VERppe	MORPH=empty
son	son4	DETpos	MORPH=empty
tor	tor5	NOMcom	MORPH=empty
,	,	PONfbl	MORPH=empty
devant	devant	PRE	MORPH=empty
le	le	DETdef	MORPH=empty
prodome	pro	NOMcom	MORPH=empty
au	a3+le	PRE.DETdef	MORPH=empty
retor	retor1	NOMcom	MORPH=empty
,	,	PONfbl	MORPH=empty
lance	lance	NOMcom	MORPH=empty
levee	lever	VERppe	MORPH=empty
,	,	PONfbl	MORPH=empty
s'	soi1	PROper	MORPH=empty
an	en2	PROadv	MORPH=empty
repaire	repairier	VERcjg	MORPH=empty
si	si	ADVgen	MORPH=empty
con	come1	CONsub	MORPH=empty
il	il	PROper	MORPH=empty
li	il	PROper	MORPH=empty
ot	avoir	VERcjg	MORPH=empty
veü	vëoir	VERppe	MORPH=empty
faire	faire	VERinf	MORPH=empty
,	,	PONfbl	MORPH=empty
si	si	ADVgen	MORPH=empty
dist	dire	VERcjg	MORPH=empty
:	:	PONfbl	MORPH=empty
"	"	PONpxx	MORPH=empty
Sire	seignor	NOMcom	MORPH=empty
,	,	PONfbl	MORPH=empty
ai	avoir	VERcjg	MORPH=empty
le	il	PROper	MORPH=empty
ge	je	PROper	MORPH=empty
bien	bien1	ADVgen	MORPH=empty
fait	faire	VERppe	MORPH=empty
?	?	PONfrt	MORPH=empty
Cuidiez	cuidier1	VERcjg	MORPH=empty
vos	vos	PROper	MORPH=empty
que	que4	CONsub	MORPH=empty
ja	ja	ADVgen	MORPH=empty
mestier	mestier	NOMcom	MORPH=empty
m'	je	PROper	MORPH=empty
ait	avoir	VERcjg	MORPH=empty
poinne	peine	NOMcom	MORPH=empty
,	,	PONfbl	MORPH=empty
se	se	CONsub	MORPH=empty
je	je	PROper	MORPH=empty
metre	metre2	VERinf	MORPH=empty
l'	il	PROper	MORPH=empty
i	i2	PROadv	MORPH=empty
voel	voloir	VERcjg	MORPH=empty
?	?	PONfrt	MORPH=empty
Onques	onque	ADVgen	MORPH=empty
rien	rien	PROind	MORPH=empty
ne	ne1	ADVneg	MORPH=empty
virent	vëoir	VERcjg	MORPH=empty
mi	mon1	DETpos	MORPH=empty
oel	ueil	NOMcom	MORPH=empty
dont	dont	PROrel	MORPH=empty
si	si	ADVgen	MORPH=empty
grant	grant	ADJqua	MORPH=empty
coveitise	covoitise	NOMcom	MORPH=empty
eüsse	avoir	VERcjg	MORPH=empty
.	.	PONfrt	MORPH=empty
Mout	mout	ADVgen	MORPH=empty
voldroie	voloir	VERcjg	MORPH=empty
que	que4	CONsub	MORPH=empty
j'	je	PROper	MORPH=empty
an	en2	PROadv	MORPH=empty
seüsse	savoir	VERcjg	MORPH=empty
autretant	autretant	ADVgen	MORPH=empty
con	come1	CONsub	MORPH=empty
vos	vos	PROper	MORPH=empty
an	en2	PROadv	MORPH=empty
savez	savoir	VERcjg	MORPH=empty
.	.	PONfrt	MORPH=empty
Amis	ami	NOMcom	MORPH=empty
,	,	PONfbl	MORPH=empty
se	se	CONsub	MORPH=empty
le	le	DETdef	MORPH=empty
cuer	cuer2	NOMcom	MORPH=empty
i	i2	PROadv	MORPH=empty
avez	avoir	VERcjg	MORPH=empty
,	,	PONfbl	MORPH=empty
fet	faire	VERcjg	MORPH=empty
li	le	DETdef	MORPH=empty
prodon	pro	NOMcom	MORPH=empty
,	,	PONfbl	MORPH=empty
mout	mout	ADVgen	MORPH=empty
an	en2	PROadv	MORPH=empty
savroiz	savoir	VERcjg	MORPH=empty
,	,	PONfbl	MORPH=empty
ja	ja	ADVgen	MORPH=empty
mar	mar	ADVgen	MORPH=empty
cusançon	cuisençon	NOMcom	MORPH=empty
en	en2	PROadv	MORPH=empty
avroiz	avoir	VERcjg	MORPH=empty
.	.	PONfrt	MORPH=empty
"	"	PONpxx	MORPH=empty
Li	le	DETdef	MORPH=empty
prodon	pro	NOMcom	MORPH=empty
par	par	PRE	MORPH=empty
.iii.	3	DETcar	MORPH=empty
foiz	foiz	NOMcom	MORPH=empty
monta	monter	VERcjg	MORPH=empty
,	,	PONfbl	MORPH=empty
par	par	PRE	MORPH=empty
.iii.	3	DETcar	MORPH=empty
foiz	foiz	NOMcom	MORPH=empty
d'	de	PRE	MORPH=empty
armes	arme	NOMcom	MORPH=empty
l'	il	PROper	MORPH=empty
anseigna	enseignier	VERcjg	MORPH=empty
trestot	trestot	PROind	MORPH=empty
quanque	cantque	PROrel	MORPH=empty
mostrer	mostrer	VERinf	MORPH=empty
li	il	PROper	MORPH=empty
sot	savoir	VERcjg	MORPH=empty
,	,	PONfbl	MORPH=empty
tant	tant	ADVgen	MORPH=empty
que	que4	CONsub	MORPH=empty
asez	assez	ADVgen	MORPH=empty
mostré	mostrer	VERppe	MORPH=empty
l'	il	PROper	MORPH=empty
an	en2	PROadv	MORPH=empty
ot	avoir	VERcjg	MORPH=empty
,	,	PONfbl	MORPH=empty
et	et	CONcoo	MORPH=empty
par	par	PRE	MORPH=empty
.iii.	3	DETcar	MORPH=empty
foiz	foiz	NOMcom	MORPH=empty
monter	monter	VERinf	MORPH=empty
le	il	PROper	MORPH=empty
fist	faire	VERcjg	MORPH=empty
.	.	PONfrt	MORPH=empty
A	a3	PRE	MORPH=empty
la	le	DETdef	MORPH=empty
dasreainne	däerrain	ADJqua	MORPH=empty
li	il	PROper	MORPH=empty
dist	dire	VERcjg	MORPH=empty
:	:	PONfbl	MORPH=empty
"	"	PONpxx	MORPH=empty
Amis	ami	NOMcom	MORPH=empty
,	,	PONfbl	MORPH=empty
se	se	CONsub	MORPH=empty
vos	vos	PROper	MORPH=empty
ancontriez	encontrer	VERcjg	MORPH=empty
.i.	un	DETndf	MORPH=empty
chevalier	chevalier	NOMcom	MORPH=empty
,	,	PONfbl	MORPH=empty
que	que3	PROint	MORPH=empty
feriez	faire	VERcjg	MORPH=empty
s'	se	CONsub	MORPH=empty
il	il	PROper	MORPH=empty
vos	vos	PROper	MORPH=empty
feroit	faire	VERcjg	MORPH=empty
?	?	PONfrt	MORPH=empty
Jel	je+il	PROper.PROper	MORPH=empty
referroie	referir2	VERcjg	MORPH=empty
.	.	PONfrt	MORPH=empty
Et	et	CONcoo	MORPH=empty
se	se	CONsub	MORPH=empty
vostre	vostre	DETpos	MORPH=empty
lance	lance	NOMcom	MORPH=empty
peçoie	peçoiier	VERcjg	MORPH=empty
?	?	PONfrt	MORPH=empty
Aprés	après	PRE	MORPH=empty
ce	ce1	PROdem	MORPH=empty
n'	ne1	ADVneg	MORPH=empty
i	i2	PROadv	MORPH=empty
avroit	avoir	VERcjg	MORPH=empty
il	il	PROper	MORPH=empty
plus	plus	ADVgen	MORPH=empty
,	,	PONfbl	MORPH=empty
a	a3	PRE	MORPH=empty
.ii.	2	DETcar	MORPH=empty
poinz	poing	NOMcom	MORPH=empty
li	il	PROper	MORPH=empty
corroie	corir	VERcjg	MORPH=empty
sus	sus	ADVgen	MORPH=empty
.	.	PONfrt	MORPH=empty
Amis	ami	NOMcom	MORPH=empty
,	,	PONfbl	MORPH=empty
ce	ce1	PROdem	MORPH=empty
ne	ne1	ADVneg	MORPH=empty
feroiz	faire	VERcjg	MORPH=empty
vos	vos	PROper	MORPH=empty
mie	mie	ADVneg	MORPH=empty
.	.	PONfrt	MORPH=empty
Que	que3	PROint	MORPH=empty
ferai	faire	VERcjg	MORPH=empty
donc	donc	ADVgen	MORPH=empty
?	?	PONfrt	MORPH=empty
Par	par	PRE	MORPH=empty
escremie	escremie	NOMcom	MORPH=empty
de	de	PRE	MORPH=empty
l'	le	DETdef	MORPH=empty
espee	espee	NOMcom	MORPH=empty
l'	il	PROper	MORPH=empty
iroiz	aler	VERcjg	MORPH=empty
requerre	requerre	VERinf	MORPH=empty
.	.	PONfrt	MORPH=empty
"	"	PONpxx	MORPH=empty
Lors	lors	ADVgen	MORPH=empty
fiche	fichier	VERcjg	MORPH=empty
devant	devant	PRE	MORPH=empty
lui	il	PROper	MORPH=empty
a	a3	PRE	MORPH=empty
terre	terre	NOMcom	MORPH=empty
sa	son4	DETpos	MORPH=empty
lance	lance	NOMcom	MORPH=empty
an	en1	PRE	MORPH=empty
estant	ester	VERppa	MORPH=empty
tote	tot	ADVgen	MORPH=empty
droite	droit	ADJqua	MORPH=empty
li	le	DETdef	MORPH=empty
prodon	pro	NOMcom	MORPH=empty
,	,	PONfbl	MORPH=empty
qui	qui	PROrel	MORPH=empty
mout	mout	ADVgen	MORPH=empty
le	il	PROper	MORPH=empty
covoite	covoitier	VERcjg	MORPH=empty
d'	de	PRE	MORPH=empty
armes	arme	NOMcom	MORPH=empty
anseignier	enseignier	VERinf	MORPH=empty
et	et	CONcoo	MORPH=empty
aprandre	aprendre	VERinf	MORPH=empty
,	,	PONfbl	MORPH=empty
que	que4	CONsub	MORPH=empty
il	il	PROper	MORPH=empty
se	soi1	PROper	MORPH=empty
saiche	savoir	VERcjg	MORPH=empty
bien	bien1	ADVgen	MORPH=empty
desfandre	defendre	VERinf	MORPH=empty
a	a3	PRE	MORPH=empty
l'	le	DETdef	MORPH=empty
espee	espee	NOMcom	MORPH=empty
,	,	PONfbl	MORPH=empty
s'	se	CONsub	MORPH=empty
an	on	PROind	MORPH=empty
le	il	PROper	MORPH=empty
requiert	requerre	VERcjg	MORPH=empty
,	,	PONfbl	MORPH=empty
ou	o3	CONcoo	MORPH=empty
anvaïr	enväir	VERinf	MORPH=empty
quant	cant1	CONsub	MORPH=empty
leus	lieu	NOMcom	MORPH=empty
an	en2	PROadv	MORPH=empty
iert	estre1	VERcjg	MORPH=empty
.	.	PONfrt	MORPH=empty
Puis	puis	ADVgen	MORPH=empty
a	avoir	VERcjg	MORPH=empty
main	main2	NOMcom	MORPH=empty
a	a3	PRE	MORPH=empty
l'	le	DETdef	MORPH=empty
espee	espee	NOMcom	MORPH=empty
mise	metre2	VERppe	MORPH=empty
:	:	PONfbl	MORPH=empty
"	"	PONpxx	MORPH=empty
Amis	ami	NOMcom	MORPH=empty
,	,	PONfbl	MORPH=empty
fet	faire	VERcjg	MORPH=empty
il	il	PROper	MORPH=empty
,	,	PONfbl	MORPH=empty
an	en1	PRE	MORPH=empty
ceste	cest	DETdem	MORPH=empty
guise	guise	NOMcom	MORPH=empty
vos	vos	PROper	MORPH=empty
desfandroiz	defendre	VERcjg	MORPH=empty
,	,	PONfbl	MORPH=empty
s'	se	CONsub	MORPH=empty
an	on	PROind	MORPH=empty
vos	vos	PROper	MORPH=empty
asalt	assalir	VERcjg	MORPH=empty
.	.	PONfrt	MORPH=empty
De	de	PRE	MORPH=empty
ce	ce1	PROdem	MORPH=empty
,	,	PONfbl	MORPH=empty
fet	faire	VERcjg	MORPH=empty
il	il	PROper	MORPH=empty
,	,	PONfbl	MORPH=empty
se	se	CONsub	MORPH=empty
Dex	Dieu	NOMpro	MORPH=empty
me	je	PROper	MORPH=empty
salt	sauver	VERcjg	MORPH=empty
,	,	PONfbl	MORPH=empty
ne	ne1	ADVneg	MORPH=empty
set	savoir	VERcjg	MORPH=empty
nus	nul	PROind	MORPH=empty
tant	tant	ADVgen	MORPH=empty
come	come1	CONsub	MORPH=empty
je	je	PROper	MORPH=empty
faz	faire	VERcjg	MORPH=empty
,	,	PONfbl	MORPH=empty
qu'	que4	CONcoo	MORPH=empty
as	a3+le	PRE.DETdef	MORPH=empty
borriax	borrel	NOMcom	MORPH=empty
et	et	CONcoo	MORPH=empty
as	a3+le	PRE.DETdef	MORPH=empty
talevaz	talevaz	NOMcom	MORPH=empty
chiés	chiés	PRE	MORPH=empty
ma	mon1	DETpos	MORPH=empty
mere	mere	NOMcom	MORPH=empty
an	en2	PROadv	MORPH=empty
apris	aprendre	VERcjg	MORPH=empty
asez	assez	ADVgen	MORPH=empty
tant	tant	ADVgen	MORPH=empty
que	que4	CONsub	MORPH=empty
sovant	sovent	ADVgen	MORPH=empty
an	en2	PROadv	MORPH=empty
fui	estre1	VERcjg	MORPH=empty
lassez	lasser	VERppe	MORPH=empty
.	.	PONfrt	MORPH=empty
Donc	donc	ADVgen	MORPH=empty
alons	aler	VERcjg	MORPH=empty
hui	ui	ADVgen	MORPH=empty
mes	mais1	ADVgen	MORPH=empty
a	a3	PRE	MORPH=empty
l'	le	DETdef	MORPH=empty
ostel	ostel	NOMcom	MORPH=empty
,	,	PONfbl	MORPH=empty
fet	faire	VERcjg	MORPH=empty
li	le	DETdef	MORPH=empty
prodon	pro	NOMcom	MORPH=empty
,	,	PONfbl	MORPH=empty
qu'	que4	CONcoo	MORPH=empty
il	il	PROimp	MORPH=empty
n'	ne1	ADVneg	MORPH=empty
i	i2	PROadv	MORPH=empty
a	avoir	VERcjg	MORPH=empty
el	el1	PROind	MORPH=empty
,	,	PONfbl	MORPH=empty
et	et	CONcoo	MORPH=empty
vos	vos	PROper	MORPH=empty
avroiz	avoir	VERcjg	MORPH=empty
,	,	PONfbl	MORPH=empty
cui	cui	PROrel	MORPH=empty
qu'	que2	PROrel	MORPH=empty
il	il	PROimp	MORPH=empty
enuit	enoiier	VERcjg	MORPH=empty
,	,	PONfbl	MORPH=empty
l'	le	DETdef	MORPH=empty
ostel	ostel	NOMcom	MORPH=empty
sanz	sans	PRE	MORPH=empty
vilenie	vilenie	NOMcom	MORPH=empty
enuit	anuit	ADVgen	MORPH=empty
.	.	PONfrt	MORPH=empty
"	"	PONpxx	MORPH=empty
Lors	lors	ADVgen	MORPH=empty
s'	soi1	PROper	MORPH=empty
an	en2	PROadv	MORPH=empty
vont	aler	VERcjg	MORPH=empty
andui	ambedos	PROcar	MORPH=empty
coste	coste2	NOMcom	MORPH=empty
a	a3	PRE	MORPH=empty
coste	coste2	NOMcom	MORPH=empty
,	,	PONfbl	MORPH=empty
et	et	CONcoo	MORPH=empty
li	le	DETdef	MORPH=empty
vaslez	vaslet	NOMcom	MORPH=empty
a	avoir	VERcjg	MORPH=empty
dit	dire	VERppe	MORPH=empty
son	son4	DETpos	MORPH=empty
oste	oste	NOMcom	MORPH=empty
:	:	PONfbl	MORPH=empty
"	"	PONpxx	MORPH=empty
Sire	seignor	NOMcom	MORPH=empty
,	,	PONfbl	MORPH=empty
ma	mon1	DETpos	MORPH=empty
mere	mere	NOMcom	MORPH=empty
m'	je	PROper	MORPH=empty
anseigna	enseignier	VERcjg	MORPH=empty
qu'	que4	CONsub	MORPH=empty
avoec	avuec	PRE	MORPH=empty
home	ome	NOMcom	MORPH=empty
n'	ne1	ADVneg	MORPH=empty
alasse	aler	VERcjg	MORPH=empty
ja	ja	ADVgen	MORPH=empty
ne	ne2	CONcoo	MORPH=empty
conpaignie	compagnie	NOMcom	MORPH=empty
o	o4	PRE	MORPH=empty
lui	il	PROper	MORPH=empty
n'	ne1	ADVneg	MORPH=empty
eüsse	avoir	VERcjg	MORPH=empty
granmant	granment	ADVgen	MORPH=empty
que	que4	CONsub	MORPH=empty
son	son4	DETpos	MORPH=empty
non	nom	NOMcom	MORPH=empty
ne	ne1	ADVneg	MORPH=empty
seüsse	savoir	VERcjg	MORPH=empty
,	,	PONfbl	MORPH=empty
si	si	ADVgen	MORPH=empty
le	il	PROper	MORPH=empty
m'	je	PROper	MORPH=empty
anseigna	enseignier	VERcjg	MORPH=empty
a	a3	PRE	MORPH=empty
savoir	savoir	VERinf	MORPH=empty
.	.	PONfrt	MORPH=empty
Je	je	PROper	MORPH=empty
voel	voloir	VERcjg	MORPH=empty
le	le	DETdef	MORPH=empty
vostre	vostre	ADJpos	MORPH=empty
non	nom	NOMcom	MORPH=empty
savoir	savoir	VERinf	MORPH=empty
.	.	PONfrt	MORPH=empty
Biax	bel1	ADJqua	MORPH=empty
dolz	douz	ADJqua	MORPH=empty
amis	ami	NOMcom	MORPH=empty
,	,	PONfbl	MORPH=empty
dist	dire	VERcjg	MORPH=empty
li	le	DETdef	MORPH=empty
prodon	pro	NOMcom	MORPH=empty
,	,	PONfbl	MORPH=empty
Gornemanz	Gornemant	NOMpro	MORPH=empty
de	de	PRE	MORPH=empty
Goorz	Gohort	NOMpro	MORPH=empty
ai	avoir	VERcjg	MORPH=empty
non	nom	NOMcom	MORPH=empty
.	.	PONfrt	MORPH=empty
"	"	PONpxx	MORPH=empty
Ensi	ainsi	ADVgen	MORPH=empty
jusqu'	jusque	PRE	MORPH=empty
a	a3	PRE	MORPH=empty
l'	le	DETdef	MORPH=empty
ostel	ostel	NOMcom	MORPH=empty
s'	soi1	PROper	MORPH=empty
an	en2	PROadv	MORPH=empty
vienent	venir	VERcjg	MORPH=empty
;	;	PONfbl	MORPH=empty
main	main2	NOMcom	MORPH=empty
a	a3	PRE	MORPH=empty
main	main2	NOMcom	MORPH=empty
andui	ambedos	PROcar	MORPH=empty
s'	soi1	PROper	MORPH=empty
antretienent	entretenir	VERcjg	MORPH=empty
.	.	PONfrt	MORPH=empty
A	a3	PRE	MORPH=empty
la	le	DETdef	MORPH=empty
montee	montee	NOMcom	MORPH=empty
d'	de	PRE	MORPH=empty
un	un	DETndf	MORPH=empty
degré	degré	NOMcom	MORPH=empty
vint	venir	VERcjg	MORPH=empty
uns	un	DETndf	MORPH=empty
vaslez	vaslet	NOMcom	MORPH=empty
tot	tot	ADVgen	MORPH=empty
de	de	PRE	MORPH=empty
son	son4	DETpos	MORPH=empty
gré	gré2	NOMcom	MORPH=empty
qui	qui	PROrel	MORPH=empty
aporta	aporter	VERcjg	MORPH=empty
.i.	un	DETndf	MORPH=empty
mantel	mantel	NOMcom	MORPH=empty
cort	cort2	ADJqua	MORPH=empty
.	.	PONfrt	MORPH=empty
Le	le	DETdef	MORPH=empty
vaslet	vaslet	NOMcom	MORPH=empty
afubler	afubler	VERinf	MORPH=empty
an	en2	PROadv	MORPH=empty
cort	corir	VERcjg	MORPH=empty
,	,	PONfbl	MORPH=empty
qu'	que4	CONcoo	MORPH=empty
aprés	après	PRE	MORPH=empty
le	le	DETdef	MORPH=empty
chaut	chaut	ADJqua	MORPH=empty
ne	ne1	ADVneg	MORPH=empty
le	il	PROper	MORPH=empty
preïst	prendre	VERcjg	MORPH=empty
froidure	froidure	NOMcom	MORPH=empty
qui	qui	PROrel	MORPH=empty
mal	mal1	NOMcom	MORPH=empty
li	il	PROper	MORPH=empty
feïst	faire	VERcjg	MORPH=empty
.	.	PONfrt	MORPH=empty
Riches	riche	ADJqua	MORPH=empty
meisons	maison	NOMcom	MORPH=empty
beles	bel1	ADJqua	MORPH=empty
et	et	CONcoo	MORPH=empty
granz	grant	ADJqua	MORPH=empty
ot	avoir	VERcjg	MORPH=empty
li	le	DETdef	MORPH=empty
prodon	pro	NOMcom	MORPH=empty
,	,	PONfbl	MORPH=empty
et	et	CONcoo	MORPH=empty
biax	bel1	ADJqua	MORPH=empty
sergenz	serjant	NOMcom	MORPH=empty
;	;	PONfbl	MORPH=empty
et	et	CONcoo	MORPH=empty
li	le	DETdef	MORPH=empty
mangiers	mangier	VERinf	MORPH=empty
fu	estre1	VERcjg	MORPH=empty
atornez	atorner	VERppe	MORPH=empty
biax	bel1	ADJqua	MORPH=empty
et	et	CONcoo	MORPH=empty
genz	gent2	ADJqua	MORPH=empty
et	et	CONcoo	MORPH=empty
bien	bien1	ADVgen	MORPH=empty
conreez	conrëer	VERppe	MORPH=empty
.	.	PONfrt	MORPH=empty
Si	si	ADVgen	MORPH=empty
laverent	laver	VERcjg	MORPH=empty
li	le	DETdef	MORPH=empty
chevalier	chevalier	NOMcom	MORPH=empty
,	,	PONfbl	MORPH=empty
puis	puis	ADVgen	MORPH=empty
si	si	ADVgen	MORPH=empty
s'	soi1	PROper	MORPH=empty
asistrent	asseoir	VERcjg	MORPH=empty
au	a3+le	PRE.DETdef	MORPH=empty
mangier	mangier	VERinf	MORPH=empty
.	.	PONfrt	MORPH=empty
Et	et	CONcoo	MORPH=empty
li	le	DETdef	MORPH=empty
prodon	pro	NOMcom	MORPH=empty
lez	lez	PRE	MORPH=empty
lui	il	PROper	MORPH=empty
asist	asseoir	VERcjg	MORPH=empty
le	le	DETdef	MORPH=empty
vaslet	vaslet	NOMcom	MORPH=empty
et	et	CONcoo	MORPH=empty
mangier	mangier	VERinf	MORPH=empty
le	il	PROper	MORPH=empty
fist	faire	VERcjg	MORPH=empty
avoec	avuec	PRE	MORPH=empty
lui	il	PROper	MORPH=empty
an	en1	PRE	MORPH=empty
une	un	DETndf	MORPH=empty
escuele	escüele	NOMcom	MORPH=empty
.	.	PONfrt	MORPH=empty
Des	de+le	PRE.DETdef	MORPH=empty
mes	mes4	NOMcom	MORPH=empty
ne	ne1	ADVneg	MORPH=empty
faz	faire	VERcjg	MORPH=empty
autre	autre	DETind	MORPH=empty
novele	novele	NOMcom	MORPH=empty
,	,	PONfbl	MORPH=empty
quanz	cant2	DETrel	MORPH=empty
en	en2	PROadv	MORPH=empty
i	i2	PROadv	MORPH=empty
ot	avoir	VERcjg	MORPH=empty
et	et	CONcoo	MORPH=empty
quel	quel1	PROrel	MORPH=empty
il	il	PROper	MORPH=empty
furent	estre1	VERcjg	MORPH=empty
,	,	PONfbl	MORPH=empty
mes	mais1	CONcoo	MORPH=empty
asez	assez	ADVgen	MORPH=empty
mangierent	mangier	VERcjg	MORPH=empty
et	et	CONcoo	MORPH=empty
burent	boivre	VERcjg	MORPH=empty
.	.	PONfrt	MORPH=empty
Del	de+le	PRE.DETdef	MORPH=empty
mangier	mangier	VERinf	MORPH=empty
ne	ne1	ADVneg	MORPH=empty
faz	faire	VERcjg	MORPH=empty
autre	autre	DETind	MORPH=empty
fable	fable	NOMcom	MORPH=empty
.	.	PONfrt	MORPH=empty
Qant	cant1	CONsub	MORPH=empty
levé	lever	VERppe	MORPH=empty
furent	estre1	VERcjg	MORPH=empty
de	de	PRE	MORPH=empty
la	le	DETdef	MORPH=empty
table	table	NOMcom	MORPH=empty
,	,	PONfbl	MORPH=empty
li	le	DETdef	MORPH=empty
prodon	pro	NOMcom	MORPH=empty
,	,	PONfbl	MORPH=empty
qui	qui	PROrel	MORPH=empty
mout	mout	ADVgen	MORPH=empty
fu	estre1	VERcjg	MORPH=empty
cortois	cortois	ADJqua	MORPH=empty
,	,	PONfbl	MORPH=empty
pria	priier	VERcjg	MORPH=empty
de	de	PRE	MORPH=empty
remenoir	remanoir	VERinf	MORPH=empty
.i.	1	DETcar	MORPH=empty
mois	mois2	NOMcom	MORPH=empty
le	le	DETdef	MORPH=empty
vaslet	vaslet	NOMcom	MORPH=empty
qui	qui	PROrel	MORPH=empty
delez	dalez	PRE	MORPH=empty
lui	il	PROper	MORPH=empty
sist	sëoir	VERcjg	MORPH=empty
.	.	PONfrt	MORPH=empty
.I.	un	DETndf	MORPH=empty
an	an	NOMcom	MORPH=empty
tot	tot	ADVgen	MORPH=empty
plain	plein	ADJqua	MORPH=empty
,	,	PONfbl	MORPH=empty
se	se	CONsub	MORPH=empty
il	il	PROper	MORPH=empty
volsist	voloir	VERcjg	MORPH=empty
,	,	PONfbl	MORPH=empty
le	il	PROper	MORPH=empty
retenist	retenir	VERcjg	MORPH=empty
il	il	PROper	MORPH=empty
volantiers	volentiers	ADVgen	MORPH=empty
,	,	PONfbl	MORPH=empty
si	si	ADVgen	MORPH=empty
apreïst	aprendre	VERcjg	MORPH=empty
andemantiers	endementieres	ADVgen	MORPH=empty
tex	tel	DETind	MORPH=empty
choses	chose	NOMcom	MORPH=empty
,	,	PONfbl	MORPH=empty
s'	se	CONsub	MORPH=empty
eles	il	PROper	MORPH=empty
li	il	PROper	MORPH=empty
pleüssent	plaire	VERcjg	MORPH=empty
,	,	PONfbl	MORPH=empty
qu'	que2	PROrel	MORPH=empty
a	a3	PRE	MORPH=empty
besoing	besoing	NOMcom	MORPH=empty
mestier	mestier	NOMcom	MORPH=empty
li	il	PROper	MORPH=empty
eüssent	avoir	VERcjg	MORPH=empty
.	.	PONfrt	MORPH=empty
Et	et	CONcoo	MORPH=empty
li	le	DETdef	MORPH=empty
vaslez	vaslet	NOMcom	MORPH=empty
li	il	PROper	MORPH=empty
dist	dire	VERcjg	MORPH=empty
aprés	après	ADVgen	MORPH=empty
:	:	PONfbl	MORPH=empty
"	"	PONpxx	MORPH=empty
Sire	seignor	NOMcom	MORPH=empty
,	,	PONfbl	MORPH=empty
ne	ne1	ADVneg	MORPH=empty
sai	savoir	VERcjg	MORPH=empty
se	se	CONsub	MORPH=empty
je	je	PROper	MORPH=empty
sui	estre1	VERcjg	MORPH=empty
pres	près	ADVgen	MORPH=empty
del	de+le	PRE.DETdef	MORPH=empty
manoir	manoir2	NOMcom	MORPH=empty
ou	où	PROrel	MORPH=empty
ma	mon1	DETpos	MORPH=empty
mere	mere	NOMcom	MORPH=empty
maint	manoir1	VERcjg	MORPH=empty
,	,	PONfbl	MORPH=empty
mes	mais1	CONcoo	MORPH=empty
je	je	PROper	MORPH=empty
pri	priier	VERcjg	MORPH=empty
Deu	Dieu	NOMpro	MORPH=empty
qu'	que4	CONsub	MORPH=empty
a	a3	PRE	MORPH=empty
li	il	PROper	MORPH=empty
me	je	PROper	MORPH=empty
maint	mener	VERcjg	MORPH=empty
et	et	CONcoo	MORPH=empty
qu'	que4	CONsub	MORPH=empty
ancor	encore	ADVgen	MORPH=empty
la	il	PROper	MORPH=empty
puise	pöoir	VERcjg	MORPH=empty
veoir	vëoir	VERinf	MORPH=empty
,	,	PONfbl	MORPH=empty
que	que4	CONcoo	MORPH=empty
pasmee	pasmer	VERppe	MORPH=empty
la	il	PROper	MORPH=empty
vi	vëoir	VERcjg	MORPH=empty
cheoir	chëoir	VERinf	MORPH=empty
au	a3+le	PRE.DETdef	MORPH=empty
chief	chief1	NOMcom	MORPH=empty
del	de+le	PRE.DETdef	MORPH=empty
pont	pont	NOMcom	MORPH=empty
devant	devant	PRE	MORPH=empty
sa	son4	DETpos	MORPH=empty
porte	porte1	NOMcom	MORPH=empty
,	,	PONfbl	MORPH=empty
si	si	ADVgen	MORPH=empty
ne	ne1	ADVneg	MORPH=empty
sai	savoir	VERcjg	MORPH=empty
s'	se	CONsub	MORPH=empty
ele	il	PROper	MORPH=empty
est	estre1	VERcjg	MORPH=empty
vive	vif	ADJqua	MORPH=empty
ou	o3	CONcoo	MORPH=empty
morte	morir	VERppe	MORPH=empty
.	.	PONfrt	MORPH=empty
Del	de+le	PRE.DETdef	MORPH=empty
duel	duel	NOMcom	MORPH=empty
de	de	PRE	MORPH=empty
moi	je	PROper	MORPH=empty
,	,	PONfbl	MORPH=empty
quant	cant1	CONsub	MORPH=empty
la	il	PROper	MORPH=empty
lessai	laissier	VERcjg	MORPH=empty
,	,	PONfbl	MORPH=empty
cheï	chëoir	VERcjg	MORPH=empty
pasmee	pasmer	VERppe	MORPH=empty
,	,	PONfbl	MORPH=empty
bien	bien1	ADVgen	MORPH=empty
le	il	PROper	MORPH=empty
sai	savoir	VERcjg	MORPH=empty
,	,	PONfbl	MORPH=empty
et	et	CONcoo	MORPH=empty
por	por2	PRE	MORPH=empty
ce	ce1	PROdem	MORPH=empty
ne	ne1	ADVneg	MORPH=empty
porroit	pöoir	VERcjg	MORPH=empty
pas	pas	ADVneg	MORPH=empty
estre	estre1	VERinf	MORPH=empty
,	,	PONfbl	MORPH=empty
tant	tant	ADVgen	MORPH=empty
que	que4	CONsub	MORPH=empty
je	je	PROper	MORPH=empty
seüsse	savoir	VERcjg	MORPH=empty
son	son4	DETpos	MORPH=empty
estre	estre2	NOMcom	MORPH=empty
,	,	PONfbl	MORPH=empty
que	que4	CONsub	MORPH=empty
je	je	PROper	MORPH=empty
feïsse	faire	VERcjg	MORPH=empty
lonc	lonc	ADJqua	MORPH=empty
sejor	sejor	NOMcom	MORPH=empty
,	,	PONfbl	MORPH=empty
einz	ainz	ADVgen	MORPH=empty
m'	je	PROper	MORPH=empty
an	en2	PROadv	MORPH=empty
irai	aler	VERcjg	MORPH=empty
demain	demain	ADVgen	MORPH=empty
au	a3+le	PRE.DETdef	MORPH=empty
jor	jor	NOMcom	MORPH=empty
.	.	PONfrt	MORPH=empty
"	"	PONpxx	MORPH=empty
Li	le	DETdef	MORPH=empty
prodom	pro	NOMcom	MORPH=empty
ot	öir	VERcjg	MORPH=empty
que	que4	CONsub	MORPH=empty
rien	rien	PROind	MORPH=empty
ne	ne1	ADVneg	MORPH=empty
valt	valoir	VERcjg	MORPH=empty
proiere	priiere	NOMcom	MORPH=empty
,	,	PONfbl	MORPH=empty
et	et	CONcoo	MORPH=empty
la	le	DETdef	MORPH=empty
parole	parole	NOMcom	MORPH=empty
faut	falir	VERcjg	MORPH=empty
.	.	PONfrt	MORPH=empty
Si	si	ADVgen	MORPH=empty
vont	aler	VERcjg	MORPH=empty
couchier	couchier	VERinf	MORPH=empty
sanz	sans	PRE	MORPH=empty
plus	plus	ADVgen	MORPH=empty
de	de	PRE	MORPH=empty
plet	plait	NOMcom	MORPH=empty
,	,	PONfbl	MORPH=empty
que	que4	CONcoo	MORPH=empty
li	le	DETdef	MORPH=empty
lit	lit1	NOMcom	MORPH=empty
estoient	estre1	VERcjg	MORPH=empty
ja	ja	ADVgen	MORPH=empty
fet	faire	VERppe	MORPH=empty
.	.	PONfrt	MORPH=empty
Li	le	DETdef	MORPH=empty
prodon	pro	NOMcom	MORPH=empty
par	par	PRE	MORPH=empty
matin	matin2	NOMcom	MORPH=empty
leva	lever	VERcjg	MORPH=empty
,	,	PONfbl	MORPH=empty
au	a3+le	PRE.DETdef	MORPH=empty
lit	lit1	NOMcom	MORPH=empty
au	a3+le	PRE.DETdef	MORPH=empty
vaslet	vaslet	NOMcom	MORPH=empty
s'	soi1	PROper	MORPH=empty
an	en2	PROadv	MORPH=empty
ala	aler	VERcjg	MORPH=empty
la	là	ADVgen	MORPH=empty
ou	où	PROrel	MORPH=empty
il	il	PROper	MORPH=empty
le	il	PROper	MORPH=empty
trova	trover	VERcjg	MORPH=empty
gisant	jesir	VERppa	MORPH=empty
,	,	PONfbl	MORPH=empty
si	si	ADVgen	MORPH=empty
li	il	PROper	MORPH=empty
fist	faire	VERcjg	MORPH=empty
porter	porter	VERinf	MORPH=empty
an	en1	PRE	MORPH=empty
presant	present2	NOMcom	MORPH=empty
chemise	chemise	NOMcom	MORPH=empty
et	et	CONcoo	MORPH=empty
braies	braie	NOMcom	MORPH=empty
de	de	PRE	MORPH=empty
cheinsil	chainsil	NOMcom	MORPH=empty
et	et	CONcoo	MORPH=empty
chauces	chauce	NOMcom	MORPH=empty
taintes	teindre	VERppe	MORPH=empty
an	en1	PRE	MORPH=empty
bresil	bresil2	NOMcom	MORPH=empty
et	et	CONcoo	MORPH=empty
cote	cote2	NOMcom	MORPH=empty
d'	de	PRE	MORPH=empty
un	un	DETndf	MORPH=empty
drap	drap	NOMcom	MORPH=empty
de	de	PRE	MORPH=empty
soie	soie2	NOMcom	MORPH=empty
ynde	inde	ADJqua	MORPH=empty
,	,	PONfbl	MORPH=empty
qui	qui	PROrel	MORPH=empty
fu	estre1	VERcjg	MORPH=empty
tissuz	tistre	VERppe	MORPH=empty
et	et	CONcoo	MORPH=empty
fez	faire	VERppe	MORPH=empty
an	en1	PRE	MORPH=empty
Ynde	Inde	NOMpro	MORPH=empty
.	.	PONfrt	MORPH=empty
Por	por2	PRE	MORPH=empty
ce	ce1	PROdem	MORPH=empty
que	que4	CONsub	MORPH=empty
vestir	vestir	VERinf	MORPH=empty
li	il	PROper	MORPH=empty
feïst	faire	VERcjg	MORPH=empty
li	il	PROper	MORPH=empty
anvea	envoiier	VERcjg	MORPH=empty
et	et	CONcoo	MORPH=empty
se	si	ADVgen	MORPH=empty
li	il	PROper	MORPH=empty
dist	dire	VERcjg	MORPH=empty
:	:	PONfbl	MORPH=empty
"	"	PONpxx	MORPH=empty
Amis	ami	NOMcom	MORPH=empty
,	,	PONfbl	MORPH=empty
ces	ce2	DETdem	MORPH=empty
dras	drap	NOMcom	MORPH=empty
que	que2	PROrel	MORPH=empty
ci	ci	ADVgen	MORPH=empty
veez	vëoir	VERcjg	MORPH=empty
vestiroiz	vestir	VERcjg	MORPH=empty
,	,	PONfbl	MORPH=empty
se	se	CONsub	MORPH=empty
vos	vos	PROper	MORPH=empty
me	je	PROper	MORPH=empty
creez	croire	VERcjg	MORPH=empty
.	.	PONfrt	MORPH=empty
"	"	PONpxx	MORPH=empty
Et	et	CONcoo	MORPH=empty
li	le	DETdef	MORPH=empty
vaslez	vaslet	NOMcom	MORPH=empty
respont	respondre1	VERcjg	MORPH=empty
:	:	PONfbl	MORPH=empty
"	"	PONpxx	MORPH=empty
Biau	bel1	ADJqua	MORPH=empty
sire	seignor	NOMcom	MORPH=empty
,	,	PONfbl	MORPH=empty
vos	vos	PROper	MORPH=empty
porreiez	pöoir	VERcjg	MORPH=empty
asez	assez	ADVgen	MORPH=empty
mialz	mieus	ADVgen	MORPH=empty
dire	dire	VERinf	MORPH=empty
.	.	PONfrt	MORPH=empty
Li	le	DETdef	MORPH=empty
drap	drap	NOMcom	MORPH=empty
que	que2	PROrel	MORPH=empty
ma	mon1	DETpos	MORPH=empty
mere	mere	NOMcom	MORPH=empty
me	je	PROper	MORPH=empty
fist	faire	VERcjg	MORPH=empty
,	,	PONfbl	MORPH=empty
dont	donc	ADVgen	MORPH=empty
ne	ne1	ADVneg	MORPH=empty
valent	valoir	VERcjg	MORPH=empty
il	il	PROper	MORPH=empty
mialz	mieus	ADVgen	MORPH=empty
que	que1	CONsub	MORPH=empty
cist	cest	PROdem	MORPH=empty
?	?	PONfrt	MORPH=empty
Et	et	CONcoo	MORPH=empty
vos	vos	PROper	MORPH=empty
volez	voloir	VERcjg	MORPH=empty
que	que4	CONsub	MORPH=empty
je	je	PROper	MORPH=empty
les	il	PROper	MORPH=empty
veste	vestir	VERcjg	MORPH=empty
!	!	PONfrt	MORPH=empty
Vaslez	vaslet	NOMcom	MORPH=empty
,	,	PONfbl	MORPH=empty
foi	foi	NOMcom	MORPH=empty
que	que2	PROrel	MORPH=empty
je	je	PROper	MORPH=empty
doi	devoir	VERcjg	MORPH=empty
ma	mon1	DETpos	MORPH=empty
teste	teste	NOMcom	MORPH=empty
,	,	PONfbl	MORPH=empty
fet	faire	VERcjg	MORPH=empty
li	le	DETdef	MORPH=empty
prodon	pro	NOMcom	MORPH=empty
,	,	PONfbl	MORPH=empty
ainz	ainz	ADVgen	MORPH=empty
valent	valoir	VERcjg	MORPH=empty
pis	pis1	ADVgen	MORPH=empty
.	.	PONfrt	MORPH=empty
Vos	vos	PROper	MORPH=empty
me	je	PROper	MORPH=empty
deïstes	dire	VERcjg	MORPH=empty
,	,	PONfbl	MORPH=empty
biax	bel1	ADJqua	MORPH=empty
amis	ami	NOMcom	MORPH=empty
,	,	PONfbl	MORPH=empty
qant	cant1	CONsub	MORPH=empty
je	je	PROper	MORPH=empty
vos	vos	PROper	MORPH=empty
amenai	amener	VERcjg	MORPH=empty
ceanz	çaienz	ADVgen	MORPH=empty
,	,	PONfbl	MORPH=empty
que	que4	CONsub	MORPH=empty
vos	vos	PROper	MORPH=empty
toz	tot	DETind	MORPH=empty
mes	mon1	DETpos	MORPH=empty
comandemanz	comandement	NOMcom	MORPH=empty
fereiez	faire	VERcjg	MORPH=empty
.	.	PONfrt	MORPH=empty
Et	et	CONcoo	MORPH=empty
ge	je	PROper	MORPH=empty
si	si	ADVgen	MORPH=empty
ferai	faire	VERcjg	MORPH=empty
,	,	PONfbl	MORPH=empty
fet	faire	VERcjg	MORPH=empty
li	le	DETdef	MORPH=empty
vaslez	vaslet	NOMcom	MORPH=empty
,	,	PONfbl	MORPH=empty
ja	ja	ADVgen	MORPH=empty
n'	ne1	ADVneg	MORPH=empty
an	en2	PROadv	MORPH=empty
serai	estre1	VERcjg	MORPH=empty
ancontre	encontre1	PRE	MORPH=empty
vos	vos	PROper	MORPH=empty
de	de	PRE	MORPH=empty
nule	nul	DETind	MORPH=empty
chose	chose	NOMcom	MORPH=empty
.	.	PONfrt	MORPH=empty
"	"	PONpxx	MORPH=empty
As	a3+le	PRE.DETdef	MORPH=empty
dras	drap	NOMcom	MORPH=empty
vestir	vestir	VERinf	MORPH=empty
plus	plus	ADVgen	MORPH=empty
ne	ne1	ADVneg	MORPH=empty
repose	reposer	VERcjg	MORPH=empty
,	,	PONfbl	MORPH=empty
si	si	ADVgen	MORPH=empty
a	avoir	VERcjg	MORPH=empty
les	le	DETdef	MORPH=empty
sa	son4	DETpos	MORPH=empty
mere	mere	NOMcom	MORPH=empty
lessiez	laissier	VERppe	MORPH=empty
.	.	PONfrt	MORPH=empty
Et	et	CONcoo	MORPH=empty
li	le	DETdef	MORPH=empty
prodom	pro	NOMcom	MORPH=empty
s'	soi1	PROper	MORPH=empty
est	estre1	VERcjg	MORPH=empty
abessiez	abaissier	VERppe	MORPH=empty
,	,	PONfbl	MORPH=empty
se	si	ADVgen	MORPH=empty
li	il	PROper	MORPH=empty
chauça	chaucier1	VERcjg	MORPH=empty
l'	le	DETdef	MORPH=empty
esperon	esperon	NOMcom	MORPH=empty
destre	destre	ADJqua	MORPH=empty
.	.	PONfrt	MORPH=empty
La	le	DETdef	MORPH=empty
costume	costume	NOMcom	MORPH=empty
soloit	soloir	VERcjg	MORPH=empty
tex	tel	ADJind	MORPH=empty
estre	estre1	VERinf	MORPH=empty
que	que4	CONsub	MORPH=empty
cil	cel	PROdem	MORPH=empty
qui	qui	PROrel	MORPH=empty
feisoit	faire	VERcjg	MORPH=empty
chevalier	chevalier	NOMcom	MORPH=empty
li	il	PROper	MORPH=empty
devoit	devoir	VERcjg	MORPH=empty
l'	le	DETdef	MORPH=empty
esperon	esperon	NOMcom	MORPH=empty
chaucier	chaucier1	VERinf	MORPH=empty
.	.	PONfrt	MORPH=empty
Et	et	CONcoo	MORPH=empty
li	le	DETdef	MORPH=empty
prodom	pro	NOMcom	MORPH=empty
s'	soi1	PROper	MORPH=empty
est	estre1	VERcjg	MORPH=empty
abeissié	abaissier	VERppe	MORPH=empty
,	,	PONfbl	MORPH=empty
Se	si	ADVgen	MORPH=empty
li	il	PROper	MORPH=empty
a	avoir	VERcjg	MORPH=empty
l'	le	DETdef	MORPH=empty
esperon	esperon	NOMcom	MORPH=empty
chaucié	chaucier1	VERppe	MORPH=empty
.	.	PONfrt	MORPH=empty
D'	de	PRE	MORPH=empty
autres	autre	DETind	MORPH=empty
vaslez	vaslet	NOMcom	MORPH=empty
asez	assez	ADVgen	MORPH=empty
i	i2	PROadv	MORPH=empty
ot	avoir	VERcjg	MORPH=empty
,	,	PONfbl	MORPH=empty
chascuns	chascun	PROind	MORPH=empty
qui	qui	PROrel	MORPH=empty
avenir	avenant	VERinf	MORPH=empty
i	i2	PROadv	MORPH=empty
pot	pöoir	VERcjg	MORPH=empty
a	a3	PRE	MORPH=empty
lui	il	PROper	MORPH=empty
armer	armer	VERinf	MORPH=empty
a	avoir	VERcjg	MORPH=empty
sa	son4	DETpos	MORPH=empty
main	main2	NOMcom	MORPH=empty
mise	metre2	VERppe	MORPH=empty
.	.	PONfrt	MORPH=empty
Et	et	CONcoo	MORPH=empty
li	le	DETdef	MORPH=empty
prodom	pro	NOMcom	MORPH=empty
l'	le	DETdef	MORPH=empty
espee	espee	NOMcom	MORPH=empty
a	avoir	VERcjg	MORPH=empty
prise	prendre	VERppe	MORPH=empty
,	,	PONfbl	MORPH=empty
se	si	ADVgen	MORPH=empty
li	il	PROper	MORPH=empty
ceint	ceindre	VERcjg	MORPH=empty
et	et	CONcoo	MORPH=empty
si	si	ADVgen	MORPH=empty
le	il	PROper	MORPH=empty
beisa	baisier	VERcjg	MORPH=empty
,	,	PONfbl	MORPH=empty
et	et	CONcoo	MORPH=empty
dit	dire	VERcjg	MORPH=empty
que	que4	CONsub	MORPH=empty
donee	doner	VERppe	MORPH=empty
li	il	PROper	MORPH=empty
a	avoir	VERcjg	MORPH=empty
la	le	DETdef	MORPH=empty
plus	plus	ADVgen	MORPH=empty
haute	haut	ADJqua	MORPH=empty
ordre	ordre	NOMcom	MORPH=empty
avoec	avuec	PRE	MORPH=empty
l'	le	DETdef	MORPH=empty
espee	espee	NOMcom	MORPH=empty
que	que2	PROrel	MORPH=empty
Dex	Dieu	NOMpro	MORPH=empty
a	avoir	VERcjg	MORPH=empty
fete	faire	VERppe	MORPH=empty
et	et	CONcoo	MORPH=empty
comandee	comander	VERppe	MORPH=empty
,	,	PONfbl	MORPH=empty
c'	ce1	PROdem	MORPH=empty
est	estre1	VERcjg	MORPH=empty
l'	le	DETdef	MORPH=empty
ordre	ordre	NOMcom	MORPH=empty
de	de	PRE	MORPH=empty
chevalerie	chevalerie	NOMcom	MORPH=empty
,	,	PONfbl	MORPH=empty
qui	qui	PROrel	MORPH=empty
doit	devoir	VERcjg	MORPH=empty
estre	estre1	VERinf	MORPH=empty
sanz	sans	PRE	MORPH=empty
vilenie	vilenie	NOMcom	MORPH=empty
.	.	PONfrt	MORPH=empty
Et	et	CONcoo	MORPH=empty
dist	dire	VERcjg	MORPH=empty
:	:	PONfbl	MORPH=empty
"	"	PONpxx	MORPH=empty
Biau	bel1	ADJqua	MORPH=empty
frere	frere	NOMcom	MORPH=empty
,	,	PONfbl	MORPH=empty
or	or4	ADVgen	MORPH=empty
vos	vos	PROper	MORPH=empty
sovaingne	sovenir	VERcjg	MORPH=empty
,	,	PONfbl	MORPH=empty
se	se	CONsub	MORPH=empty
il	il	PROper	MORPH=empty
avient	avenant	VERcjg	MORPH=empty
qu'	que4	CONsub	MORPH=empty
il	il	PROimp	MORPH=empty
vos	vos	PROper	MORPH=empty
covaingne	covenir	VERcjg	MORPH=empty
conbatre	combatre	VERinf	MORPH=empty
a	a3	PRE	MORPH=empty
aucun	aucun	DETind	MORPH=empty
chevalier	chevalier	NOMcom	MORPH=empty
,	,	PONfbl	MORPH=empty
ice	ice1	PROdem	MORPH=empty
vos	vos	PROper	MORPH=empty
voel	voloir	VERcjg	MORPH=empty
dire	dire	VERinf	MORPH=empty
et	et	CONcoo	MORPH=empty
proier	priier	VERinf	MORPH=empty
se	se	CONsub	MORPH=empty
vos	vos	PROper	MORPH=empty
an	en2	PROadv	MORPH=empty
venez	venir	VERcjg	MORPH=empty
au	a3+le	PRE.DETdef	MORPH=empty
desus	desus	ADVgen	MORPH=empty
que	que4	CONsub	MORPH=empty
vers	vers2	PRE	MORPH=empty
vos	vos	PROper	MORPH=empty
ne	ne1	ADVneg	MORPH=empty
se	soi1	PROper	MORPH=empty
puisse	pöoir	VERcjg	MORPH=empty
plus	plus	ADVgen	MORPH=empty
desfandre	defendre	VERinf	MORPH=empty
ne	ne2	CONcoo	MORPH=empty
contretenir	contretenir	VERinf	MORPH=empty
,	,	PONfbl	MORPH=empty
einz	ainz	ADVgen	MORPH=empty
l'	il	PROper	MORPH=empty
estuisse	estovoir1	VERcjg	MORPH=empty
a	a3	PRE	MORPH=empty
merci	merci	NOMcom	MORPH=empty
venir	venir	VERinf	MORPH=empty
,	,	PONfbl	MORPH=empty
qu'	que4	CONsub	MORPH=empty
a	a3	PRE	MORPH=empty
esciant	escïent	NOMcom	MORPH=empty
ne	ne1	ADVneg	MORPH=empty
l'	il	PROper	MORPH=empty
ociez	ocire	VERcjg	MORPH=empty
.	.	PONfrt	MORPH=empty
Et	et	CONcoo	MORPH=empty
gardez	garder	VERcjg	MORPH=empty
que	que4	CONsub	MORPH=empty
vos	vos	PROper	MORPH=empty
ne	ne1	ADVneg	MORPH=empty
soiez	estre1	VERcjg	MORPH=empty
trop	trop	ADVgen	MORPH=empty
parlanz	parler	VERppa	MORPH=empty
ne	ne2	CONcoo	MORPH=empty
trop	trop	ADVgen	MORPH=empty
noveliers	novelier2	ADJqua	MORPH=empty
.	.	PONfrt	MORPH=empty
Nus	nul	PROind	MORPH=empty
ne	ne1	ADVneg	MORPH=empty
doit	devoir	VERcjg	MORPH=empty
estre	estre1	VERinf	MORPH=empty
trop	trop	ADVgen	MORPH=empty
parliers	parlier	ADJqua	MORPH=empty
que	que4	CONsub	MORPH=empty
sovant	sovent	ADVgen	MORPH=empty
tel	tel	DETind	MORPH=empty
chose	chose	NOMcom	MORPH=empty
ne	ne1	ADVneg	MORPH=empty
die	dire	VERcjg	MORPH=empty
qu'	que2	PROrel	MORPH=empty
an	on	PROind	MORPH=empty
li	il	PROper	MORPH=empty
atort	atorner	VERcjg	MORPH=empty
a	a3	PRE	MORPH=empty
vilenie	vilenie	NOMcom	MORPH=empty
,	,	PONfbl	MORPH=empty
et	et	CONcoo	MORPH=empty
li	le	DETdef	MORPH=empty
saiges	sage	ADJqua	MORPH=empty
dit	dire	VERcjg	MORPH=empty
et	et	CONcoo	MORPH=empty
retret	retraire	VERppe	MORPH=empty
:	:	PONfbl	MORPH=empty
"	"	PONpxx	MORPH=empty
Qui	qui	PROrel	MORPH=empty
trop	trop	ADVgen	MORPH=empty
parole	parler	VERcjg	MORPH=empty
pechié	pechié	NOMcom	MORPH=empty
fet	faire	VERcjg	MORPH=empty
.	.	PONfrt	MORPH=empty
"	"	PONpxx	MORPH=empty
Por	por2	PRE	MORPH=empty
ce	ce1	PROdem	MORPH=empty
,	,	PONfbl	MORPH=empty
biau	bel1	ADJqua	MORPH=empty
frere	frere	NOMcom	MORPH=empty
,	,	PONfbl	MORPH=empty
vos	vos	PROper	MORPH=empty
chasti	chastiier	VERcjg	MORPH=empty
de	de	PRE	MORPH=empty
trop	trop	ADVgen	MORPH=empty
parler	parler	VERinf	MORPH=empty
,	,	PONfbl	MORPH=empty
et	et	CONcoo	MORPH=empty
si	si	ADVgen	MORPH=empty
vos	vos	PROper	MORPH=empty
pri	priier	VERcjg	MORPH=empty
,	,	PONfbl	MORPH=empty
se	se	CONsub	MORPH=empty
vos	vos	PROper	MORPH=empty
trovez	trover	VERcjg	MORPH=empty
pucele	pucele	NOMcom	MORPH=empty
ou	o3	CONcoo	MORPH=empty
fame	feme	NOMcom	MORPH=empty
,	,	PONfbl	MORPH=empty
ou	o3	CONcoo	MORPH=empty
soit	estre1	VERcjg	MORPH=empty
ou	o3	CONcoo	MORPH=empty
dameisele	damoisele	NOMcom	MORPH=empty
ou	o3	CONcoo	MORPH=empty
dame	dame	NOMcom	MORPH=empty
,	,	PONfbl	MORPH=empty
desconselliee	desconseillier	VERppe	MORPH=empty
soit	estre1	VERcjg	MORPH=empty
de	de	PRE	MORPH=empty
rien	rien	PROind	MORPH=empty
,	,	PONfbl	MORPH=empty
conselliez	conseillier1	VERcjg	MORPH=empty
la	il	PROper	MORPH=empty
,	,	PONfbl	MORPH=empty
si	si	ADVgen	MORPH=empty
feroiz	faire	VERcjg	MORPH=empty
bien	bien1	ADVgen	MORPH=empty
,	,	PONfbl	MORPH=empty
se	se	CONsub	MORPH=empty
vos	vos	PROper	MORPH=empty
consellier	conseillier1	VERinf	MORPH=empty
la	il	PROper	MORPH=empty
savez	savoir	VERcjg	MORPH=empty
et	et	CONcoo	MORPH=empty
se	se	CONsub	MORPH=empty
le	le	DETdef	MORPH=empty
pooir	pöoir	VERinf	MORPH=empty
en	en2	PROadv	MORPH=empty
avez	avoir	VERcjg	MORPH=empty
.	.	PONfrt	MORPH=empty
Une	un	DETndf	MORPH=empty
autre	autre	ADJind	MORPH=empty
chose	chose	NOMcom	MORPH=empty
vos	vos	PROper	MORPH=empty
apraing	aprendre	VERcjg	MORPH=empty
,	,	PONfbl	MORPH=empty
et	et	CONcoo	MORPH=empty
nel	ne1+il	ADVneg.PROper	MORPH=empty
tenez	tenir1	VERcjg	MORPH=empty
mie	mie	ADVneg	MORPH=empty
a	a3	PRE	MORPH=empty
desdaing	desdeing	NOMcom	MORPH=empty
,	,	PONfbl	MORPH=empty
qui	qui	PROrel	MORPH=empty
ne	ne1	ADVneg	MORPH=empty
fet	faire	VERcjg	MORPH=empty
mie	mie	ADVneg	MORPH=empty
a	a3	PRE	MORPH=empty
desdaignier	desdeignier	VERinf	MORPH=empty
:	:	PONfbl	MORPH=empty
volantiers	volentiers	ADVgen	MORPH=empty
alez	aler	VERcjg	MORPH=empty
au	a3+le	PRE.DETdef	MORPH=empty
mostier	mostier	NOMcom	MORPH=empty
proier	priier	VERinf	MORPH=empty
celui	cel	PROdem	MORPH=empty
qui	qui	PROrel	MORPH=empty
tot	tot	PROind	MORPH=empty
a	avoir	VERcjg	MORPH=empty
fait	faire	VERppe	MORPH=empty
que	que4	CONsub	MORPH=empty
de	de	PRE	MORPH=empty
vostre	vostre	DETpos	MORPH=empty
ame	ame	NOMcom	MORPH=empty
merci	merci	NOMcom	MORPH=empty
ait	avoir	VERcjg	MORPH=empty
et	et	CONcoo	MORPH=empty
qu'	que4	CONsub	MORPH=empty
an	en1	PRE	MORPH=empty
cest	cest	DETdem	MORPH=empty
siegle	siecle	NOMcom	MORPH=empty
terrien	terrïen	ADJqua	MORPH=empty
vos	vos	PROper	MORPH=empty
gart	garder	VERcjg	MORPH=empty
come	come1	CONsub	MORPH=empty
son	son4	DETpos	MORPH=empty
crestien	crestiien	ADJqua	MORPH=empty
.	.	PONfrt	MORPH=empty
"	"	PONpxx	MORPH=empty
Et	et	CONcoo	MORPH=empty
li	le	DETdef	MORPH=empty
vaslez	vaslet	NOMcom	MORPH=empty
dist	dire	VERcjg	MORPH=empty
au	a3+le	PRE.DETdef	MORPH=empty
prodome	pro	NOMcom	MORPH=empty
:	:	PONfbl	MORPH=empty
"	"	PONpxx	MORPH=empty
De	de	PRE	MORPH=empty
toz	tot	DETind	MORPH=empty
les	le	DETdef	MORPH=empty
apostres	apostle	NOMcom	MORPH=empty
de	de	PRE	MORPH=empty
Rome	Rome	NOMpro	MORPH=empty
soiez	estre1	VERcjg	MORPH=empty
vos	vos	PROper	MORPH=empty
beneoiz	benëir	VERppe	MORPH=empty
,	,	PONfbl	MORPH=empty
biau	bel1	ADJqua	MORPH=empty
sire	seignor	NOMcom	MORPH=empty
,	,	PONfbl	MORPH=empty
qu'	que4	CONcoo	MORPH=empty
autel	autel1	PROind	MORPH=empty
oï	öir	VERcjg	MORPH=empty
ma	mon1	DETpos	MORPH=empty
mere	mere	NOMcom	MORPH=empty
dire	dire	VERinf	MORPH=empty
.	.	PONfrt	MORPH=empty
Or	or4	ADVgen	MORPH=empty
nel	ne1+il	ADVneg.PROper	MORPH=empty
dites	dire	VERcjg	MORPH=empty
ja	ja	ADVgen	MORPH=empty
mes	mais1	ADVgen	MORPH=empty
,	,	PONfbl	MORPH=empty
biau	bel1	ADJqua	MORPH=empty
frere	frere	NOMcom	MORPH=empty
,	,	PONfbl	MORPH=empty
fet	faire	VERcjg	MORPH=empty
li	le	DETdef	MORPH=empty
prodon	pro	NOMcom	MORPH=empty
,	,	PONfbl	MORPH=empty
que	que4	CONsub	MORPH=empty
vostre	vostre	DETpos	MORPH=empty
mere	mere	NOMcom	MORPH=empty
vos	vos	PROper	MORPH=empty
ait	avoir	VERcjg	MORPH=empty
apris	aprendre	VERppe	MORPH=empty
et	et	CONcoo	MORPH=empty
anseignié	enseignier	VERppe	MORPH=empty
.	.	PONfrt	MORPH=empty
De	de	PRE	MORPH=empty
ce	ce1	PROdem	MORPH=empty
mie	mie	ADVneg	MORPH=empty
ne	ne1	ADVneg	MORPH=empty
vos	vos	PROper	MORPH=empty
blas	blasmer	VERcjg	MORPH=empty
gié	je	PROper	MORPH=empty
se	se	CONsub	MORPH=empty
vos	vos	PROper	MORPH=empty
l'	il	PROper	MORPH=empty
avez	avoir	VERcjg	MORPH=empty
dit	dire	VERppe	MORPH=empty
jusque	jusque	PRE	MORPH=empty
ci	ci	ADVgen	MORPH=empty
,	,	PONfbl	MORPH=empty
mes	mais1	CONcoo	MORPH=empty
des	des2	PRE	MORPH=empty
or	or4	ADVgen	MORPH=empty
,	,	PONfbl	MORPH=empty
la	le	DETdef	MORPH=empty
vostre	vostre	ADJpos	MORPH=empty
merci	merci	NOMcom	MORPH=empty
,	,	PONfbl	MORPH=empty
vos	vos	PROper	MORPH=empty
pri	priier	VERcjg	MORPH=empty
que	que4	CONsub	MORPH=empty
vos	vos	PROper	MORPH=empty
an	en2	PROadv	MORPH=empty
chastiez	chastiier	VERcjg	MORPH=empty
,	,	PONfbl	MORPH=empty
que	que4	CONcoo	MORPH=empty
se	se	CONsub	MORPH=empty
vos	vos	PROper	MORPH=empty
plus	plus	ADVgen	MORPH=empty
le	il	PROper	MORPH=empty
diseiez	dire	VERcjg	MORPH=empty
,	,	PONfbl	MORPH=empty
a	a3	PRE	MORPH=empty
folie	folie2	NOMcom	MORPH=empty
le	il	PROper	MORPH=empty
tanroit	tenir1	VERcjg	MORPH=empty
l'	le	DETdef	MORPH=empty
an	on	PROind	MORPH=empty
.	.	PONfrt	MORPH=empty
Por	por2	PRE	MORPH=empty
ce	ce1	PROdem	MORPH=empty
vos	vos	PROper	MORPH=empty
pri	priier	VERcjg	MORPH=empty
,	,	PONfbl	MORPH=empty
gardez	garder	VERcjg	MORPH=empty
vos	vos	PROper	MORPH=empty
an	en2	PROadv	MORPH=empty
.	.	PONfrt	MORPH=empty
Et	et	CONcoo	MORPH=empty
que	que3	PROint	MORPH=empty
dirai	dire	VERcjg	MORPH=empty
ge	je	PROper	MORPH=empty
donc	donc	ADVgen	MORPH=empty
,	,	PONfbl	MORPH=empty
biau	bel1	ADJqua	MORPH=empty
sire	seignor	NOMcom	MORPH=empty
?	?	PONfrt	MORPH=empty
Li	le	DETdef	MORPH=empty
vavasors	vavassor	NOMcom	MORPH=empty
,	,	PONfbl	MORPH=empty
ce	ce1	PROdem	MORPH=empty
poez	pöoir	VERcjg	MORPH=empty
dire	dire	VERinf	MORPH=empty
,	,	PONfbl	MORPH=empty
qui	qui	PROrel	MORPH=empty
vostre	vostre	DETpos	MORPH=empty
esperon	esperon	NOMcom	MORPH=empty
vos	vos	PROper	MORPH=empty
chauça	chaucier1	VERcjg	MORPH=empty
,	,	PONfbl	MORPH=empty
le	il	PROper	MORPH=empty
vos	vos	PROper	MORPH=empty
aprist	aprendre	VERcjg	MORPH=empty
et	et	CONcoo	MORPH=empty
anseigna	enseignier	VERcjg	MORPH=empty
.	.	PONfrt	MORPH=empty
"	"	PONpxx	MORPH=empty
Et	et	CONcoo	MORPH=empty
cil	cel	PROdem	MORPH=empty
li	il	PROper	MORPH=empty
a	avoir	VERcjg	MORPH=empty
le	le	DETdef	MORPH=empty
don	don	NOMcom	MORPH=empty
doné	doner	VERppe	MORPH=empty
que	que4	CONsub	MORPH=empty
ja	ja	ADVgen	MORPH=empty
mes	mais1	ADVgen	MORPH=empty
n'	ne1	ADVneg	MORPH=empty
i	i2	PROadv	MORPH=empty
avra	avoir	VERcjg	MORPH=empty
soné	soner	VERppe	MORPH=empty
.i.	1	DETcar	MORPH=empty
mot	mot	NOMcom	MORPH=empty
tant	tant	ADVgen	MORPH=empty
con	come1	CONsub	MORPH=empty
il	il	PROper	MORPH=empty
sera	estre1	VERcjg	MORPH=empty
vis	vif	ADJqua	MORPH=empty
,	,	PONfbl	MORPH=empty
se	se	CONsub	MORPH=empty
de	de	PRE	MORPH=empty
lui	il	PROper	MORPH=empty
non	non	ADVneg	MORPH=empty
,	,	PONfbl	MORPH=empty
qu'	que4	CONcoo	MORPH=empty
il	il	PROimp	MORPH=empty
li	il	PROper	MORPH=empty
est	estre1	VERcjg	MORPH=empty
vis	vis2	NOMcom	MORPH=empty
que	que4	CONsub	MORPH=empty
ce	ce1	PROdem	MORPH=empty
est	estre1	VERcjg	MORPH=empty
biens	bien2	NOMcom	MORPH=empty
qu'	que4	CONsub	MORPH=empty
il	il	PROper	MORPH=empty
li	il	PROper	MORPH=empty
ansaigne	enseignier	VERcjg	MORPH=empty
.	.	PONfrt	MORPH=empty
Li	le	DETdef	MORPH=empty
prodon	pro	NOMcom	MORPH=empty
maintenant	maintenant	ADVgen	MORPH=empty
le	il	PROper	MORPH=empty
saigne	seignier	VERcjg	MORPH=empty
,	,	PONfbl	MORPH=empty
si	si	ADVgen	MORPH=empty
a	avoir	VERcjg	MORPH=empty
la	le	DETdef	MORPH=empty
main	main2	NOMcom	MORPH=empty
levee	lever	VERppe	MORPH=empty
an	en1	PRE	MORPH=empty
haut	haut	ADJqua	MORPH=empty
et	et	CONcoo	MORPH=empty
dist	dire	VERcjg	MORPH=empty
:	:	PONfbl	MORPH=empty
"	"	PONpxx	MORPH=empty
Biax	bel1	ADJqua	MORPH=empty
sire	seignor	NOMcom	MORPH=empty
,	,	PONfbl	MORPH=empty
Dex	Dieu	NOMpro	MORPH=empty
vos	vos	PROper	MORPH=empty
saut	sauver	VERcjg	MORPH=empty
!	!	PONfrt	MORPH=empty
Alez	aler	VERcjg	MORPH=empty
a	a3	PRE	MORPH=empty
Deu	Dieu	NOMpro	MORPH=empty
,	,	PONfbl	MORPH=empty
qui	qui	PROrel	MORPH=empty
vos	vos	PROper	MORPH=empty
conduie	conduire	VERcjg	MORPH=empty
,	,	PONfbl	MORPH=empty
que	que4	CONcoo	MORPH=empty
la	le	DETdef	MORPH=empty
demore	demore	NOMcom	MORPH=empty
vos	vos	PROper	MORPH=empty
enuie	enoiier	VERcjg	MORPH=empty
.	.	PONfrt	MORPH=empty
"	"	PONpxx	MORPH=empty
Li	le	DETdef	MORPH=empty
noviax	novel	ADJqua	MORPH=empty
chevaliers	chevalier	NOMcom	MORPH=empty
s'	soi1	PROper	MORPH=empty
an	en2	PROadv	MORPH=empty
part	partir	VERcjg	MORPH=empty
de	de	PRE	MORPH=empty
son	son4	DETpos	MORPH=empty
oste	oste	NOMcom	MORPH=empty
,	,	PONfbl	MORPH=empty
et	et	CONcoo	MORPH=empty
mout	mout	ADVgen	MORPH=empty
li	il	PROper	MORPH=empty
est	estre1	VERcjg	MORPH=empty
tart	tart	ADVgen	MORPH=empty
que	que4	CONsub	MORPH=empty
a	a3	PRE	MORPH=empty
sa	son4	DETpos	MORPH=empty
mere	mere	NOMcom	MORPH=empty
venir	venir	VERinf	MORPH=empty
puisse	pöoir	VERcjg	MORPH=empty
et	et	CONcoo	MORPH=empty
que	que4	CONsub	MORPH=empty
sainne	sain	ADJqua	MORPH=empty
et	et	CONcoo	MORPH=empty
vive	vif	ADJqua	MORPH=empty
la	il	PROper	MORPH=empty
truisse	trover	VERcjg	MORPH=empty
.	.	PONfrt	MORPH=empty
Si	si	ADVgen	MORPH=empty
se	soi1	PROper	MORPH=empty
met	metre2	VERcjg	MORPH=empty
es	en1+le	PRE.DETdef	MORPH=empty
forez	forest	NOMcom	MORPH=empty
sostainnes	soutain2	ADJqua	MORPH=empty
,	,	PONfbl	MORPH=empty
que	que4	CONcoo	MORPH=empty
asez	assez	ADVgen	MORPH=empty
mialz	mieus	ADVgen	MORPH=empty
qu'	que1	CONsub	MORPH=empty
as	a3+le	PRE.DETdef	MORPH=empty
terres	terre	NOMcom	MORPH=empty
plainnes	plain	ADJqua	MORPH=empty
es	en1+le	PRE.DETdef	MORPH=empty
forez	forest	NOMcom	MORPH=empty
se	soi1	PROper	MORPH=empty
requenuissoit	reconoistre	VERcjg	MORPH=empty
,	,	PONfbl	MORPH=empty
et	et	CONcoo	MORPH=empty
chevalche	chevauchier	VERcjg	MORPH=empty
tant	tant	ADVgen	MORPH=empty
que	que4	CONsub	MORPH=empty
il	il	PROper	MORPH=empty
voit	vëoir	VERcjg	MORPH=empty
.I.	un	DETndf	MORPH=empty
chastel	chastel	NOMcom	MORPH=empty
fort	fort	ADJqua	MORPH=empty
et	et	CONcoo	MORPH=empty
bien	bien1	ADVgen	MORPH=empty
seant	sëoir	VERppa	MORPH=empty
.	.	PONfrt	MORPH=empty
Defors	defors	PRE	MORPH=empty
les	le	DETdef	MORPH=empty
murs	mur	NOMcom	MORPH=empty
ne	ne1	ADVneg	MORPH=empty
voit	vëoir	VERcjg	MORPH=empty
neant	nïent	PROind	MORPH=empty
fors	fors1	PRE	MORPH=empty
mer	mer	NOMcom	MORPH=empty
et	et	CONcoo	MORPH=empty
eve	aigue	NOMcom	MORPH=empty
et	et	CONcoo	MORPH=empty
terre	terre	NOMcom	MORPH=empty
gaste	gast1	ADJqua	MORPH=empty
.	.	PONfrt	MORPH=empty
D'	de	PRE	MORPH=empty
errer	errer2	VERinf	MORPH=empty
vers	vers2	PRE	MORPH=empty
le	le	DETdef	MORPH=empty
chastel	chastel	NOMcom	MORPH=empty
se	soi1	PROper	MORPH=empty
haste	haster	VERcjg	MORPH=empty
tant	tant	ADVgen	MORPH=empty
que	que4	CONsub	MORPH=empty
devant	devant	PRE	MORPH=empty
la	le	DETdef	MORPH=empty
porte	porte1	NOMcom	MORPH=empty
vient	venir	VERcjg	MORPH=empty
;	;	PONfbl	MORPH=empty
mes	mais1	CONcoo	MORPH=empty
.i.	un	DETndf	MORPH=empty
pont	pont	NOMcom	MORPH=empty
passer	passer1	VERinf	MORPH=empty
li	il	PROper	MORPH=empty
covient	covenir	VERcjg	MORPH=empty
si	si	ADVgen	MORPH=empty
foible	foible	ADJqua	MORPH=empty
,	,	PONfbl	MORPH=empty
ainz	ainz	ADVgen	MORPH=empty
qu'	que4	CONsub	MORPH=empty
a	a3	PRE	MORPH=empty
la	le	DETdef	MORPH=empty
porte	porte1	NOMcom	MORPH=empty
veingne	venir	VERcjg	MORPH=empty
,	,	PONfbl	MORPH=empty
qu'	que4	CONsub	MORPH=empty
a	a3	PRE	MORPH=empty
poinnes	peine	NOMcom	MORPH=empty
cuit	cuidier1	VERcjg	MORPH=empty
que	que4	CONsub	MORPH=empty
le	il	PROper	MORPH=empty
sosteingne	sostenir	VERcjg	MORPH=empty
.	.	PONfrt	MORPH=empty
Li	le	DETdef	MORPH=empty
chevaliers	chevalier	NOMcom	MORPH=empty
sor	sor2	PRE	MORPH=empty
le	le	DETdef	MORPH=empty
pont	pont	NOMcom	MORPH=empty
monte	monter	VERcjg	MORPH=empty
,	,	PONfbl	MORPH=empty
si	si	ADVgen	MORPH=empty
le	il	PROper	MORPH=empty
passa	passer1	VERcjg	MORPH=empty
que	que4	CONsub	MORPH=empty
max	mal1	NOMcom	MORPH=empty
ne	ne2	CONcoo	MORPH=empty
honte	honte	NOMcom	MORPH=empty
ne	ne2	CONcoo	MORPH=empty
anconbriers	encombrier	NOMcom	MORPH=empty
ne	ne1	ADVneg	MORPH=empty
li	il	PROper	MORPH=empty
avint	avenant	VERcjg	MORPH=empty
.	.	PONfrt	MORPH=empty
Jusque	jusque	PRE	MORPH=empty
devant	devant	PRE	MORPH=empty
la	le	DETdef	MORPH=empty
porte	porte1	NOMcom	MORPH=empty
vint	venir	VERcjg	MORPH=empty
,	,	PONfbl	MORPH=empty
si	si	ADVgen	MORPH=empty
la	il	PROper	MORPH=empty
trova	trover	VERcjg	MORPH=empty
ferme	ferm	ADJqua	MORPH=empty
a	a3	PRE	MORPH=empty
la	le	DETdef	MORPH=empty
clef	clef	NOMcom	MORPH=empty
,	,	PONfbl	MORPH=empty
ne	ne2	CONcoo	MORPH=empty
n'	ne1	ADVneg	MORPH=empty
i	i2	PROadv	MORPH=empty
hurta	hurter	VERcjg	MORPH=empty
mie	mie	ADVneg	MORPH=empty
soef	söef	ADJqua	MORPH=empty
ne	ne2	CONcoo	MORPH=empty
n'	ne1	ADVneg	MORPH=empty
i	i2	PROadv	MORPH=empty
apela	apeler	VERcjg	MORPH=empty
mie	mie	ADVneg	MORPH=empty
an	en1	PRE	MORPH=empty
bas	bas	ADJqua	MORPH=empty
.	.	PONfrt	MORPH=empty
Tant	tant	ADVgen	MORPH=empty
i	i2	PROadv	MORPH=empty
feri	ferir	VERcjg	MORPH=empty
qu'	que4	CONsub	MORPH=empty
en	en1	PRE	MORPH=empty
es	es2	PROdem	MORPH=empty
le	le	DETdef	MORPH=empty
pas	pas	NOMcom	MORPH=empty
vint	venir	VERcjg	MORPH=empty
as	a3+le	PRE.DETdef	MORPH=empty
fenestres	fenestre	NOMcom	MORPH=empty
de	de	PRE	MORPH=empty
la	le	DETdef	MORPH=empty
sale	sale1	NOMcom	MORPH=empty
une	un	DETndf	MORPH=empty
pucele	pucele	NOMcom	MORPH=empty
meigre	maigre	ADJqua	MORPH=empty
et	et	CONcoo	MORPH=empty
pale	pale	ADJqua	MORPH=empty
,	,	PONfbl	MORPH=empty
et	et	CONcoo	MORPH=empty
dist	dire	VERcjg	MORPH=empty
:	:	PONfbl	MORPH=empty
"	"	PONpxx	MORPH=empty
Qui	qui	PROint	MORPH=empty
est	estre1	VERcjg	MORPH=empty
qui	qui	PROrel	MORPH=empty
la	là	ADVgen	MORPH=empty
apele	apeler	VERcjg	MORPH=empty
?	?	PONfrt	MORPH=empty
"	"	PONpxx	MORPH=empty
Cil	cel	PROdem	MORPH=empty
regarde	regarder	VERcjg	MORPH=empty
vers	vers2	PRE	MORPH=empty
la	le	DETdef	MORPH=empty
pucele	pucele	NOMcom	MORPH=empty
,	,	PONfbl	MORPH=empty
si	si	ADVgen	MORPH=empty
la	il	PROper	MORPH=empty
voit	vëoir	VERcjg	MORPH=empty
et	et	CONcoo	MORPH=empty
dit	dire	VERcjg	MORPH=empty
:	:	PONfbl	MORPH=empty
"	"	PONpxx	MORPH=empty
Bele	bel1	ADJqua	MORPH=empty
amie	ami	NOMcom	MORPH=empty
,	,	PONfbl	MORPH=empty
uns	un	DETndf	MORPH=empty
chevaliers	chevalier	NOMcom	MORPH=empty
sui	estre1	VERcjg	MORPH=empty
,	,	PONfbl	MORPH=empty
qui	qui	PROrel	MORPH=empty
vos	vos	PROper	MORPH=empty
prie	priier	VERcjg	MORPH=empty
que	que4	CONsub	MORPH=empty
leanz	laienz	ADVgen	MORPH=empty
me	je	PROper	MORPH=empty
faciez	faire	VERcjg	MORPH=empty
antrer	entrer	VERinf	MORPH=empty
et	et	CONcoo	MORPH=empty
l'	le	DETdef	MORPH=empty
ostel	ostel	NOMcom	MORPH=empty
enuit	anuit	ADVgen	MORPH=empty
mes	mais1	ADVgen	MORPH=empty
prester	prester	VERinf	MORPH=empty
.	.	PONfrt	MORPH=empty
Sire	seignor	NOMcom	MORPH=empty
,	,	PONfbl	MORPH=empty
fet	faire	VERcjg	MORPH=empty
ele	il	PROper	MORPH=empty
,	,	PONfbl	MORPH=empty
vos	vos	PROper	MORPH=empty
l'	il	PROper	MORPH=empty
avroiz	avoir	VERcjg	MORPH=empty
,	,	PONfbl	MORPH=empty
mes	mais1	CONcoo	MORPH=empty
ja	ja	ADVgen	MORPH=empty
gré	gré2	NOMcom	MORPH=empty
ne	ne1	ADVneg	MORPH=empty
nos	nos1	PROper	MORPH=empty
an	en2	PROadv	MORPH=empty
savroiz	savoir	VERcjg	MORPH=empty
.	.	PONfrt	MORPH=empty
Et	et	CONcoo	MORPH=empty
neporquant	neporcant	ADVgen	MORPH=empty
si	si	ADVgen	MORPH=empty
vos	vos	PROper	MORPH=empty
ferons	faire	VERcjg	MORPH=empty
si	si	ADVgen	MORPH=empty
bon	bon	ADJqua	MORPH=empty
ostel	ostel	NOMcom	MORPH=empty
con	come1	CONsub	MORPH=empty
nos	nos1	PROper	MORPH=empty
porrons	pöoir	VERcjg	MORPH=empty
.	.	PONfrt	MORPH=empty
"	"	PONpxx	MORPH=empty
Lors	lors	ADVgen	MORPH=empty
s'	soi1	PROper	MORPH=empty
est	estre1	VERcjg	MORPH=empty
la	le	DETdef	MORPH=empty
pucele	pucele	NOMcom	MORPH=empty
arriers	ariere	ADVgen	MORPH=empty
treite	traire	VERppe	MORPH=empty
,	,	PONfbl	MORPH=empty
et	et	CONcoo	MORPH=empty
cil	cel	PROdem	MORPH=empty
qui	qui	PROrel	MORPH=empty
a	a3	PRE	MORPH=empty
la	le	DETdef	MORPH=empty
porte	porte1	NOMcom	MORPH=empty
agueite	agaitier	VERcjg	MORPH=empty
crient	criembre	VERcjg	MORPH=empty
qu'	que4	CONsub	MORPH=empty
an	on	PROind	MORPH=empty
li	il	PROper	MORPH=empty
face	faire	VERcjg	MORPH=empty
trop	trop	ADVgen	MORPH=empty
ester	ester	VERinf	MORPH=empty
,	,	PONfbl	MORPH=empty
si	si	ADVgen	MORPH=empty
recomança	recomencier	VERcjg	MORPH=empty
a	a3	PRE	MORPH=empty
hurter	hurter	VERinf	MORPH=empty
;	;	PONfbl	MORPH=empty
et	et	CONcoo	MORPH=empty
tantost	tantost	ADVgen	MORPH=empty
.iiii.	4	DETcar	MORPH=empty
sergent	serjant	NOMcom	MORPH=empty
vindrent	venir	VERcjg	MORPH=empty
,	,	PONfbl	MORPH=empty
qui	qui	PROrel	MORPH=empty
granz	grant	ADJqua	MORPH=empty
haiches	hache	NOMcom	MORPH=empty
a	a3	PRE	MORPH=empty
lor	lor2	DETpos	MORPH=empty
cos	col	NOMcom	MORPH=empty
tindrent	tenir1	VERcjg	MORPH=empty
,	,	PONfbl	MORPH=empty
et	et	CONcoo	MORPH=empty
chascuns	chascun	PROind	MORPH=empty
ot	avoir	VERcjg	MORPH=empty
ceinte	ceindre	VERppe	MORPH=empty
une	un	DETndf	MORPH=empty
espee	espee	NOMcom	MORPH=empty
,	,	PONfbl	MORPH=empty
si	si	ADVgen	MORPH=empty
ont	avoir	VERcjg	MORPH=empty
la	le	DETdef	MORPH=empty
porte	porte1	NOMcom	MORPH=empty
desfermee	desfermer	VERppe	MORPH=empty
et	et	CONcoo	MORPH=empty
dïent	dire	VERcjg	MORPH=empty
:	:	PONfbl	MORPH=empty
"	"	PONpxx	MORPH=empty
Sire	seignor	NOMcom	MORPH=empty
,	,	PONfbl	MORPH=empty
venez	venir	VERcjg	MORPH=empty
anz	enz	ADVgen	MORPH=empty
.	.	PONfrt	MORPH=empty
"	"	PONpxx	MORPH=empty
Se	se	CONsub	MORPH=empty
bien	bien1	ADVgen	MORPH=empty
esteüst	ester	VERcjg	MORPH=empty
as	a3+le	PRE.DETdef	MORPH=empty
sergenz	serjant	NOMcom	MORPH=empty
,	,	PONfbl	MORPH=empty
mout	mout	ADVgen	MORPH=empty
fussent	estre1	VERcjg	MORPH=empty
bel	bel1	ADJqua	MORPH=empty
,	,	PONfbl	MORPH=empty
mes	mais1	CONcoo	MORPH=empty
il	il	PROper	MORPH=empty
avoient	avoir	VERcjg	MORPH=empty
meseise	mesaise	NOMcom	MORPH=empty
eü	avoir	VERppe	MORPH=empty
tant	tant	ADVgen	MORPH=empty
qu'	que4	CONsub	MORPH=empty
il	il	PROper	MORPH=empty
estoient	estre1	VERcjg	MORPH=empty
tel	tel	ADJind	MORPH=empty
qu'	que4	CONsub	MORPH=empty
an	on	PROind	MORPH=empty
poïst	pöoir	VERcjg	MORPH=empty
mervellier	merveillier	VERinf	MORPH=empty
,	,	PONfbl	MORPH=empty
de	de	PRE	MORPH=empty
geüner	jëuner	VERinf	MORPH=empty
et	et	CONcoo	MORPH=empty
de	de	PRE	MORPH=empty
vellier	veillier2	VERinf	MORPH=empty
.	.	PONfrt	MORPH=empty
Et	et	CONcoo	MORPH=empty
cil	cel	PROdem	MORPH=empty
ot	avoir	VERcjg	MORPH=empty
bien	bien1	ADVgen	MORPH=empty
defors	defors	ADVgen	MORPH=empty
trovee	trover	VERppe	MORPH=empty
la	le	DETdef	MORPH=empty
terre	terre	NOMcom	MORPH=empty
gaste	gast1	ADJqua	MORPH=empty
et	et	CONcoo	MORPH=empty
escovee	escover	VERppe	MORPH=empty
,	,	PONfbl	MORPH=empty
dedanz	dedenz	ADVgen	MORPH=empty
rien	rien	PROind	MORPH=empty
ne	ne1	ADVneg	MORPH=empty
li	il	PROper	MORPH=empty
amanda	amender	VERcjg	MORPH=empty
,	,	PONfbl	MORPH=empty
que	que4	CONcoo	MORPH=empty
par	par	PRE	MORPH=empty
tot	tot	DETind	MORPH=empty
la	là	ADVgen	MORPH=empty
ou	où	PROrel	MORPH=empty
il	il	PROper	MORPH=empty
ala	aler	VERcjg	MORPH=empty
trova	trover	VERcjg	MORPH=empty
anhermies	enermi	ADJqua	MORPH=empty
les	le	DETdef	MORPH=empty
rues	rüe2	NOMcom	MORPH=empty
et	et	CONcoo	MORPH=empty
les	le	DETdef	MORPH=empty
meisons	maison	NOMcom	MORPH=empty
vit	vëoir	VERcjg	MORPH=empty
decheües	dechëoir	VERppe	MORPH=empty
,	,	PONfbl	MORPH=empty
que	que4	CONcoo	MORPH=empty
home	ome	NOMcom	MORPH=empty
ne	ne2	CONcoo	MORPH=empty
fame	feme	NOMcom	MORPH=empty
n'	ne1	ADVneg	MORPH=empty
i	i2	PROadv	MORPH=empty
avoit	avoir	VERcjg	MORPH=empty
.	.	PONfrt	MORPH=empty
.II.	2	DETcar	MORPH=empty
mostiers	mostier	NOMcom	MORPH=empty
an	en1	PRE	MORPH=empty
la	le	DETdef	MORPH=empty
vile	vile	NOMcom	MORPH=empty
avoit	avoir	VERcjg	MORPH=empty
,	,	PONfbl	MORPH=empty
qui	qui	PROrel	MORPH=empty
estoient	estre1	VERcjg	MORPH=empty
.ii.	2	DETcar	MORPH=empty
abaïes	abeie	NOMcom	MORPH=empty
,	,	PONfbl	MORPH=empty
li	le	DETdef	MORPH=empty
uns	un	PROind	MORPH=empty
de	de	PRE	MORPH=empty
nonains	none1	NOMcom	MORPH=empty
esbaïes	esbäir	VERppe	MORPH=empty
,	,	PONfbl	MORPH=empty
l'	le	DETdef	MORPH=empty
autres	autre	PROind	MORPH=empty
de	de	PRE	MORPH=empty
moinnes	moine1	NOMcom	MORPH=empty
esgarez	esgarer	VERppe	MORPH=empty
.	.	PONfrt	MORPH=empty
Ne	ne1	ADVneg	MORPH=empty
trova	trover	VERcjg	MORPH=empty
mie	mie	ADVneg	MORPH=empty
bien	bien1	ADVgen	MORPH=empty
parez	parer1	VERppe	MORPH=empty
les	le	DETdef	MORPH=empty
mostiers	mostier	NOMcom	MORPH=empty
ne	ne2	CONcoo	MORPH=empty
bien	bien1	ADVgen	MORPH=empty
portanduz	portendre	VERppe	MORPH=empty
,	,	PONfbl	MORPH=empty
ençois	ainçois	ADVgen	MORPH=empty
vit	vëoir	VERcjg	MORPH=empty
crevez	crever	VERppe	MORPH=empty
et	et	CONcoo	MORPH=empty
fanduz	fendre	VERppe	MORPH=empty
les	le	DETdef	MORPH=empty
murs	mur	NOMcom	MORPH=empty
,	,	PONfbl	MORPH=empty
et	et	CONcoo	MORPH=empty
les	le	DETdef	MORPH=empty
torz	tor2	NOMcom	MORPH=empty
descovertes	descovrir	VERppe	MORPH=empty
,	,	PONfbl	MORPH=empty
et	et	CONcoo	MORPH=empty
les	le	DETdef	MORPH=empty
meisons	maison	NOMcom	MORPH=empty
erent	estre1	VERcjg	MORPH=empty
overtes	ovrir	VERppe	MORPH=empty
ausi	aussi	ADVgen	MORPH=empty
de	de	PRE	MORPH=empty
nuiz	nuit	NOMcom	MORPH=empty
come	come1	CONsub	MORPH=empty
de	de	PRE	MORPH=empty
jorz	jor	NOMcom	MORPH=empty
.	.	PONfrt	MORPH=empty
Molins	molin	NOMcom	MORPH=empty
n'	ne1	ADVneg	MORPH=empty
i	i2	PROadv	MORPH=empty
mialt	moudre1	VERcjg	MORPH=empty
ne	ne2	CONcoo	MORPH=empty
n'	ne1	ADVneg	MORPH=empty
i	i2	PROadv	MORPH=empty
cuist	cuire	VERcjg	MORPH=empty
forz	for	NOMcom	MORPH=empty
an	en1	PRE	MORPH=empty
nul	nul	DETind	MORPH=empty
leu	lieu	NOMcom	MORPH=empty
de	de	PRE	MORPH=empty
tot	tot	DETind	MORPH=empty
le	le	DETdef	MORPH=empty
chastel	chastel	NOMcom	MORPH=empty
,	,	PONfbl	MORPH=empty
ne	ne2	CONcoo	MORPH=empty
ne	ne1	ADVneg	MORPH=empty
trova	trover	VERcjg	MORPH=empty
pain	pain	NOMcom	MORPH=empty
ne	ne2	CONcoo	MORPH=empty
gastel	gastel	NOMcom	MORPH=empty
,	,	PONfbl	MORPH=empty
ne	ne2	CONcoo	MORPH=empty
rien	rien	NOMcom	MORPH=empty
nule	nul	ADJind	MORPH=empty
qui	qui	PROrel	MORPH=empty
fust	estre1	VERcjg	MORPH=empty
a	a3	PRE	MORPH=empty
vandre	vendre	VERinf	MORPH=empty
don	dont	PROrel	MORPH=empty
l'	le	DETdef	MORPH=empty
an	on	PROind	MORPH=empty
poïst	pöoir	VERcjg	MORPH=empty
.i.	1	DETcar	MORPH=empty
denier	denier	NOMcom	MORPH=empty
prandre	prendre	VERinf	MORPH=empty
.	.	PONfrt	MORPH=empty
Ensi	ainsi	ADVgen	MORPH=empty
trova	trover	VERcjg	MORPH=empty
le	le	DETdef	MORPH=empty
chastel	chastel	NOMcom	MORPH=empty
gaste	gast1	ADJqua	MORPH=empty
,	,	PONfbl	MORPH=empty
que	que4	CONsub	MORPH=empty
n'	ne1	ADVneg	MORPH=empty
i	i2	PROadv	MORPH=empty
trova	trover	VERcjg	MORPH=empty
ne	ne2	CONcoo	MORPH=empty
pain	pain	NOMcom	MORPH=empty
ne	ne2	CONcoo	MORPH=empty
paste	paste	NOMcom	MORPH=empty
ne	ne2	CONcoo	MORPH=empty
vin	vin	NOMcom	MORPH=empty
ne	ne2	CONcoo	MORPH=empty
sidre	sidre	NOMcom	MORPH=empty
ne	ne2	CONcoo	MORPH=empty
cervoise	cervoise	NOMcom	MORPH=empty
.	.	PONfrt	MORPH=empty
Vers	vers2	PRE	MORPH=empty
.i.	un	DETndf	MORPH=empty
palés	palais2	NOMcom	MORPH=empty
covert	covrir	VERppe	MORPH=empty
d'	de	PRE	MORPH=empty
atoise	ardoise	NOMcom	MORPH=empty
l'	il	PROper	MORPH=empty
ont	avoir	VERcjg	MORPH=empty
li	le	DETdef	MORPH=empty
.iiii.	4	ADJcar	MORPH=empty
sergent	serjant	NOMcom	MORPH=empty
mené	mener	VERppe	MORPH=empty
et	et	CONcoo	MORPH=empty
descendu	descendre	VERppe	MORPH=empty
et	et	CONcoo	MORPH=empty
desarmé	desarmer	VERppe	MORPH=empty
.	.	PONfrt	MORPH=empty
Et	et	CONcoo	MORPH=empty
tantost	tantost	ADVgen	MORPH=empty
uns	un	DETndf	MORPH=empty
vaslez	vaslet	NOMcom	MORPH=empty
avale	avaler	VERcjg	MORPH=empty
parmi	parmi	PRE	MORPH=empty
les	le	DETdef	MORPH=empty
degrez	degré	NOMcom	MORPH=empty
de	de	PRE	MORPH=empty
la	le	DETdef	MORPH=empty
sale	sale1	NOMcom	MORPH=empty
,	,	PONfbl	MORPH=empty
qui	qui	PROrel	MORPH=empty
aporta	aporter	VERcjg	MORPH=empty
.i.	un	DETndf	MORPH=empty
mantel	mantel	NOMcom	MORPH=empty
gris	gris	ADJqua	MORPH=empty
;	;	PONfbl	MORPH=empty
au	a3+le	PRE.DETdef	MORPH=empty
col	col	NOMcom	MORPH=empty
au	a3+le	PRE.DETdef	MORPH=empty
chevalier	chevalier	NOMcom	MORPH=empty
l'	il	PROper	MORPH=empty
a	avoir	VERcjg	MORPH=empty
mis	metre2	VERppe	MORPH=empty
,	,	PONfbl	MORPH=empty
et	et	CONcoo	MORPH=empty
uns	un	PROind	MORPH=empty
autres	autre	PROind	MORPH=empty
a	avoir	VERcjg	MORPH=empty
establé	establer1	VERppe	MORPH=empty
son	son4	DETpos	MORPH=empty
cheval	cheval	NOMcom	MORPH=empty
la	là	ADVgen	MORPH=empty
ou	où	PROrel	MORPH=empty
il	il	PROimp	MORPH=empty
n'	ne1	ADVneg	MORPH=empty
ot	avoir	VERcjg	MORPH=empty
blé	blé	NOMcom	MORPH=empty
ne	ne2	CONcoo	MORPH=empty
fain	fein	NOMcom	MORPH=empty
ne	ne2	CONcoo	MORPH=empty
fuerre	fuerre1	NOMcom	MORPH=empty
se	se	CONsub	MORPH=empty
po	poi	ADVgen	MORPH=empty
non	non	ADVneg	MORPH=empty
,	,	PONfbl	MORPH=empty
que	que4	CONsub	MORPH=empty
il	il	PROper	MORPH=empty
n'	ne1	ADVneg	MORPH=empty
estoit	estre1	VERcjg	MORPH=empty
an	en1	PRE	MORPH=empty
la	le	DETdef	MORPH=empty
meison	maison	NOMcom	MORPH=empty
.	.	PONfrt	MORPH=empty
Li	le	DETdef	MORPH=empty
autre	autre	PROind	MORPH=empty
devant	devant	PRE	MORPH=empty
ax	il	PROper	MORPH=empty
le	il	PROper	MORPH=empty
font	faire	VERcjg	MORPH=empty
monter	monter	VERinf	MORPH=empty
par	par	PRE	MORPH=empty
les	le	DETdef	MORPH=empty
degrez	degré	NOMcom	MORPH=empty
amont	amont	ADVgen	MORPH=empty
an	en1	PRE	MORPH=empty
la	le	DETdef	MORPH=empty
sale	sale1	NOMcom	MORPH=empty
,	,	PONfbl	MORPH=empty
qui	qui	PROrel	MORPH=empty
mout	mout	ADVgen	MORPH=empty
fu	estre1	VERcjg	MORPH=empty
bele	bel1	ADJqua	MORPH=empty
.	.	PONfrt	MORPH=empty
Dui	deus	DETcar	MORPH=empty
prodome	pro	NOMcom	MORPH=empty
et	et	CONcoo	MORPH=empty
une	un	DETndf	MORPH=empty
pucele	pucele	NOMcom	MORPH=empty
li	il	PROper	MORPH=empty
sont	estre1	VERcjg	MORPH=empty
a	a3	PRE	MORPH=empty
l'	le	DETdef	MORPH=empty
ancontre	encontre2	NOMcom	MORPH=empty
venu	venir	VERppe	MORPH=empty
.	.	PONfrt	MORPH=empty
Li	le	DETdef	MORPH=empty
prodome	pro	NOMcom	MORPH=empty
estoient	estre1	VERcjg	MORPH=empty
chenu	chenu	ADJqua	MORPH=empty
,	,	PONfbl	MORPH=empty
ne	ne2	CONcoo	MORPH=empty
pas	pas	ADVneg	MORPH=empty
si	si	ADVgen	MORPH=empty
que	que4	CONsub	MORPH=empty
tuit	tot	PROind	MORPH=empty
fussent	estre1	VERcjg	MORPH=empty
blanc	blanc	ADJqua	MORPH=empty
.	.	PONfrt	MORPH=empty
De	de	PRE	MORPH=empty
bel	bel1	ADJqua	MORPH=empty
aaige	ëage	NOMcom	MORPH=empty
a	a3	PRE	MORPH=empty
tot	tot	DETind	MORPH=empty
lor	lor2	DETpos	MORPH=empty
sanc	sanc	NOMcom	MORPH=empty
et	et	CONcoo	MORPH=empty
a	a3	PRE	MORPH=empty
tote	tot	DETind	MORPH=empty
lor	lor2	DETpos	MORPH=empty
force	force2	NOMcom	MORPH=empty
fussent	estre1	VERcjg	MORPH=empty
,	,	PONfbl	MORPH=empty
s'	se	CONsub	MORPH=empty
enui	enui	NOMcom	MORPH=empty
et	et	CONcoo	MORPH=empty
pesance	pesance	NOMcom	MORPH=empty
n'	ne1	ADVneg	MORPH=empty
eüssent	avoir	VERcjg	MORPH=empty
.	.	PONfrt	MORPH=empty
Et	et	CONcoo	MORPH=empty
la	le	DETdef	MORPH=empty
pucele	pucele	NOMcom	MORPH=empty
vint	venir	VERcjg	MORPH=empty
plus	plus	ADVgen	MORPH=empty
jointe	joindre	VERppe	MORPH=empty
,	,	PONfbl	MORPH=empty
plus	plus	ADVgen	MORPH=empty
acesmee	acesmer	VERppe	MORPH=empty
et	et	CONcoo	MORPH=empty
plus	plus	ADVgen	MORPH=empty
cointe	cointe	ADJqua	MORPH=empty
que	que1	CONsub	MORPH=empty
espreviers	esprevier	NOMcom	MORPH=empty
ne	ne2	CONcoo	MORPH=empty
papegauz	papegai	NOMcom	MORPH=empty
.	.	PONfrt	MORPH=empty
Ses	son4	DETpos	MORPH=empty
mantiax	mantel	NOMcom	MORPH=empty
fu	estre1	VERcjg	MORPH=empty
,	,	PONfbl	MORPH=empty
et	et	CONcoo	MORPH=empty
ses	son4	DETpos	MORPH=empty
bliauz	blïaut	NOMcom	MORPH=empty
,	,	PONfbl	MORPH=empty
d'	de	PRE	MORPH=empty
une	un	DETndf	MORPH=empty
porpre	porpre1	NOMcom	MORPH=empty
noire	noir	ADJqua	MORPH=empty
,	,	PONfbl	MORPH=empty
estelee	esteler2	VERppe	MORPH=empty
de	de	PRE	MORPH=empty
vair	vair2	NOMcom	MORPH=empty
,	,	PONfbl	MORPH=empty
et	et	CONcoo	MORPH=empty
n'	ne1	ADVneg	MORPH=empty
ert	estre1	VERcjg	MORPH=empty
mie	mie	ADVneg	MORPH=empty
pelee	peler2	VERppe	MORPH=empty
la	le	DETdef	MORPH=empty
pane	pene	NOMcom	MORPH=empty
qui	qui	PROrel	MORPH=empty
d'	de	PRE	MORPH=empty
ermine	ermine	NOMcom	MORPH=empty
fu	estre1	VERcjg	MORPH=empty
.	.	PONfrt	MORPH=empty
D'	de	PRE	MORPH=empty
un	un	DETndf	MORPH=empty
sebelin	sabel1in	NOMcom	MORPH=empty
noir	noir	ADJqua	MORPH=empty
et	et	CONcoo	MORPH=empty
chenu	chenu	ADJqua	MORPH=empty
,	,	PONfbl	MORPH=empty
qui	qui	PROrel	MORPH=empty
n'	ne1	ADVneg	MORPH=empty
estoit	estre1	VERcjg	MORPH=empty
trop	trop	ADVgen	MORPH=empty
lons	lonc	ADJqua	MORPH=empty
ne	ne2	CONcoo	MORPH=empty
trop	trop	ADVgen	MORPH=empty
lez	lé	ADJqua	MORPH=empty
,	,	PONfbl	MORPH=empty
fu	estre1	VERcjg	MORPH=empty
li	le	DETdef	MORPH=empty
mantiax	mantel	NOMcom	MORPH=empty
au	a3+le	PRE.DETdef	MORPH=empty
col	col	NOMcom	MORPH=empty
orlez	orler	VERppe	MORPH=empty
.	.	PONfrt	MORPH=empty
Et	et	CONcoo	MORPH=empty
se	se	CONsub	MORPH=empty
je	je	PROper	MORPH=empty
onques	onque	ADVgen	MORPH=empty
fis	faire	VERcjg	MORPH=empty
devise	devise	NOMcom	MORPH=empty
an	en1	PRE	MORPH=empty
biauté	biauté	NOMcom	MORPH=empty
que	que2	PROrel	MORPH=empty
Dex	Dieu	NOMpro	MORPH=empty
eüst	avoir	VERcjg	MORPH=empty
mise	metre2	VERppe	MORPH=empty
an	en1	PRE	MORPH=empty
cors	cors1	NOMcom	MORPH=empty
de	de	PRE	MORPH=empty
fame	feme	NOMcom	MORPH=empty
ne	ne2	CONcoo	MORPH=empty
an	en1	PRE	MORPH=empty
face	face	NOMcom	MORPH=empty
,	,	PONfbl	MORPH=empty
or	or4	ADVgen	MORPH=empty
me	je	PROper	MORPH=empty
plest	plaire	VERcjg	MORPH=empty
que	que4	CONsub	MORPH=empty
une	un	PROind	MORPH=empty
an	en2	PROadv	MORPH=empty
reface	refaire1	VERcjg	MORPH=empty
ou	où	PROrel	MORPH=empty
ge	je	PROper	MORPH=empty
ne	ne1	ADVneg	MORPH=empty
mantirai	mentir	VERcjg	MORPH=empty
de	de	PRE	MORPH=empty
mot	mot	NOMcom	MORPH=empty
.	.	PONfrt	MORPH=empty
Desliee	desliier	VERppe	MORPH=empty
fu	estre1	VERcjg	MORPH=empty
,	,	PONfbl	MORPH=empty
et	et	CONcoo	MORPH=empty
si	si	ADVgen	MORPH=empty
ot	avoir	VERcjg	MORPH=empty
les	le	DETdef	MORPH=empty
chevox	chevel	NOMcom	MORPH=empty
tex	tel	ADJind	MORPH=empty
,	,	PONfbl	MORPH=empty
s'	se	CONsub	MORPH=empty
estre	estre1	VERinf	MORPH=empty
poïst	pöoir	VERcjg	MORPH=empty
,	,	PONfbl	MORPH=empty
que	que4	CONsub	MORPH=empty
bien	bien1	ADVgen	MORPH=empty
cuidast	cuidier1	VERcjg	MORPH=empty
qui	qui	PROrel	MORPH=empty
les	il	PROper	MORPH=empty
veïst	vëoir	VERcjg	MORPH=empty
que	que4	CONsub	MORPH=empty
il	il	PROper	MORPH=empty
fussent	estre1	VERcjg	MORPH=empty
tuit	tot	PROind	MORPH=empty
de	de	PRE	MORPH=empty
fin	fin2	ADJqua	MORPH=empty
or	or1	NOMcom	MORPH=empty
,	,	PONfbl	MORPH=empty
tant	tant	ADVgen	MORPH=empty
estoient	estre1	VERcjg	MORPH=empty
luisant	luisir	VERppa	MORPH=empty
et	et	CONcoo	MORPH=empty
sor	sor1	ADJqua	MORPH=empty
.	.	PONfrt	MORPH=empty
Le	le	DETdef	MORPH=empty
front	front	NOMcom	MORPH=empty
ot	avoir	VERcjg	MORPH=empty
blanc	blanc	ADJqua	MORPH=empty
et	et	CONcoo	MORPH=empty
haut	haut	ADJqua	MORPH=empty
et	et	CONcoo	MORPH=empty
plain	plain	ADJqua	MORPH=empty
con	come1	CONsub	MORPH=empty
se	se	CONsub	MORPH=empty
il	il	PROper	MORPH=empty
fust	estre1	VERcjg	MORPH=empty
ovrez	ovrer	VERppe	MORPH=empty
de	de	PRE	MORPH=empty
main	main2	NOMcom	MORPH=empty
,	,	PONfbl	MORPH=empty
que	que4	CONsub	MORPH=empty
de	de	PRE	MORPH=empty
main	main2	NOMcom	MORPH=empty
d'	de	PRE	MORPH=empty
ome	ome	NOMcom	MORPH=empty
l'	le	DETdef	MORPH=empty
uevre	uevre	NOMcom	MORPH=empty
fust	estre1	VERcjg	MORPH=empty
de	de	PRE	MORPH=empty
pierre	piere	NOMcom	MORPH=empty
ou	o3	CONcoo	MORPH=empty
d'	de	PRE	MORPH=empty
ivoire	ivoire	NOMcom	MORPH=empty
ou	o3	CONcoo	MORPH=empty
de	de	PRE	MORPH=empty
fust	fust1	NOMcom	MORPH=empty
;	;	PONfbl	MORPH=empty
sorcix	sorcil	NOMcom	MORPH=empty
brunez	brunet	ADJqua	MORPH=empty
et	et	CONcoo	MORPH=empty
large	large	ADJqua	MORPH=empty
antruel	entr'ueil	NOMcom	MORPH=empty
;	;	PONfbl	MORPH=empty
an	en1	PRE	MORPH=empty
la	le	DETdef	MORPH=empty
teste	teste	NOMcom	MORPH=empty
furent	estre1	VERcjg	MORPH=empty
li	le	DETdef	MORPH=empty
oel	ueil	NOMcom	MORPH=empty
riant	rire	VERppa	MORPH=empty
et	et	CONcoo	MORPH=empty
veir	vair1	ADJqua	MORPH=empty
et	et	CONcoo	MORPH=empty
cler	cler	ADJqua	MORPH=empty
,	,	PONfbl	MORPH=empty
fandu	fendre	VERppe	MORPH=empty
.	.	PONfrt	MORPH=empty
Le	le	DETdef	MORPH=empty
nes	nés	NOMcom	MORPH=empty
ot	avoir	VERcjg	MORPH=empty
droit	droit	ADJqua	MORPH=empty
et	et	CONcoo	MORPH=empty
estandu	estendre	VERppe	MORPH=empty
,	,	PONfbl	MORPH=empty
et	et	CONcoo	MORPH=empty
mialz	mieus	ADVgen	MORPH=empty
li	il	PROper	MORPH=empty
avenoit	avenant	VERcjg	MORPH=empty
el	en1+le	PRE.DETdef	MORPH=empty
vis	vis1	NOMcom	MORPH=empty
li	le	DETdef	MORPH=empty
vermauz	vermeil1	ADJqua	MORPH=empty
sor	sor2	PRE	MORPH=empty
le	le	DETdef	MORPH=empty
blanc	blanc	ADJqua	MORPH=empty
asis	asseoir	VERppe	MORPH=empty
que	que4	CONsub	MORPH=empty
li	le	DETdef	MORPH=empty
sinoples	sinople	NOMcom	MORPH=empty
sor	sor2	PRE	MORPH=empty
l'	le	DETdef	MORPH=empty
argent	argent	NOMcom	MORPH=empty
.	.	PONfrt	MORPH=empty
Por	por2	PRE	MORPH=empty
anbler	embler	VERinf	MORPH=empty
san	sen2	NOMcom	MORPH=empty
et	et	CONcoo	MORPH=empty
cuer	cuer2	NOMcom	MORPH=empty
de	de	PRE	MORPH=empty
gent	gent1	NOMcom	MORPH=empty
fist	faire	VERcjg	MORPH=empty
Dex	Dieu	NOMpro	MORPH=empty
de	de	PRE	MORPH=empty
li	il	PROper	MORPH=empty
passemervoille	passemervoille	NOMcom	MORPH=empty
,	,	PONfbl	MORPH=empty
n'	ne2	CONcoo	MORPH=empty
onques	onque	ADVgen	MORPH=empty
puis	puis	ADVgen	MORPH=empty
ne	ne1	ADVneg	MORPH=empty
fist	faire	VERcjg	MORPH=empty
la	le	DETdef	MORPH=empty
paroille	pareil	ADJqua	MORPH=empty
ne	ne2	CONcoo	MORPH=empty
devant	devant	ADVgen	MORPH=empty
feite	faire	VERppe	MORPH=empty
ne	ne1	ADVneg	MORPH=empty
l'	il	PROper	MORPH=empty
avoit	avoir	VERcjg	MORPH=empty
.	.	PONfrt	MORPH=empty
Et	et	CONcoo	MORPH=empty
quant	cant1	CONsub	MORPH=empty
li	le	DETdef	MORPH=empty
chevaliers	chevalier	NOMcom	MORPH=empty
la	il	PROper	MORPH=empty
voit	vëoir	VERcjg	MORPH=empty
,	,	PONfbl	MORPH=empty
si	si	ADVgen	MORPH=empty
la	il	PROper	MORPH=empty
salue	salüer	VERcjg	MORPH=empty
,	,	PONfbl	MORPH=empty
et	et	CONcoo	MORPH=empty
ele	il	PROper	MORPH=empty
lui	il	PROper	MORPH=empty
,	,	PONfbl	MORPH=empty
et	et	CONcoo	MORPH=empty
li	le	DETdef	MORPH=empty
chevalier	chevalier	NOMcom	MORPH=empty
amedui	ambedos	ADJcar	MORPH=empty
;	;	PONfbl	MORPH=empty
et	et	CONcoo	MORPH=empty
la	le	DETdef	MORPH=empty
dameisele	damoisele	NOMcom	MORPH=empty
le	il	PROper	MORPH=empty
prant	prendre	VERcjg	MORPH=empty
par	par	PRE	MORPH=empty
la	le	DETdef	MORPH=empty
main	main2	NOMcom	MORPH=empty
deboneremant	debonairement	ADVgen	MORPH=empty
,	,	PONfbl	MORPH=empty
et	et	CONcoo	MORPH=empty
dist	dire	VERcjg	MORPH=empty
:	:	PONfbl	MORPH=empty
"	"	PONpxx	MORPH=empty
Biau	bel1	ADJqua	MORPH=empty
frere	frere	NOMcom	MORPH=empty
,	,	PONfbl	MORPH=empty
vostre	vostre	DETpos	MORPH=empty
ostex	ostel	NOMcom	MORPH=empty
certes	certes	ADVgen	MORPH=empty
n'	ne1	ADVneg	MORPH=empty
iert	estre1	VERcjg	MORPH=empty
pas	pas	ADVneg	MORPH=empty
anquenuit	enquenuit	ADVgen	MORPH=empty
tex	tel	ADJind	MORPH=empty
con	come1	CONsub	MORPH=empty
a	a3	PRE	MORPH=empty
prodome	pro	NOMcom	MORPH=empty
covandroit	covenir	VERcjg	MORPH=empty
.	.	PONfrt	MORPH=empty
Mes	mais1	CONcoo	MORPH=empty
qui	qui	PROrel	MORPH=empty
vos	vos	PROper	MORPH=empty
diroit	dire	VERcjg	MORPH=empty
or	or4	ADVgen	MORPH=empty
androit	endroit	ADVgen	MORPH=empty
tot	tot	DETind	MORPH=empty
nostre	nostre	DETpos	MORPH=empty
covine	covine	NOMcom	MORPH=empty
et	et	CONcoo	MORPH=empty
nostre	nostre	DETpos	MORPH=empty
estre	estre2	NOMcom	MORPH=empty
,	,	PONfbl	MORPH=empty
vos	vos	PROper	MORPH=empty
cuidereiez	cuidier1	VERcjg	MORPH=empty
,	,	PONfbl	MORPH=empty
puet	pöoir	VERcjg	MORPH=empty
cel	cel	PROdem	MORPH=empty
estre	estre1	VERinf	MORPH=empty
,	,	PONfbl	MORPH=empty
que	que4	CONsub	MORPH=empty
de	de	PRE	MORPH=empty
malvestié	mauvaistié	NOMcom	MORPH=empty
le	il	PROper	MORPH=empty
deïsse	dire	VERcjg	MORPH=empty
por	por2	PRE	MORPH=empty
ce	ce1	PROdem	MORPH=empty
qu'	que4	CONsub	MORPH=empty
aler	aler	VERinf	MORPH=empty
vos	vos	PROper	MORPH=empty
an	en2	PROadv	MORPH=empty
feïsse	faire	VERcjg	MORPH=empty
.	.	PONfrt	MORPH=empty
Mes	mais1	CONcoo	MORPH=empty
se	se	CONsub	MORPH=empty
vos	vos	PROper	MORPH=empty
plest	plaire	VERcjg	MORPH=empty
,	,	PONfbl	MORPH=empty
or	or4	ADVgen	MORPH=empty
remenez	remanoir	VERcjg	MORPH=empty
,	,	PONfbl	MORPH=empty
l'	le	DETdef	MORPH=empty
ostel	ostel	NOMcom	MORPH=empty
tel	tel	ADJind	MORPH=empty
con	come1	CONsub	MORPH=empty
il	il	PROper	MORPH=empty
est	estre1	VERcjg	MORPH=empty
prenez	prendre	VERcjg	MORPH=empty
,	,	PONfbl	MORPH=empty
et	et	CONcoo	MORPH=empty
Dex	Dieu	NOMpro	MORPH=empty
vos	vos	PROper	MORPH=empty
doint	doner	VERcjg	MORPH=empty
meillor	meillor	ADJqua	MORPH=empty
demain	demain	ADVgen	MORPH=empty
.	.	PONfrt	MORPH=empty
"	"	PONpxx	MORPH=empty
Ensi	ainsi	ADVgen	MORPH=empty
l'	il	PROper	MORPH=empty
an	en2	PROadv	MORPH=empty
mainne	mener	VERcjg	MORPH=empty
par	par	PRE	MORPH=empty
la	le	DETdef	MORPH=empty
main	main2	NOMcom	MORPH=empty
jusqu'	jusque	PRE	MORPH=empty
an	en1	PRE	MORPH=empty
une	un	DETndf	MORPH=empty
chanbre	chambre1	NOMcom	MORPH=empty
celee	celer2	VERppe	MORPH=empty
,	,	PONfbl	MORPH=empty
qui	qui	PROrel	MORPH=empty
mout	mout	ADVgen	MORPH=empty
ert	estre1	VERcjg	MORPH=empty
bele	bel1	ADJqua	MORPH=empty
et	et	CONcoo	MORPH=empty
longue	lonc	ADJqua	MORPH=empty
et	et	CONcoo	MORPH=empty
lee	lé	ADJqua	MORPH=empty
.	.	PONfrt	MORPH=empty
Sor	sor2	PRE	MORPH=empty
une	un	DETndf	MORPH=empty
coute	coute	NOMcom	MORPH=empty
de	de	PRE	MORPH=empty
samit	samit	NOMcom	MORPH=empty
qui	qui	PROrel	MORPH=empty
fu	estre1	VERcjg	MORPH=empty
tandue	tendre1	VERppe	MORPH=empty
sor	sor2	PRE	MORPH=empty
.i.	un	DETndf	MORPH=empty
lit	lit1	NOMcom	MORPH=empty
se	soi1	PROper	MORPH=empty
sont	estre1	VERcjg	MORPH=empty
leanz	laienz	ADVgen	MORPH=empty
andui	ambedos	PROcar	MORPH=empty
asis	asseoir	VERppe	MORPH=empty
.	.	PONfrt	MORPH=empty
Chevalier	chevalier	NOMcom	MORPH=empty
quatre	catre	PROcar	MORPH=empty
,	,	PONfbl	MORPH=empty
cinc	cinc	PROcar	MORPH=empty
et	et	CONcoo	MORPH=empty
sis	sis2	PROcar	MORPH=empty
vindrent	venir	VERcjg	MORPH=empty
leanz	laienz	ADVgen	MORPH=empty
et	et	CONcoo	MORPH=empty
si	si	ADVgen	MORPH=empty
se	soi1	PROper	MORPH=empty
sistrent	sëoir	VERcjg	MORPH=empty
par	par	PRE	MORPH=empty
tropeax	tropel	NOMcom	MORPH=empty
et	et	CONcoo	MORPH=empty
mot	mot	NOMcom	MORPH=empty
ne	ne1	ADVneg	MORPH=empty
distrent	dire	VERcjg	MORPH=empty
,	,	PONfbl	MORPH=empty
et	et	CONcoo	MORPH=empty
virent	vëoir	VERcjg	MORPH=empty
celui	cel	PROdem	MORPH=empty
qui	qui	PROrel	MORPH=empty
se	soi1	PROper	MORPH=empty
sist	sëoir	VERcjg	MORPH=empty
delez	dalez	PRE	MORPH=empty
lor	lor2	DETpos	MORPH=empty
dame	dame	NOMcom	MORPH=empty
et	et	CONcoo	MORPH=empty
mot	mot	NOMcom	MORPH=empty
ne	ne1	ADVneg	MORPH=empty
dist	dire	VERcjg	MORPH=empty
.	.	PONfrt	MORPH=empty
Por	por2	PRE	MORPH=empty
ce	ce1	PROdem	MORPH=empty
de	de	PRE	MORPH=empty
parler	parler	VERinf	MORPH=empty
se	soi1	PROper	MORPH=empty
tenoit	tenir1	VERcjg	MORPH=empty
que	que4	CONsub	MORPH=empty
del	de+le	PRE.DETdef	MORPH=empty
chasti	chasti	NOMcom	MORPH=empty
li	il	PROper	MORPH=empty
sovenoit	sovenir	VERcjg	MORPH=empty
que	que2	PROrel	MORPH=empty
li	le	DETdef	MORPH=empty
prodon	pro	NOMcom	MORPH=empty
li	il	PROper	MORPH=empty
avoit	avoir	VERcjg	MORPH=empty
fet	faire	VERppe	MORPH=empty
;	;	PONfbl	MORPH=empty
s'	si	ADVgen	MORPH=empty
an	en2	PROadv	MORPH=empty
tenoient	tenir1	VERcjg	MORPH=empty
antr'	entre	PRE	MORPH=empty
ax	il	PROper	MORPH=empty
grant	grant	ADJqua	MORPH=empty
plet	plait	NOMcom	MORPH=empty
tuit	tot	DETind	MORPH=empty
li	le	DETdef	MORPH=empty
chevalier	chevalier	NOMcom	MORPH=empty
a	a3	PRE	MORPH=empty
consoil	conseil	NOMcom	MORPH=empty
.	.	PONfrt	MORPH=empty
"	"	PONpxx	MORPH=empty
Dex	Dieu	NOMpro	MORPH=empty
,	,	PONfbl	MORPH=empty
fet	faire	VERcjg	MORPH=empty
chascuns	chascun	PROind	MORPH=empty
,	,	PONfbl	MORPH=empty
mout	mout	ADVgen	MORPH=empty
me	je	PROper	MORPH=empty
mervoil	merveillier	VERcjg	MORPH=empty
se	se	CONsub	MORPH=empty
cil	cel	DETdem	MORPH=empty
chevaliers	chevalier	NOMcom	MORPH=empty
est	estre1	VERcjg	MORPH=empty
muiax	müel	ADJqua	MORPH=empty
.	.	PONfrt	MORPH=empty
Granz	grant	ADJqua	MORPH=empty
diax	duel	NOMcom	MORPH=empty
seroit	estre1	VERcjg	MORPH=empty
,	,	PONfbl	MORPH=empty
c'	que4	CONsub	MORPH=empty
onques	onque	ADVgen	MORPH=empty
si	si	ADVgen	MORPH=empty
biax	bel1	ADJqua	MORPH=empty
chevaliers	chevalier	NOMcom	MORPH=empty
ne	ne1	ADVneg	MORPH=empty
fu	estre1	VERcjg	MORPH=empty
nez	naistre	VERppe	MORPH=empty
de	de	PRE	MORPH=empty
fame	feme	NOMcom	MORPH=empty
.	.	PONfrt	MORPH=empty
Mout	mout	ADVgen	MORPH=empty
avient	avenant	VERcjg	MORPH=empty
bien	bien1	ADVgen	MORPH=empty
delez	dalez	PRE	MORPH=empty
ma	mon1	DETpos	MORPH=empty
dame	dame	NOMcom	MORPH=empty
,	,	PONfbl	MORPH=empty
et	et	CONcoo	MORPH=empty
ma	mon1	DETpos	MORPH=empty
dame	dame	NOMcom	MORPH=empty
ausi	aussi	ADVgen	MORPH=empty
delez	dalez	PRE	MORPH=empty
lui	il	PROper	MORPH=empty
.	.	PONfrt	MORPH=empty
S'	se	CONsub	MORPH=empty
il	il	PROper	MORPH=empty
ne	ne1	ADVneg	MORPH=empty
fussent	estre1	VERcjg	MORPH=empty
muël	müel	ADJqua	MORPH=empty
andui	ambedos	PROcar	MORPH=empty
,	,	PONfbl	MORPH=empty
tant	tant	ADVgen	MORPH=empty
est	estre1	VERcjg	MORPH=empty
cil	cel	PROdem	MORPH=empty
biax	bel1	ADJqua	MORPH=empty
et	et	CONcoo	MORPH=empty
cele	cel	PROdem	MORPH=empty
bele	bel1	ADJqua	MORPH=empty
c'	que4	CONsub	MORPH=empty
onques	onque	ADVgen	MORPH=empty
chevaliers	chevalier	NOMcom	MORPH=empty
ne	ne2	CONcoo	MORPH=empty
pucele	pucele	NOMcom	MORPH=empty
si	si	ADVgen	MORPH=empty
bien	bien1	ADVgen	MORPH=empty
n'	ne1	ADVneg	MORPH=empty
avindrent	avenant	VERcjg	MORPH=empty
mes	mais1	ADVgen	MORPH=empty
ansanble	ensemble	ADVgen	MORPH=empty
,	,	PONfbl	MORPH=empty
que	que4	CONcoo	MORPH=empty
de	de	PRE	MORPH=empty
l'	le	DETdef	MORPH=empty
un	un	PROind	MORPH=empty
et	et	CONcoo	MORPH=empty
de	de	PRE	MORPH=empty
l'	le	DETdef	MORPH=empty
autre	autre	PROind	MORPH=empty
sanble	sembler	VERcjg	MORPH=empty
que	que4	CONsub	MORPH=empty
Dex	Dieu	NOMpro	MORPH=empty
l'	le	DETdef	MORPH=empty
un	un	PROind	MORPH=empty
por	por2	PRE	MORPH=empty
l'	le	DETdef	MORPH=empty
autre	autre	PROind	MORPH=empty
feïst	faire	VERcjg	MORPH=empty
por	por2	PRE	MORPH=empty
ce	ce1	PROdem	MORPH=empty
qu'	que4	CONsub	MORPH=empty
ansanble	ensemble	ADVgen	MORPH=empty
les	il	PROper	MORPH=empty
meïst	metre2	VERcjg	MORPH=empty
.	.	PONfrt	MORPH=empty
"	"	PONpxx	MORPH=empty
Et	et	CONcoo	MORPH=empty
tuit	tot	DETind	MORPH=empty
cil	cel	PROdem	MORPH=empty
qui	qui	PROrel	MORPH=empty
leanz	laienz	ADVgen	MORPH=empty
estoient	estre1	VERcjg	MORPH=empty
antr'	entre	PRE	MORPH=empty
ax	il	PROper	MORPH=empty
grant	grant	ADJqua	MORPH=empty
parole	parole	NOMcom	MORPH=empty
an	en2	PROadv	MORPH=empty
feisoient	faire	VERcjg	MORPH=empty
,	,	PONfbl	MORPH=empty
et	et	CONcoo	MORPH=empty
la	le	DETdef	MORPH=empty
dameisele	damoisele	NOMcom	MORPH=empty
atandoit	atendre	VERcjg	MORPH=empty
qu'	que4	CONsub	MORPH=empty
il	il	PROper	MORPH=empty
l'	il	PROper	MORPH=empty
aparlast	aparler	VERcjg	MORPH=empty
de	de	PRE	MORPH=empty
que	que2	PROrel	MORPH=empty
que	que2	PROrel	MORPH=empty
soit	estre1	VERcjg	MORPH=empty
,	,	PONfbl	MORPH=empty
tant	tant	ADVgen	MORPH=empty
qu'	que4	CONsub	MORPH=empty
ele	il	PROper	MORPH=empty
vit	vëoir	VERcjg	MORPH=empty
tres	très	ADVgen	MORPH=empty
bien	bien1	ADVgen	MORPH=empty
et	et	CONcoo	MORPH=empty
sot	savoir	VERcjg	MORPH=empty
que	que4	CONsub	MORPH=empty
il	il	PROper	MORPH=empty
ne	ne1	ADVneg	MORPH=empty
li	il	PROper	MORPH=empty
diroit	dire	VERcjg	MORPH=empty
ja	ja	ADVgen	MORPH=empty
mot	mot	NOMcom	MORPH=empty
s'	se	CONsub	MORPH=empty
ele	il	PROper	MORPH=empty
ne	ne1	ADVneg	MORPH=empty
l'	il	PROper	MORPH=empty
aresnoit	araisnier	VERcjg	MORPH=empty
avant	avant	ADVgen	MORPH=empty
.	.	PONfrt	MORPH=empty
Et	et	CONcoo	MORPH=empty
dist	dire	VERcjg	MORPH=empty
mout	mout	ADVgen	MORPH=empty
deboneremant	debonairement	ADVgen	MORPH=empty
:	:	PONfbl	MORPH=empty
"	"	PONpxx	MORPH=empty
Sire	seignor	NOMcom	MORPH=empty
,	,	PONfbl	MORPH=empty
don	dont	PROint	MORPH=empty
venistes	venir	VERcjg	MORPH=empty
vos	vos	PROper	MORPH=empty
hui	ui	ADVgen	MORPH=empty
?	?	PONfrt	MORPH=empty
Dameisele	damoisele	NOMcom	MORPH=empty
,	,	PONfbl	MORPH=empty
fet	faire	VERcjg	MORPH=empty
il	il	PROper	MORPH=empty
,	,	PONfbl	MORPH=empty
je	je	PROper	MORPH=empty
jui	jesir	VERcjg	MORPH=empty
chiés	chiés	PRE	MORPH=empty
.i.	un	DETndf	MORPH=empty
prodome	pro	NOMcom	MORPH=empty
an	en1	PRE	MORPH=empty
.i.	un	DETndf	MORPH=empty
chastel	chastel	NOMcom	MORPH=empty
,	,	PONfbl	MORPH=empty
ou	où	PROrel	MORPH=empty
j'	je	PROper	MORPH=empty
oi	avoir	VERcjg	MORPH=empty
ostel	ostel	NOMcom	MORPH=empty
et	et	CONcoo	MORPH=empty
bon	bon	ADJqua	MORPH=empty
et	et	CONcoo	MORPH=empty
bel	bel1	ADJqua	MORPH=empty
;	;	PONfbl	MORPH=empty
s'	si	ADVgen	MORPH=empty
i	i2	PROadv	MORPH=empty
a	avoir	VERcjg	MORPH=empty
.v.	5	DETcar	MORPH=empty
torz	tor2	NOMcom	MORPH=empty
forz	fort	ADJqua	MORPH=empty
et	et	CONcoo	MORPH=empty
eslites	eslire	VERppe	MORPH=empty
,	,	PONfbl	MORPH=empty
une	un	DETndf	MORPH=empty
grant	grant	ADJqua	MORPH=empty
et	et	CONcoo	MORPH=empty
.iiii.	4	DETcar	MORPH=empty
petites	petit	ADJqua	MORPH=empty
.	.	PONfrt	MORPH=empty
Ne	ne1	ADVneg	MORPH=empty
sai	savoir	VERcjg	MORPH=empty
tote	tot	DETind	MORPH=empty
l'	le	DETdef	MORPH=empty
uevre	uevre	NOMcom	MORPH=empty
asomer	assomer2	VERinf	MORPH=empty
ne	ne2	CONcoo	MORPH=empty
le	le	DETdef	MORPH=empty
chastel	chastel	NOMcom	MORPH=empty
ne	ne1	ADVneg	MORPH=empty
sai	savoir	VERcjg	MORPH=empty
nomer	nomer	VERinf	MORPH=empty
,	,	PONfbl	MORPH=empty
mes	mais1	CONcoo	MORPH=empty
je	je	PROper	MORPH=empty
sai	savoir	VERcjg	MORPH=empty
bien	bien1	ADVgen	MORPH=empty
que	que4	CONsub	MORPH=empty
li	le	DETdef	MORPH=empty
prodon	pro	NOMcom	MORPH=empty
Gornemanz	Gornemant	NOMpro	MORPH=empty
de	de	PRE	MORPH=empty
Gohorz	Gohort	NOMpro	MORPH=empty
a	avoir	VERcjg	MORPH=empty
non	nom	NOMcom	MORPH=empty
.	.	PONfrt	MORPH=empty
Ha	ha	INJ	MORPH=empty
!	!	PONfrt	MORPH=empty
biax	bel1	ADJqua	MORPH=empty
amis	ami	NOMcom	MORPH=empty
,	,	PONfbl	MORPH=empty
fet	faire	VERcjg	MORPH=empty
la	le	DETdef	MORPH=empty
pucele	pucele	NOMcom	MORPH=empty
,	,	PONfbl	MORPH=empty
mout	mout	ADVgen	MORPH=empty
est	estre1	VERcjg	MORPH=empty
vostre	vostre	DETpos	MORPH=empty
parole	parole	NOMcom	MORPH=empty
bele	bel1	ADJqua	MORPH=empty
et	et	CONcoo	MORPH=empty
mout	mout	ADVgen	MORPH=empty
avez	avoir	VERcjg	MORPH=empty
dit	dire	VERppe	MORPH=empty
que	que4	CONsub	MORPH=empty
cortois	cortois	ADJqua	MORPH=empty
.	.	PONfrt	MORPH=empty
Gré	gré2	NOMcom	MORPH=empty
vos	vos	PROper	MORPH=empty
an	en2	PROadv	MORPH=empty
sache	savoir	VERcjg	MORPH=empty
Dex	Dieu	NOMpro	MORPH=empty
li	le	DETdef	MORPH=empty
rois	roi2	NOMcom	MORPH=empty
qant	cant1	CONsub	MORPH=empty
vos	vos	PROper	MORPH=empty
prodome	pro	NOMcom	MORPH=empty
l'	il	PROper	MORPH=empty
apelastes	apeler	VERcjg	MORPH=empty
.	.	PONfrt	MORPH=empty
Onques	onque	ADVgen	MORPH=empty
plus	plus	ADVgen	MORPH=empty
voir	voir	ADJqua	MORPH=empty
mot	mot	NOMcom	MORPH=empty
ne	ne1	ADVneg	MORPH=empty
parlastes	parler	VERcjg	MORPH=empty
,	,	PONfbl	MORPH=empty
qu'	que4	CONcoo	MORPH=empty
il	il	PROper	MORPH=empty
est	estre1	VERcjg	MORPH=empty
prodon	pro	ADJqua	MORPH=empty
,	,	PONfbl	MORPH=empty
par	par	PRE	MORPH=empty
saint	saint	ADJqua	MORPH=empty
Richier	Richier	NOMpro	MORPH=empty
;	;	PONfbl	MORPH=empty
ice	ice1	PROdem	MORPH=empty
puis	pöoir	VERcjg	MORPH=empty
je	je	PROper	MORPH=empty
bien	bien1	ADVgen	MORPH=empty
afichier	afichier	VERinf	MORPH=empty
.	.	PONfrt	MORPH=empty
Et	et	CONcoo	MORPH=empty
sachiez	savoir	VERcjg	MORPH=empty
que	que4	CONsub	MORPH=empty
je	je	PROper	MORPH=empty
sui	estre1	VERcjg	MORPH=empty
sa	son4	DETpos	MORPH=empty
niece	niece	NOMcom	MORPH=empty
,	,	PONfbl	MORPH=empty
mes	mais1	CONcoo	MORPH=empty
je	je	PROper	MORPH=empty
nel	ne1+il	ADVneg.PROper	MORPH=empty
vi	vëoir	VERcjg	MORPH=empty
mout	mout	ADVgen	MORPH=empty
a	avoir	VERcjg	MORPH=empty
grant	grant	ADJqua	MORPH=empty
piece	piece	NOMcom	MORPH=empty
,	,	PONfbl	MORPH=empty
et	et	CONcoo	MORPH=empty
,	,	PONfbl	MORPH=empty
certes	certes	ADVgen	MORPH=empty
,	,	PONfbl	MORPH=empty
puis	puis	ADVgen	MORPH=empty
que	que4	CONsub	MORPH=empty
vos	vos	PROper	MORPH=empty
meüstes	movoir	VERcjg	MORPH=empty
de	de	PRE	MORPH=empty
vostre	vostre	DETpos	MORPH=empty
ostel	ostel	NOMcom	MORPH=empty
,	,	PONfbl	MORPH=empty
ne	ne1	ADVneg	MORPH=empty
queneüstes	conoistre	VERcjg	MORPH=empty
plus	plus	ADVgen	MORPH=empty
prodome	pro	ADJqua	MORPH=empty
,	,	PONfbl	MORPH=empty
mien	mien	DETpos	MORPH=empty
esciant	escïent	NOMcom	MORPH=empty
.	.	PONfrt	MORPH=empty
Mout	mout	ADVgen	MORPH=empty
lié	lié1	ADJqua	MORPH=empty
ostel	ostel	NOMcom	MORPH=empty
et	et	CONcoo	MORPH=empty
mout	mout	ADVgen	MORPH=empty
joiant	joiant	ADJqua	MORPH=empty
vos	vos	PROper	MORPH=empty
fist	faire	VERcjg	MORPH=empty
,	,	PONfbl	MORPH=empty
que	que4	CONcoo	MORPH=empty
il	il	PROper	MORPH=empty
le	il	PROper	MORPH=empty
sot	savoir	VERcjg	MORPH=empty
bien	bien1	ADVgen	MORPH=empty
feire	faire	VERinf	MORPH=empty
come	come1	CONsub	MORPH=empty
prodom	pro	ADJqua	MORPH=empty
et	et	CONcoo	MORPH=empty
deboneire	debonaire	ADJqua	MORPH=empty
,	,	PONfbl	MORPH=empty
puissanz	poissant	ADJqua	MORPH=empty
et	et	CONcoo	MORPH=empty
aeisiez	aaisier	VERppe	MORPH=empty
et	et	CONcoo	MORPH=empty
riches	riche	ADJqua	MORPH=empty
.	.	PONfrt	MORPH=empty
Mes	mais1	CONcoo	MORPH=empty
ceanz	çaienz	ADVgen	MORPH=empty
n'	ne1	ADVneg	MORPH=empty
a	avoir	VERcjg	MORPH=empty
mes	mais1	ADVgen	MORPH=empty
que	que4	CONsub	MORPH=empty
.vi.	6	DETcar	MORPH=empty
miches	miche	NOMcom	MORPH=empty
c'	que2	PROrel	MORPH=empty
uns	un	DETndf	MORPH=empty
miens	mien	ADJpos	MORPH=empty
oncles	oncle	NOMcom	MORPH=empty
mout	mout	ADVgen	MORPH=empty
glorieus	glorïos	ADJqua	MORPH=empty
qui	qui	PROrel	MORPH=empty
est	estre1	VERcjg	MORPH=empty
prieus	prïor	NOMcom	MORPH=empty
,	,	PONfbl	MORPH=empty
mout	mout	ADVgen	MORPH=empty
sainz	saint	ADJqua	MORPH=empty
hom	ome	NOMcom	MORPH=empty
et	et	CONcoo	MORPH=empty
religieus	religïos	ADJqua	MORPH=empty
m'	je	PROper	MORPH=empty
anvea	envoiier	VERcjg	MORPH=empty
por	por2	PRE	MORPH=empty
soper	soper	VERinf	MORPH=empty
enuit	anuit	ADVgen	MORPH=empty
,	,	PONfbl	MORPH=empty
et	et	CONcoo	MORPH=empty
.i.	un	DETndf	MORPH=empty
bocel	bocel3	NOMcom	MORPH=empty
plain	plein	ADJqua	MORPH=empty
de	de	PRE	MORPH=empty
vin	vin	NOMcom	MORPH=empty
cuit	cuire	VERcjg	MORPH=empty
.	.	PONfrt	MORPH=empty
De	de	PRE	MORPH=empty
vitaille	vitaille	NOMcom	MORPH=empty
n'	ne1	ADVneg	MORPH=empty
a	avoir	VERcjg	MORPH=empty
plus	plus	ADVgen	MORPH=empty
ceanz	çaienz	ADVgen	MORPH=empty
,	,	PONfbl	MORPH=empty
fors	fors1	PRE	MORPH=empty
.i.	1	DETcar	MORPH=empty
chevrel	chevrueil	NOMcom	MORPH=empty
c'	que2	PROrel	MORPH=empty
uns	un	DETndf	MORPH=empty
miens	mien	ADJpos	MORPH=empty
sergenz	serjant	NOMcom	MORPH=empty
ocist	ocire	VERcjg	MORPH=empty
hui	ui	ADVgen	MORPH=empty
main	main1	ADVgen	MORPH=empty
d'	de	PRE	MORPH=empty
une	un	DETndf	MORPH=empty
saiete	saiete	NOMcom	MORPH=empty
.	.	PONfrt	MORPH=empty
"	"	PONpxx	MORPH=empty
Atant	atant	ADVgen	MORPH=empty
comande	comander	VERcjg	MORPH=empty
que	que4	CONsub	MORPH=empty
l'	le	DETdef	MORPH=empty
an	on	PROind	MORPH=empty
mete	metre2	VERcjg	MORPH=empty
les	le	DETdef	MORPH=empty
tables	table	NOMcom	MORPH=empty
,	,	PONfbl	MORPH=empty
et	et	CONcoo	MORPH=empty
eles	il	PROper	MORPH=empty
sont	estre1	VERcjg	MORPH=empty
mises	metre2	VERppe	MORPH=empty
,	,	PONfbl	MORPH=empty
et	et	CONcoo	MORPH=empty
les	le	DETdef	MORPH=empty
genz	gent1	NOMcom	MORPH=empty
au	a3+le	PRE.DETdef	MORPH=empty
soper	soper	VERinf	MORPH=empty
asises	asseoir	VERppe	MORPH=empty
.	.	PONfrt	MORPH=empty
Au	a3+le	PRE.DETdef	MORPH=empty
mangier	mangier	VERinf	MORPH=empty
ont	avoir	VERcjg	MORPH=empty
mout	mout	ADVgen	MORPH=empty
petit	petit	ADJqua	MORPH=empty
sis	sëoir	VERppe	MORPH=empty
,	,	PONfbl	MORPH=empty
mes	mais1	CONcoo	MORPH=empty
par	par	PRE	MORPH=empty
mout	mout	ADVgen	MORPH=empty
grant	grant	ADJqua	MORPH=empty
talant	talent	NOMcom	MORPH=empty
l'	il	PROper	MORPH=empty
ont	avoir	VERcjg	MORPH=empty
pris	prendre	VERppe	MORPH=empty
.	.	PONfrt	MORPH=empty
Aprés	après	PRE	MORPH=empty
mangier	mangier	VERinf	MORPH=empty
se	soi1	PROper	MORPH=empty
departirent	departir	VERcjg	MORPH=empty
:	:	PONfbl	MORPH=empty
cil	cel	PROdem	MORPH=empty
remestrent	remanoir	VERcjg	MORPH=empty
,	,	PONfbl	MORPH=empty
qui	qui	PROrel	MORPH=empty
se	soi1	PROper	MORPH=empty
dormirent	dormir	VERcjg	MORPH=empty
,	,	PONfbl	MORPH=empty
qui	qui	PROrel	MORPH=empty
l'	le	DETdef	MORPH=empty
autre	autre	ADJind	MORPH=empty
nuit	nuit	NOMcom	MORPH=empty
veillié	veillier2	VERppe	MORPH=empty
avoient	avoir	VERcjg	MORPH=empty
;	;	PONfbl	MORPH=empty
cil	cel	PROdem	MORPH=empty
s'	soi1	PROper	MORPH=empty
an	en2	PROadv	MORPH=empty
issirent	issir	VERcjg	MORPH=empty
qui	qui	PROrel	MORPH=empty
devoient	devoir	VERcjg	MORPH=empty
la	le	DETdef	MORPH=empty
nuit	nuit	NOMcom	MORPH=empty
par	par	PRE	MORPH=empty
le	le	DETdef	MORPH=empty
chastel	chastel	NOMcom	MORPH=empty
veillier	veillier2	VERinf	MORPH=empty
.	.	PONfrt	MORPH=empty
Sergent	serjant	NOMcom	MORPH=empty
furent	estre1	VERcjg	MORPH=empty
et	et	CONcoo	MORPH=empty
escuier	escuier2	NOMcom	MORPH=empty
.l.	50	PROcar	MORPH=empty
qui	qui	PROrel	MORPH=empty
la	le	DETdef	MORPH=empty
nuit	nuit	NOMcom	MORPH=empty
veillierent	veillier2	VERcjg	MORPH=empty
;	;	PONfbl	MORPH=empty
li	le	DETdef	MORPH=empty
autre	autre	PROind	MORPH=empty
mout	mout	ADVgen	MORPH=empty
se	soi1	PROper	MORPH=empty
traveillierent	travaillier	VERcjg	MORPH=empty
de	de	PRE	MORPH=empty
lor	lor2	DETpos	MORPH=empty
oste	oste	NOMcom	MORPH=empty
bien	bien1	ADVgen	MORPH=empty
aeisier	aaisier	VERinf	MORPH=empty
.	.	PONfrt	MORPH=empty
Biax	bel1	ADJqua	MORPH=empty
dras	drap	NOMcom	MORPH=empty
et	et	CONcoo	MORPH=empty
covertor	covertor	NOMcom	MORPH=empty
mout	mout	ADVgen	MORPH=empty
chier	chier	ADJqua	MORPH=empty
et	et	CONcoo	MORPH=empty
orellier	oreillier3	NOMcom	MORPH=empty
au	a3+le	PRE.DETdef	MORPH=empty
chief	chief1	NOMcom	MORPH=empty
li	il	PROper	MORPH=empty
mestent	metre2	VERcjg	MORPH=empty
cil	cel	PROdem	MORPH=empty
qui	qui	PROrel	MORPH=empty
del	de+le	PRE.DETdef	MORPH=empty
couchier	couchier	VERinf	MORPH=empty
s'	soi1	PROper	MORPH=empty
antremestent	entremetre	VERcjg	MORPH=empty
.	.	PONfrt	MORPH=empty
Trestot	trestot	DETind	MORPH=empty
l'	le	DETdef	MORPH=empty
eise	aise	NOMcom	MORPH=empty
et	et	CONcoo	MORPH=empty
tot	tot	DETind	MORPH=empty
le	le	DETdef	MORPH=empty
delit	delit2	NOMcom	MORPH=empty
qu'	que2	PROrel	MORPH=empty
an	on	PROind	MORPH=empty
saüst	savoir	VERcjg	MORPH=empty
deviser	deviser	VERinf	MORPH=empty
an	en1	PRE	MORPH=empty
lit	lit1	NOMcom	MORPH=empty
ot	avoir	VERcjg	MORPH=empty
li	le	DETdef	MORPH=empty
chevaliers	chevalier	NOMcom	MORPH=empty
cele	cel	DETdem	MORPH=empty
nuit	nuit	NOMcom	MORPH=empty
,	,	PONfbl	MORPH=empty
fors	fors1	ADVgen	MORPH=empty
que	que4	CONsub	MORPH=empty
solemant	solement2	ADVgen	MORPH=empty
le	le	DETdef	MORPH=empty
deduit	deduit	NOMcom	MORPH=empty
de	de	PRE	MORPH=empty
pucele	pucele	NOMcom	MORPH=empty
,	,	PONfbl	MORPH=empty
se	se	CONsub	MORPH=empty
lui	il	PROper	MORPH=empty
pleüst	plaire	VERcjg	MORPH=empty
,	,	PONfbl	MORPH=empty
ou	o3	CONcoo	MORPH=empty
de	de	PRE	MORPH=empty
dame	dame	NOMcom	MORPH=empty
,	,	PONfbl	MORPH=empty
se	se	CONsub	MORPH=empty
li	il	PROper	MORPH=empty
leüst	loisir1	VERcjg	MORPH=empty
.	.	PONfrt	MORPH=empty
Mes	mais1	CONcoo	MORPH=empty
il	il	PROper	MORPH=empty
n'	ne1	ADVneg	MORPH=empty
an	en2	PROadv	MORPH=empty
savoit	savoir	VERcjg	MORPH=empty
nule	nul	DETind	MORPH=empty
rien	rien	NOMcom	MORPH=empty
,	,	PONfbl	MORPH=empty
et	et	CONcoo	MORPH=empty
por	por2	PRE	MORPH=empty
ce	ce1	PROdem	MORPH=empty
vos	vos	PROper	MORPH=empty
di	dire	VERcjg	MORPH=empty
ge	je	PROper	MORPH=empty
mout	mout	ADVgen	MORPH=empty
bien	bien1	ADVgen	MORPH=empty
qu'	que4	CONsub	MORPH=empty
il	il	PROper	MORPH=empty
s'	soi1	PROper	MORPH=empty
andormi	endormir	VERcjg	MORPH=empty
auques	auques	ADVgen	MORPH=empty
par	par	PRE	MORPH=empty
tans	tens	NOMcom	MORPH=empty
,	,	PONfbl	MORPH=empty
qu'	que4	CONcoo	MORPH=empty
il	il	PROper	MORPH=empty
n'	ne1	ADVneg	MORPH=empty
estoit	estre1	VERcjg	MORPH=empty
de	de	PRE	MORPH=empty
rien	rien	PROind	MORPH=empty
an	en1	PRE	MORPH=empty
espans	espens	NOMcom	MORPH=empty
.	.	PONfrt	MORPH=empty
Mes	mais1	CONcoo	MORPH=empty
s'	son4	DETpos	MORPH=empty
ostesse	ostesse	NOMcom	MORPH=empty
pas	pas	ADVneg	MORPH=empty
ne	ne1	ADVneg	MORPH=empty
repose	reposer	VERcjg	MORPH=empty
,	,	PONfbl	MORPH=empty
qui	qui	PROrel	MORPH=empty
estoit	estre1	VERcjg	MORPH=empty
an	en1	PRE	MORPH=empty
sa	son4	DETpos	MORPH=empty
chanbre	chambre1	NOMcom	MORPH=empty
anclose	enclore	VERppe	MORPH=empty
.	.	PONfrt	MORPH=empty
Cil	cel	PROdem	MORPH=empty
dort	dormir	VERcjg	MORPH=empty
a	a3	PRE	MORPH=empty
eise	aise	NOMcom	MORPH=empty
,	,	PONfbl	MORPH=empty
et	et	CONcoo	MORPH=empty
cele	cel	PROdem	MORPH=empty
panse	penser	VERcjg	MORPH=empty
,	,	PONfbl	MORPH=empty
qui	qui	PROrel	MORPH=empty
n'	ne1	ADVneg	MORPH=empty
a	avoir	VERcjg	MORPH=empty
an	en1	PRE	MORPH=empty
li	il	PROper	MORPH=empty
nule	nul	DETind	MORPH=empty
desfanse	defense	NOMcom	MORPH=empty
d'	de	PRE	MORPH=empty
une	un	DETndf	MORPH=empty
bataille	bataille	NOMcom	MORPH=empty
qui	qui	PROrel	MORPH=empty
l'	il	PROper	MORPH=empty
asaut	assalir	VERcjg	MORPH=empty
.	.	PONfrt	MORPH=empty
Mout	mout	ADVgen	MORPH=empty
se	soi1	PROper	MORPH=empty
trestorne	trestorner	VERcjg	MORPH=empty
et	et	CONcoo	MORPH=empty
mout	mout	ADVgen	MORPH=empty
tressaut	tressalir	VERcjg	MORPH=empty
,	,	PONfbl	MORPH=empty
mout	mout	ADVgen	MORPH=empty
se	soi1	PROper	MORPH=empty
degiete	dejeter	VERcjg	MORPH=empty
et	et	CONcoo	MORPH=empty
se	soi1	PROper	MORPH=empty
demainne	demener	VERcjg	MORPH=empty
.	.	PONfrt	MORPH=empty
.I.	un	DETndf	MORPH=empty
mantel	mantel	NOMcom	MORPH=empty
cort	cort2	ADJqua	MORPH=empty
de	de	PRE	MORPH=empty
soie	soie2	NOMcom	MORPH=empty
an	en1	PRE	MORPH=empty
grainne	graine	NOMcom	MORPH=empty
a	avoir	VERcjg	MORPH=empty
afublé	afubler	VERppe	MORPH=empty
sor	sor2	PRE	MORPH=empty
sa	son4	DETpos	MORPH=empty
chemise	chemise	NOMcom	MORPH=empty
,	,	PONfbl	MORPH=empty
si	si	ADVgen	MORPH=empty
s'	soi1	PROper	MORPH=empty
est	estre1	VERcjg	MORPH=empty
en	en1	PRE	MORPH=empty
avanture	aventure	NOMcom	MORPH=empty
mise	metre2	VERppe	MORPH=empty
come	come1	CONsub	MORPH=empty
hardie	hardi	ADJqua	MORPH=empty
et	et	CONcoo	MORPH=empty
corageuse	corajos	ADJqua	MORPH=empty
,	,	PONfbl	MORPH=empty
mes	mais1	CONcoo	MORPH=empty
ce	ce1	PROdem	MORPH=empty
n'	ne1	ADVneg	MORPH=empty
est	estre1	VERcjg	MORPH=empty
mie	mie	ADVneg	MORPH=empty
por	por2	PRE	MORPH=empty
oiseuse	oisose	NOMcom	MORPH=empty
,	,	PONfbl	MORPH=empty
einz	ainz	ADVgen	MORPH=empty
se	soi1	PROper	MORPH=empty
panse	penser	VERcjg	MORPH=empty
que	que4	CONsub	MORPH=empty
ele	il	PROper	MORPH=empty
ira	aler	VERcjg	MORPH=empty
a	a3	PRE	MORPH=empty
son	son4	DETpos	MORPH=empty
oste	oste	NOMcom	MORPH=empty
et	et	CONcoo	MORPH=empty
si	si	ADVgen	MORPH=empty
li	il	PROper	MORPH=empty
dira	dire	VERcjg	MORPH=empty
de	de	PRE	MORPH=empty
son	son4	DETpos	MORPH=empty
afere	afaire2	NOMcom	MORPH=empty
une	un	DETndf	MORPH=empty
partie	partie	NOMcom	MORPH=empty
.	.	PONfrt	MORPH=empty
Lors	lors	ADVgen	MORPH=empty
s'	soi1	PROper	MORPH=empty
est	estre1	VERcjg	MORPH=empty
de	de	PRE	MORPH=empty
son	son4	DETpos	MORPH=empty
lit	lit1	NOMcom	MORPH=empty
departie	departir	VERppe	MORPH=empty
et	et	CONcoo	MORPH=empty
issue	issir	VERppe	MORPH=empty
fors	fors1	ADVgen	MORPH=empty
de	de	PRE	MORPH=empty
sa	son4	DETpos	MORPH=empty
chanbre	chambre1	NOMcom	MORPH=empty
a	a3	PRE	MORPH=empty
tel	tel	DETind	MORPH=empty
peor	pëor	NOMcom	MORPH=empty
que	que4	CONsub	MORPH=empty
tuit	tot	DETind	MORPH=empty
li	le	DETdef	MORPH=empty
manbre	membre	NOMcom	MORPH=empty
li	il	PROper	MORPH=empty
tranblent	trembler1	VERcjg	MORPH=empty
et	et	CONcoo	MORPH=empty
li	le	DETdef	MORPH=empty
cors	cors1	NOMcom	MORPH=empty
li	il	PROper	MORPH=empty
sue	süer	VERcjg	MORPH=empty
.	.	PONfrt	MORPH=empty
Plorant	plorer	VERppa	MORPH=empty
est	estre1	VERcjg	MORPH=empty
de	de	PRE	MORPH=empty
la	le	DETdef	MORPH=empty
chanbre	chambre1	NOMcom	MORPH=empty
issue	issir	VERppe	MORPH=empty
et	et	CONcoo	MORPH=empty
vient	venir	VERcjg	MORPH=empty
au	a3+le	PRE.DETdef	MORPH=empty
lit	lit1	NOMcom	MORPH=empty
ou	où	PROrel	MORPH=empty
cil	cel	PROdem	MORPH=empty
se	soi1	PROper	MORPH=empty
dort	dormir	VERcjg	MORPH=empty
,	,	PONfbl	MORPH=empty
et	et	CONcoo	MORPH=empty
plore	plorer	VERcjg	MORPH=empty
et	et	CONcoo	MORPH=empty
sopire	sospirer	VERcjg	MORPH=empty
mout	mout	ADVgen	MORPH=empty
fort	fort	ADJqua	MORPH=empty
.	.	PONfrt	MORPH=empty
N'	ne1	ADVneg	MORPH=empty
a	avoir	VERcjg	MORPH=empty
hardement	hardement	NOMcom	MORPH=empty
que	que4	CONsub	MORPH=empty
plus	plus	ADVgen	MORPH=empty
li	il	PROper	MORPH=empty
face	faire	VERcjg	MORPH=empty
.	.	PONfrt	MORPH=empty
De	de	PRE	MORPH=empty
ses	son4	DETpos	MORPH=empty
lermes	larme	NOMcom	MORPH=empty
,	,	PONfbl	MORPH=empty
tote	tot	DETind	MORPH=empty
la	le	DETdef	MORPH=empty
face	face	NOMcom	MORPH=empty
,	,	PONfbl	MORPH=empty
plore	plorer	VERcjg	MORPH=empty
tant	tant	ADVgen	MORPH=empty
que	que4	CONsub	MORPH=empty
ele	il	PROper	MORPH=empty
li	il	PROper	MORPH=empty
moille	moillier1	VERcjg	MORPH=empty
.	.	PONfrt	MORPH=empty
Si	si	ADVgen	MORPH=empty
s'	soi1	PROper	MORPH=empty
acline	acliner	VERcjg	MORPH=empty
et	et	CONcoo	MORPH=empty
si	si	ADVgen	MORPH=empty
s'	soi1	PROper	MORPH=empty
agenoille	agenoillier	VERcjg	MORPH=empty
.	.	PONfrt	MORPH=empty
Tant	tant	ADVgen	MORPH=empty
a	avoir	VERcjg	MORPH=empty
ploré	plorer	VERppe	MORPH=empty
que	que4	CONsub	MORPH=empty
cil	cel	PROdem	MORPH=empty
s'	soi1	PROper	MORPH=empty
esvoille	esveillier	VERcjg	MORPH=empty
;	;	PONfbl	MORPH=empty
si	si	ADVgen	MORPH=empty
s'	soi1	PROper	MORPH=empty
esbaïst	esbäir	VERcjg	MORPH=empty
toz	tot	ADVgen	MORPH=empty
et	et	CONcoo	MORPH=empty
mervoille	merveillier	VERcjg	MORPH=empty
de	de	PRE	MORPH=empty
sa	son4	DETpos	MORPH=empty
face	face	NOMcom	MORPH=empty
qu'	que2	PROrel	MORPH=empty
il	il	PROper	MORPH=empty
sent	sentir	VERcjg	MORPH=empty
moilliee	moillier1	VERppe	MORPH=empty
,	,	PONfbl	MORPH=empty
et	et	CONcoo	MORPH=empty
voit	vëoir	VERcjg	MORPH=empty
celi	cel	PROdem	MORPH=empty
agenoilliee	agenoillier	VERppe	MORPH=empty
devant	devant	PRE	MORPH=empty
son	son4	DETpos	MORPH=empty
lit	lit1	NOMcom	MORPH=empty
,	,	PONfbl	MORPH=empty
qui	qui	PROrel	MORPH=empty
le	il	PROper	MORPH=empty
tenoit	tenir1	VERcjg	MORPH=empty
par	par	PRE	MORPH=empty
le	le	DETdef	MORPH=empty
col	col	NOMcom	MORPH=empty
anbracié	embracier	VERppe	MORPH=empty
estroit	estroit	ADJqua	MORPH=empty
.	.	PONfrt	MORPH=empty
Et	et	CONcoo	MORPH=empty
tant	tant	ADVgen	MORPH=empty
de	de	PRE	MORPH=empty
corteisie	cortoisie	NOMcom	MORPH=empty
fist	faire	VERcjg	MORPH=empty
que	que4	CONsub	MORPH=empty
antre	entre	PRE	MORPH=empty
ses	son4	DETpos	MORPH=empty
braz	braz	NOMcom	MORPH=empty
la	il	PROper	MORPH=empty
reprist	reprendre2	VERcjg	MORPH=empty
maintenant	maintenant	ADVgen	MORPH=empty
et	et	CONcoo	MORPH=empty
vers	vers2	PRE	MORPH=empty
lui	il	PROper	MORPH=empty
la	il	PROper	MORPH=empty
trest	traire	VERcjg	MORPH=empty
.	.	PONfrt	MORPH=empty
Si	si	ADVgen	MORPH=empty
li	il	PROper	MORPH=empty
dist	dire	VERcjg	MORPH=empty
:	:	PONfbl	MORPH=empty
"	"	PONpxx	MORPH=empty
Bele	bel1	ADJqua	MORPH=empty
,	,	PONfbl	MORPH=empty
que	que3	PROint	MORPH=empty
vos	vos	PROper	MORPH=empty
plest	plaire	VERcjg	MORPH=empty
?	?	PONfrt	MORPH=empty
Por	por2	PRE	MORPH=empty
qu'	que3	PROint	MORPH=empty
iestes	estre1	VERcjg	MORPH=empty
vos	vos	PROper	MORPH=empty
venue	venir	VERppe	MORPH=empty
ci	ci	ADVgen	MORPH=empty
?	?	PONfrt	MORPH=empty
Ha	ha	INJ	MORPH=empty
!	!	PONfrt	MORPH=empty
gentix	gentil	ADJqua	MORPH=empty
chevaliers	chevalier	NOMcom	MORPH=empty
,	,	PONfbl	MORPH=empty
merci	merci	NOMcom	MORPH=empty
!	!	PONfrt	MORPH=empty
Por	por2	PRE	MORPH=empty
Deu	Dieu	NOMpro	MORPH=empty
vos	vos	PROper	MORPH=empty
pri	priier	VERcjg	MORPH=empty
et	et	CONcoo	MORPH=empty
por	por2	PRE	MORPH=empty
son	son4	DETpos	MORPH=empty
fil	fil2	NOMcom	MORPH=empty
que	que4	CONsub	MORPH=empty
vos	vos	PROper	MORPH=empty
ne	ne1	ADVneg	MORPH=empty
m'	je	PROper	MORPH=empty
an	en2	PROadv	MORPH=empty
aiez	avoir	VERcjg	MORPH=empty
plus	plus	ADVgen	MORPH=empty
vil	vil1	ADJqua	MORPH=empty
de	de	PRE	MORPH=empty
ce	ce1	PROdem	MORPH=empty
que	que4	CONsub	MORPH=empty
je	je	PROper	MORPH=empty
sui	estre1	VERcjg	MORPH=empty
ci	ci	ADVgen	MORPH=empty
venue	venir	VERppe	MORPH=empty
.	.	PONfrt	MORPH=empty
Por	por2	PRE	MORPH=empty
ce	ce1	PROdem	MORPH=empty
que	que4	CONsub	MORPH=empty
je	je	PROper	MORPH=empty
sui	estre1	VERcjg	MORPH=empty
presque	près	ADVgen	MORPH=empty
nue	nu1	ADJqua	MORPH=empty
n'	ne1	ADVneg	MORPH=empty
i	i2	PROadv	MORPH=empty
panssai	penser	VERcjg	MORPH=empty
ge	je	PROper	MORPH=empty
onques	onque	ADVgen	MORPH=empty
folie	folie2	NOMcom	MORPH=empty
ne	ne2	CONcoo	MORPH=empty
malvestié	mauvaistié	NOMcom	MORPH=empty
ne	ne2	CONcoo	MORPH=empty
vilenie	vilenie	NOMcom	MORPH=empty
,	,	PONfbl	MORPH=empty
qu'	que4	CONcoo	MORPH=empty
il	il	PROimp	MORPH=empty
n'	ne1	ADVneg	MORPH=empty
a	avoir	VERcjg	MORPH=empty
el	en1+le	PRE.DETdef	MORPH=empty
monde	monde1	NOMcom	MORPH=empty
rien	rien	PROind	MORPH=empty
qui	qui	PROrel	MORPH=empty
vive	vivre1	VERcjg	MORPH=empty
tant	tant	ADVgen	MORPH=empty
dolante	dolent	ADJqua	MORPH=empty
ne	ne2	CONcoo	MORPH=empty
tant	tant	ADVgen	MORPH=empty
cheitive	chaitif	ADJqua	MORPH=empty
que	que4	CONsub	MORPH=empty
je	je	PROper	MORPH=empty
ne	ne1	ADVneg	MORPH=empty
soie	estre1	VERcjg	MORPH=empty
plus	plus	ADVgen	MORPH=empty
dolante	dolent	ADJqua	MORPH=empty
.	.	PONfrt	MORPH=empty
Rien	rien	PROind	MORPH=empty
que	que2	PROrel	MORPH=empty
j'	je	PROper	MORPH=empty
aie	avoir	VERcjg	MORPH=empty
ne	ne1	ADVneg	MORPH=empty
m'	je	PROper	MORPH=empty
atalante	atalenter	VERcjg	MORPH=empty
,	,	PONfbl	MORPH=empty
c'	que4	CONsub	MORPH=empty
onques	onque	ADVgen	MORPH=empty
nul	nul	DETind	MORPH=empty
jor	jor	NOMcom	MORPH=empty
sanz	sans	PRE	MORPH=empty
mal	mal1	NOMcom	MORPH=empty
ne	ne1	ADVneg	MORPH=empty
fui	estre1	VERcjg	MORPH=empty
.	.	PONfrt	MORPH=empty
Ensi	ainsi	ADVgen	MORPH=empty
maleüree	malëuré	ADJqua	MORPH=empty
sui	estre1	VERcjg	MORPH=empty
que	que4	CONsub	MORPH=empty
je	je	PROper	MORPH=empty
ne	ne1	ADVneg	MORPH=empty
verrai	vëoir	VERcjg	MORPH=empty
ja	ja	ADVgen	MORPH=empty
mes	mais1	ADVgen	MORPH=empty
nuit	nuit	NOMcom	MORPH=empty
que	que4	CONsub	MORPH=empty
solemant	solement2	ADVgen	MORPH=empty
cesti	cest	PROdem	MORPH=empty
d'	de	PRE	MORPH=empty
annuit	anuit	ADVgen	MORPH=empty
,	,	PONfbl	MORPH=empty
ne	ne2	CONcoo	MORPH=empty
jor	jor	NOMcom	MORPH=empty
que	que4	CONsub	MORPH=empty
celui	cel	PROdem	MORPH=empty
de	de	PRE	MORPH=empty
demain	demain	ADVgen	MORPH=empty
,	,	PONfbl	MORPH=empty
ençois	ainçois	ADVgen	MORPH=empty
m'	je	PROper	MORPH=empty
ocirrai	ocire	VERcjg	MORPH=empty
de	de	PRE	MORPH=empty
ma	mon1	DETpos	MORPH=empty
main	main2	NOMcom	MORPH=empty
.	.	PONfrt	MORPH=empty
De	de	PRE	MORPH=empty
.iii.	3	DETcar	MORPH=empty
.c.	100	DETcar	MORPH=empty
chevaliers	chevalier	NOMcom	MORPH=empty
et	et	CONcoo	MORPH=empty
dis	dis1	PROcar	MORPH=empty
don	dont	PROrel	MORPH=empty
cist	cest	DETdem	MORPH=empty
chastiax	chastel	NOMcom	MORPH=empty
estoit	estre1	VERcjg	MORPH=empty
garnis	garnir	VERppe	MORPH=empty
n'	ne1	ADVneg	MORPH=empty
a	avoir	VERcjg	MORPH=empty
ceanz	çaienz	ADVgen	MORPH=empty
remés	remanoir	VERppe	MORPH=empty
que	que4	CONsub	MORPH=empty
cinquante	cincante	PROcar	MORPH=empty
,	,	PONfbl	MORPH=empty
que	que4	CONcoo	MORPH=empty
.ii.	2	PROcar	MORPH=empty
et	et	CONcoo	MORPH=empty
dis	dis1	PROcar	MORPH=empty
moins	moins	ADVgen	MORPH=empty
de	de	PRE	MORPH=empty
seissante	soissante	PROcar	MORPH=empty
en	en2	PROadv	MORPH=empty
a	avoir	VERcjg	MORPH=empty
uns	un	DETndf	MORPH=empty
chevaliers	chevalier	NOMcom	MORPH=empty
mout	mout	ADVgen	MORPH=empty
max	mal1	ADJqua	MORPH=empty
,	,	PONfbl	MORPH=empty
Anguinguerrons	Anguingueron	NOMpro	MORPH=empty
,	,	PONfbl	MORPH=empty
li	le	DETdef	MORPH=empty
seneschax	seneschal	NOMcom	MORPH=empty
Clamadeu	Clamadeu	NOMpro	MORPH=empty
des	de+le	PRE.DETdef	MORPH=empty
Illes	isle	NOMcom	MORPH=empty
,	,	PONfbl	MORPH=empty
menez	mener	VERppe	MORPH=empty
et	et	CONcoo	MORPH=empty
ocis	ocire	VERppe	MORPH=empty
et	et	CONcoo	MORPH=empty
anprisonez	emprisoner	VERppe	MORPH=empty
.	.	PONfrt	MORPH=empty
De	de	PRE	MORPH=empty
cez	ce2	PROdem	MORPH=empty
qui	qui	PROrel	MORPH=empty
sont	estre1	VERcjg	MORPH=empty
an	en1	PRE	MORPH=empty
prison	prison	NOMcom	MORPH=empty
mis	metre2	VERppe	MORPH=empty
me	je	PROper	MORPH=empty
poise	peser	VERcjg	MORPH=empty
autant	autant	ADVgen	MORPH=empty
con	come1	CONsub	MORPH=empty
des	de+le	PRE.DETdef	MORPH=empty
ocis	ocire	VERppe	MORPH=empty
,	,	PONfbl	MORPH=empty
car	car	CONcoo	MORPH=empty
je	je	PROper	MORPH=empty
sai	savoir	VERcjg	MORPH=empty
bien	bien1	ADVgen	MORPH=empty
qu'	que4	CONsub	MORPH=empty
il	il	PROper	MORPH=empty
i	i2	PROadv	MORPH=empty
morront	morir	VERcjg	MORPH=empty
,	,	PONfbl	MORPH=empty
que	que4	CONcoo	MORPH=empty
ja	ja	ADVgen	MORPH=empty
mes	mais1	ADVgen	MORPH=empty
issir	issir	VERinf	MORPH=empty
n'	ne1	ADVneg	MORPH=empty
an	en2	PROadv	MORPH=empty
porront	pöoir	VERcjg	MORPH=empty
.	.	PONfrt	MORPH=empty
Por	por2	PRE	MORPH=empty
moi	je	PROper	MORPH=empty
sont	estre1	VERcjg	MORPH=empty
tant	tant	ADVgen	MORPH=empty
prodome	pro	NOMcom	MORPH=empty
mort	morir	VERppe	MORPH=empty
,	,	PONfbl	MORPH=empty
s'	si	ADVgen	MORPH=empty
est	estre1	VERcjg	MORPH=empty
droiz	droit	ADJqua	MORPH=empty
que	que4	CONsub	MORPH=empty
je	je	PROper	MORPH=empty
m'	je	PROper	MORPH=empty
an	en2	PROadv	MORPH=empty
desconfort	desconforter	VERcjg	MORPH=empty
.	.	PONfrt	MORPH=empty
A	a3	PRE	MORPH=empty
siege	siege	NOMcom	MORPH=empty
a	avoir	VERcjg	MORPH=empty
ci	ci	ADVgen	MORPH=empty
devant	devant	ADVgen	MORPH=empty
esté	estre1	VERppe	MORPH=empty
tot	tot	DETind	MORPH=empty
.i.	1	DETcar	MORPH=empty
iver	iver2	NOMcom	MORPH=empty
et	et	CONcoo	MORPH=empty
.i.	1	DETcar	MORPH=empty
esté	esté1	NOMcom	MORPH=empty
Anguinguerrons	Anguingueron	NOMpro	MORPH=empty
,	,	PONfbl	MORPH=empty
qu'	que4	CONsub	MORPH=empty
il	il	PROper	MORPH=empty
ne	ne1	ADVneg	MORPH=empty
se	soi1	PROper	MORPH=empty
mut	movoir	VERcjg	MORPH=empty
,	,	PONfbl	MORPH=empty
et	et	CONcoo	MORPH=empty
tot	tot	ADVgen	MORPH=empty
adés	adès	ADVgen	MORPH=empty
sa	son4	DETpos	MORPH=empty
force	force2	NOMcom	MORPH=empty
crut	croistre	VERcjg	MORPH=empty
,	,	PONfbl	MORPH=empty
et	et	CONcoo	MORPH=empty
la	le	DETdef	MORPH=empty
nostre	nostre	PROpos	MORPH=empty
est	estre1	VERcjg	MORPH=empty
amenuisiee	amenuisier	VERppe	MORPH=empty
et	et	CONcoo	MORPH=empty
nostre	nostre	DETpos	MORPH=empty
vitaille	vitaille	NOMcom	MORPH=empty
espuisiee	espuisier	VERppe	MORPH=empty
,	,	PONfbl	MORPH=empty
que	que4	CONcoo	MORPH=empty
il	il	PROper	MORPH=empty
n'	ne1	ADVneg	MORPH=empty
en	en2	PROadv	MORPH=empty
a	avoir	VERcjg	MORPH=empty
ceanz	çaienz	ADVgen	MORPH=empty
remeis	remanoir	VERppe	MORPH=empty
don	dont	PROrel	MORPH=empty
se	soi1	PROper	MORPH=empty
poïst	pöoir	VERcjg	MORPH=empty
repestre	repaistre	VERinf	MORPH=empty
un	un	DETndf	MORPH=empty
eis	es1	NOMcom	MORPH=empty
,	,	PONfbl	MORPH=empty
si	si	ADVgen	MORPH=empty
somes	estre1	VERcjg	MORPH=empty
a	a3	PRE	MORPH=empty
tant	tant	ADVgen	MORPH=empty
antreset	entresait	ADVgen	MORPH=empty
que	que4	CONsub	MORPH=empty
demain	demain	ADVgen	MORPH=empty
,	,	PONfbl	MORPH=empty
se	se	CONsub	MORPH=empty
Dex	Dieu	NOMpro	MORPH=empty
ne	ne1	ADVneg	MORPH=empty
le	il	PROper	MORPH=empty
fet	faire	VERcjg	MORPH=empty
,	,	PONfbl	MORPH=empty
li	il	PROper	MORPH=empty
sera	estre1	VERcjg	MORPH=empty
cist	cest	DETdem	MORPH=empty
chastiax	chastel	NOMcom	MORPH=empty
randuz	rendre	VERppe	MORPH=empty
,	,	PONfbl	MORPH=empty
qui	qui	PROrel	MORPH=empty
ne	ne1	ADVneg	MORPH=empty
puet	pöoir	VERcjg	MORPH=empty
estre	estre1	VERinf	MORPH=empty
desfanduz	defendre	VERppe	MORPH=empty
,	,	PONfbl	MORPH=empty
et	et	CONcoo	MORPH=empty
je	je	PROper	MORPH=empty
avoec	avuec	ADVgen	MORPH=empty
come	come1	CONsub	MORPH=empty
cheitive	chaitif	ADJqua	MORPH=empty
.	.	PONfrt	MORPH=empty
Mes	mais1	ADVgen	MORPH=empty
,	,	PONfbl	MORPH=empty
certes	certes	ADVgen	MORPH=empty
,	,	PONfbl	MORPH=empty
einz	ainz	ADVgen	MORPH=empty
que	que4	CONsub	MORPH=empty
il	il	PROper	MORPH=empty
m'	je	PROper	MORPH=empty
ait	avoir	VERcjg	MORPH=empty
vive	vif	ADJqua	MORPH=empty
,	,	PONfbl	MORPH=empty
m'	je	PROper	MORPH=empty
ocirrai	ocire	VERcjg	MORPH=empty
ge	je	PROper	MORPH=empty
,	,	PONfbl	MORPH=empty
si	si	ADVgen	MORPH=empty
m'	je	PROper	MORPH=empty
avra	avoir	VERcjg	MORPH=empty
morte	morir	VERppe	MORPH=empty
,	,	PONfbl	MORPH=empty
puis	puis	ADVgen	MORPH=empty
ne	ne1	ADVneg	MORPH=empty
me	je	PROper	MORPH=empty
chaut	chaloir	VERcjg	MORPH=empty
se	se	CONsub	MORPH=empty
il	il	PROper	MORPH=empty
m'	je	PROper	MORPH=empty
an	en2	PROadv	MORPH=empty
porte	porter	VERcjg	MORPH=empty
.	.	PONfrt	MORPH=empty
Clamadex	Clamadeu	NOMpro	MORPH=empty
,	,	PONfbl	MORPH=empty
qui	qui	PROrel	MORPH=empty
avoir	avoir	VERinf	MORPH=empty
me	je	PROper	MORPH=empty
cuide	cuidier1	VERcjg	MORPH=empty
,	,	PONfbl	MORPH=empty
ne	ne1	ADVneg	MORPH=empty
m'	je	PROper	MORPH=empty
avra	avoir	VERcjg	MORPH=empty
ja	ja	ADVgen	MORPH=empty
,	,	PONfbl	MORPH=empty
s'	se	CONsub	MORPH=empty
il	il	PROper	MORPH=empty
ne	ne1	ADVneg	MORPH=empty
m'	je	PROper	MORPH=empty
a	avoir	VERcjg	MORPH=empty
vuide	vuit	ADJqua	MORPH=empty
de	de	PRE	MORPH=empty
vie	vie1	NOMcom	MORPH=empty
et	et	CONcoo	MORPH=empty
d'	de	PRE	MORPH=empty
ame	ame	NOMcom	MORPH=empty
,	,	PONfbl	MORPH=empty
an	en1	PRE	MORPH=empty
nule	nul	DETind	MORPH=empty
fin	fin1	NOMcom	MORPH=empty
,	,	PONfbl	MORPH=empty
que	que4	CONcoo	MORPH=empty
je	je	PROper	MORPH=empty
gart	garder	VERcjg	MORPH=empty
an	en1	PRE	MORPH=empty
.i.	un	DETndf	MORPH=empty
mien	mien	ADJpos	MORPH=empty
escrin	escring	NOMcom	MORPH=empty
un	un	DETndf	MORPH=empty
costel	coutel	NOMcom	MORPH=empty
tot	tot	ADVgen	MORPH=empty
de	de	PRE	MORPH=empty
fin	fin2	ADJqua	MORPH=empty
acier	acier	NOMcom	MORPH=empty
que	que2	PROrel	MORPH=empty
el	en1+le	PRE.DETdef	MORPH=empty
cors	cors1	NOMcom	MORPH=empty
me	je	PROper	MORPH=empty
voldrai	voloir	VERcjg	MORPH=empty
glacier	glacier	VERinf	MORPH=empty
.	.	PONfrt	MORPH=empty
Itant	itant	ADVgen	MORPH=empty
a	a3	PRE	MORPH=empty
dire	dire	VERinf	MORPH=empty
vos	vos	PROper	MORPH=empty
avoie	avoir	VERcjg	MORPH=empty
.	.	PONfrt	MORPH=empty
Or	or4	ADVgen	MORPH=empty
me	je	PROper	MORPH=empty
remetrai	remetre	VERcjg	MORPH=empty
a	a3	PRE	MORPH=empty
la	le	DETdef	MORPH=empty
voie	voie	NOMcom	MORPH=empty
,	,	PONfbl	MORPH=empty
si	si	ADVgen	MORPH=empty
vos	vos	PROper	MORPH=empty
lesserai	laissier	VERcjg	MORPH=empty
reposer	reposer	VERinf	MORPH=empty
.	.	PONfrt	MORPH=empty
"	"	PONpxx	MORPH=empty
Par	par	PRE	MORPH=empty
tans	tens	NOMcom	MORPH=empty
se	soi1	PROper	MORPH=empty
porra	pöoir	VERcjg	MORPH=empty
aloser	aloser	VERinf	MORPH=empty
li	le	DETdef	MORPH=empty
chevaliers	chevalier	NOMcom	MORPH=empty
,	,	PONfbl	MORPH=empty
se	se	CONsub	MORPH=empty
fere	faire	VERinf	MORPH=empty
l'	il	PROper	MORPH=empty
ose	oser	VERcjg	MORPH=empty
,	,	PONfbl	MORPH=empty
c'	que4	CONsub	MORPH=empty
onques	onque	ADVgen	MORPH=empty
cele	cel	PROdem	MORPH=empty
por	por2	PRE	MORPH=empty
autre	autre	DETind	MORPH=empty
chose	chose	NOMcom	MORPH=empty
ne	ne1	ADVneg	MORPH=empty
vint	venir	VERcjg	MORPH=empty
plorer	plorer	VERinf	MORPH=empty
desor	desor	PRE	MORPH=empty
sa	son4	DETpos	MORPH=empty
face	face	NOMcom	MORPH=empty
,	,	PONfbl	MORPH=empty
que	que2	PROrel	MORPH=empty
que	que2	PROrel	MORPH=empty
ele	il	PROper	MORPH=empty
antandant	entendre	VERppa	MORPH=empty
li	il	PROper	MORPH=empty
face	faire	VERcjg	MORPH=empty
,	,	PONfbl	MORPH=empty
fors	fors1	ADVgen	MORPH=empty
por	por2	PRE	MORPH=empty
ce	ce1	PROdem	MORPH=empty
qu'	que4	CONsub	MORPH=empty
ele	il	PROper	MORPH=empty
li	il	PROper	MORPH=empty
meïst	metre2	VERcjg	MORPH=empty
an	en1	PRE	MORPH=empty
talant	talent	NOMcom	MORPH=empty
que	que4	CONsub	MORPH=empty
il	il	PROper	MORPH=empty
anpreïst	emprendre	VERcjg	MORPH=empty
la	le	DETdef	MORPH=empty
bataille	bataille	NOMcom	MORPH=empty
,	,	PONfbl	MORPH=empty
s'	se	CONsub	MORPH=empty
il	il	PROper	MORPH=empty
l'	il	PROper	MORPH=empty
ose	oser	VERcjg	MORPH=empty
anprandre	emprendre	VERinf	MORPH=empty
,	,	PONfbl	MORPH=empty
por	por2	PRE	MORPH=empty
sa	son4	DETpos	MORPH=empty
terre	terre	NOMcom	MORPH=empty
et	et	CONcoo	MORPH=empty
por	por2	PRE	MORPH=empty
li	il	PROper	MORPH=empty
desfandre	defendre	VERinf	MORPH=empty
.	.	PONfrt	MORPH=empty
Et	et	CONcoo	MORPH=empty
il	il	PROper	MORPH=empty
li	il	PROper	MORPH=empty
dist	dire	VERcjg	MORPH=empty
:	:	PONfbl	MORPH=empty
"	"	PONpxx	MORPH=empty
Amie	ami	NOMcom	MORPH=empty
chiere	chier	ADJqua	MORPH=empty
,	,	PONfbl	MORPH=empty
fetes	faire	VERcjg	MORPH=empty
enuit	anuit	ADVgen	MORPH=empty
mes	mais1	ADVgen	MORPH=empty
bele	bel1	ADJqua	MORPH=empty
chiere	chiere	NOMcom	MORPH=empty
.	.	PONfrt	MORPH=empty
Confortez	conforter	VERcjg	MORPH=empty
vos	vos	PROper	MORPH=empty
,	,	PONfbl	MORPH=empty
ne	ne1	ADVneg	MORPH=empty
plorez	plorer	VERcjg	MORPH=empty
plus	plus	ADVgen	MORPH=empty
et	et	CONcoo	MORPH=empty
vos	vos	PROper	MORPH=empty
traiez	traire	VERcjg	MORPH=empty
vers	vers2	PRE	MORPH=empty
moi	je	PROper	MORPH=empty
ceisus	ça	ADVgen	MORPH=empty
,	,	PONfbl	MORPH=empty
s'	si	ADVgen	MORPH=empty
ostez	oster2	VERcjg	MORPH=empty
les	le	DETdef	MORPH=empty
lermes	larme	NOMcom	MORPH=empty
de	de	PRE	MORPH=empty
voz	vostre	DETpos	MORPH=empty
ialz	ueil	NOMcom	MORPH=empty
.	.	PONfrt	MORPH=empty
Dex	Dieu	NOMpro	MORPH=empty
,	,	PONfbl	MORPH=empty
se	se	CONsub	MORPH=empty
lui	il	PROper	MORPH=empty
plest	plaire	VERcjg	MORPH=empty
,	,	PONfbl	MORPH=empty
vos	vos	PROper	MORPH=empty
donra	doner	VERcjg	MORPH=empty
mialz	mieus	ADVgen	MORPH=empty
demain	demain	ADVgen	MORPH=empty
que	que4	CONsub	MORPH=empty
vos	vos	PROper	MORPH=empty
ne	ne1	ADVneg	MORPH=empty
m'	je	PROper	MORPH=empty
avez	avoir	VERcjg	MORPH=empty
dit	dire	VERppe	MORPH=empty
.	.	PONfrt	MORPH=empty
Lez	lez	PRE	MORPH=empty
moi	je	PROper	MORPH=empty
vos	vos	PROper	MORPH=empty
traiez	traire	VERcjg	MORPH=empty
an	en1	PRE	MORPH=empty
cest	cest	DETdem	MORPH=empty
lit	lit1	NOMcom	MORPH=empty
,	,	PONfbl	MORPH=empty
qu'	que4	CONcoo	MORPH=empty
il	il	PROper	MORPH=empty
est	estre1	VERcjg	MORPH=empty
asez	assez	ADVgen	MORPH=empty
lez	lé	ADJqua	MORPH=empty
a	a3	PRE	MORPH=empty
oés	ues	NOMcom	MORPH=empty
nos	nos1	PROper	MORPH=empty
.	.	PONfrt	MORPH=empty
Hui	ui	ADVgen	MORPH=empty
mes	mais1	ADVgen	MORPH=empty
ne	ne1	ADVneg	MORPH=empty
me	je	PROper	MORPH=empty
lesserez	laissier	VERcjg	MORPH=empty
vos	vos	PROper	MORPH=empty
.	.	PONfrt	MORPH=empty
"	"	PONpxx	MORPH=empty
Et	et	CONcoo	MORPH=empty
cele	cel	PROdem	MORPH=empty
dist	dire	VERcjg	MORPH=empty
:	:	PONfbl	MORPH=empty
"	"	PONpxx	MORPH=empty
Se	se	CONsub	MORPH=empty
vos	vos	PROper	MORPH=empty
pleisoit	plaire	VERcjg	MORPH=empty
,	,	PONfbl	MORPH=empty
si	si	ADVgen	MORPH=empty
feroie	faire	VERcjg	MORPH=empty
.	.	PONfrt	MORPH=empty
"	"	PONpxx	MORPH=empty
Et	et	CONcoo	MORPH=empty
cil	cel	PROdem	MORPH=empty
la	il	PROper	MORPH=empty
beisoit	baisier	VERcjg	MORPH=empty
,	,	PONfbl	MORPH=empty
qui	qui	PROrel	MORPH=empty
an	en1	PRE	MORPH=empty
ses	son4	DETpos	MORPH=empty
braz	braz	NOMcom	MORPH=empty
la	il	PROper	MORPH=empty
tenoit	tenir1	VERcjg	MORPH=empty
prise	prendre	VERppe	MORPH=empty
.	.	PONfrt	MORPH=empty
Si	si	ADVgen	MORPH=empty
l'	il	PROper	MORPH=empty
a	avoir	VERcjg	MORPH=empty
soz	soz	PRE	MORPH=empty
le	le	DETdef	MORPH=empty
covertor	covertor	NOMcom	MORPH=empty
mise	metre2	VERppe	MORPH=empty
tot	tot	ADVgen	MORPH=empty
soavet	söavet	ADJqua	MORPH=empty
et	et	CONcoo	MORPH=empty
tot	tot	ADVgen	MORPH=empty
a	a3	PRE	MORPH=empty
eise	aise	NOMcom	MORPH=empty
;	;	PONfbl	MORPH=empty
et	et	CONcoo	MORPH=empty
cele	cel	PROdem	MORPH=empty
suefre	sofrir	VERcjg	MORPH=empty
qu'	que4	CONsub	MORPH=empty
il	il	PROper	MORPH=empty
la	il	PROper	MORPH=empty
beise	baisier	VERcjg	MORPH=empty
,	,	PONfbl	MORPH=empty
ne	ne2	CONcoo	MORPH=empty
ne	ne1	ADVneg	MORPH=empty
cuit	cuidier1	VERcjg	MORPH=empty
pas	pas	ADVneg	MORPH=empty
qu'	que4	CONsub	MORPH=empty
il	il	PROimp	MORPH=empty
li	il	PROper	MORPH=empty
enuit	enoiier	VERcjg	MORPH=empty
.	.	PONfrt	MORPH=empty
Ensi	ainsi	ADVgen	MORPH=empty
jurent	jesir	VERcjg	MORPH=empty
tote	tot	DETind	MORPH=empty
la	le	DETdef	MORPH=empty
nuit	nuit	NOMcom	MORPH=empty
,	,	PONfbl	MORPH=empty
li	le	DETdef	MORPH=empty
uns	un	PROind	MORPH=empty
lez	lez	PRE	MORPH=empty
l'	le	DETdef	MORPH=empty
autre	autre	PROind	MORPH=empty
,	,	PONfbl	MORPH=empty
boche	boche	NOMcom	MORPH=empty
a	a3	PRE	MORPH=empty
boche	boche	NOMcom	MORPH=empty
,	,	PONfbl	MORPH=empty
jusqu'	jusque	PRE	MORPH=empty
au	a3+le	PRE.DETdef	MORPH=empty
main	main1	NOMcom	MORPH=empty
que	que4	CONsub	MORPH=empty
li	le	DETdef	MORPH=empty
jorz	jor	NOMcom	MORPH=empty
aproche	aprochier	VERcjg	MORPH=empty
.	.	PONfrt	MORPH=empty
Tant	tant	ADVgen	MORPH=empty
li	il	PROper	MORPH=empty
fist	faire	VERcjg	MORPH=empty
la	le	DETdef	MORPH=empty
nuit	nuit	NOMcom	MORPH=empty
de	de	PRE	MORPH=empty
solaz	solaz	NOMcom	MORPH=empty
que	que4	CONsub	MORPH=empty
boche	boche	NOMcom	MORPH=empty
a	a3	PRE	MORPH=empty
boche	boche	NOMcom	MORPH=empty
,	,	PONfbl	MORPH=empty
braz	braz	NOMcom	MORPH=empty
a	a3	PRE	MORPH=empty
braz	braz	NOMcom	MORPH=empty
,	,	PONfbl	MORPH=empty
dormirent	dormir	VERcjg	MORPH=empty
tant	tant	ADVgen	MORPH=empty
qu'	que4	CONsub	MORPH=empty
il	il	PROimp	MORPH=empty
ajorna	ajorner	VERcjg	MORPH=empty
.	.	PONfrt	MORPH=empty
A	a3	PRE	MORPH=empty
l'	le	DETdef	MORPH=empty
ajorner	ajorner	VERinf	MORPH=empty
s'	soi1	PROper	MORPH=empty
an	en2	PROadv	MORPH=empty
retorna	retorner	VERcjg	MORPH=empty
la	le	DETdef	MORPH=empty
pucele	pucele	NOMcom	MORPH=empty
an	en1	PRE	MORPH=empty
sa	son4	DETpos	MORPH=empty
chanbre	chambre1	NOMcom	MORPH=empty
arriere	ariere	ADVgen	MORPH=empty
sanz	sans	PRE	MORPH=empty
conduit	conduit	NOMcom	MORPH=empty
,	,	PONfbl	MORPH=empty
et	et	CONcoo	MORPH=empty
sanz	sans	PRE	MORPH=empty
chanberiere	chamberiere	NOMcom	MORPH=empty
se	soi1	PROper	MORPH=empty
vesti	vestir	VERcjg	MORPH=empty
et	et	CONcoo	MORPH=empty
apareilla	apareillier1	VERcjg	MORPH=empty
,	,	PONfbl	MORPH=empty
c'	que4	CONsub	MORPH=empty
onques	onque	ADVgen	MORPH=empty
nelui	nul	PROind	MORPH=empty
n'	ne1	ADVneg	MORPH=empty
i	i2	PROadv	MORPH=empty
esveilla	esveillier	VERcjg	MORPH=empty
.	.	PONfrt	MORPH=empty
Et	et	CONcoo	MORPH=empty
cil	cel	PROdem	MORPH=empty
qui	qui	PROrel	MORPH=empty
la	le	DETdef	MORPH=empty
nuit	nuit	NOMcom	MORPH=empty
veillié	veillier2	VERppe	MORPH=empty
orent	avoir	VERcjg	MORPH=empty
,	,	PONfbl	MORPH=empty
tantost	tantost	ADVgen	MORPH=empty
con	come1	CONsub	MORPH=empty
le	le	DETdef	MORPH=empty
jor	jor	NOMcom	MORPH=empty
veoir	vëoir	VERinf	MORPH=empty
porent	pöoir	VERcjg	MORPH=empty
,	,	PONfbl	MORPH=empty
esvellierent	esveillier	VERcjg	MORPH=empty
les	le	DETdef	MORPH=empty
andormiz	endormir	VERppe	MORPH=empty
,	,	PONfbl	MORPH=empty
ses	si+il	ADVgen.PROper	MORPH=empty
firent	faire	VERcjg	MORPH=empty
lever	lever	VERinf	MORPH=empty
de	de	PRE	MORPH=empty
lor	lor2	DETpos	MORPH=empty
liz	lit1	NOMcom	MORPH=empty
;	;	PONfbl	MORPH=empty
et	et	CONcoo	MORPH=empty
cil	cel	PROdem	MORPH=empty
leverent	lever	VERcjg	MORPH=empty
de	de	PRE	MORPH=empty
bele	bel1	ADJqua	MORPH=empty
ore	ore3	NOMcom	MORPH=empty
.	.	PONfrt	MORPH=empty
Et	et	CONcoo	MORPH=empty
la	le	DETdef	MORPH=empty
pucele	pucele	NOMcom	MORPH=empty
sanz	sans	PRE	MORPH=empty
demore	demore	NOMcom	MORPH=empty
a	a3	PRE	MORPH=empty
son	son4	DETpos	MORPH=empty
chevalier	chevalier	NOMcom	MORPH=empty
s'	soi1	PROper	MORPH=empty
an	en2	PROadv	MORPH=empty
repeire	repairier	VERcjg	MORPH=empty
et	et	CONcoo	MORPH=empty
li	il	PROper	MORPH=empty
dit	dire	VERcjg	MORPH=empty
come	come1	CONsub	MORPH=empty
deboneire	debonaire	ADJqua	MORPH=empty
:	:	PONfbl	MORPH=empty
"	"	PONpxx	MORPH=empty
Sire	seignor	NOMcom	MORPH=empty
,	,	PONfbl	MORPH=empty
Dex	Dieu	NOMpro	MORPH=empty
vos	vos	PROper	MORPH=empty
doint	doner	VERcjg	MORPH=empty
hui	ui	ADVgen	MORPH=empty
boen	bon	ADJqua	MORPH=empty
jor	jor	NOMcom	MORPH=empty
!	!	PONfrt	MORPH=empty
Et	et	CONcoo	MORPH=empty
je	je	PROper	MORPH=empty
sai	savoir	VERcjg	MORPH=empty
bien	bien1	ADVgen	MORPH=empty
que	que4	CONsub	MORPH=empty
lonc	lonc	ADJqua	MORPH=empty
sejor	sejor	NOMcom	MORPH=empty
ne	ne1	ADVneg	MORPH=empty
ferez	faire	VERcjg	MORPH=empty
vos	vos	PROper	MORPH=empty
mie	mie	ADVneg	MORPH=empty
ceanz	çaienz	ADVgen	MORPH=empty
.	.	PONfrt	MORPH=empty
De	de	PRE	MORPH=empty
sejorner	sejorner	VERinf	MORPH=empty
seroit	estre1	VERcjg	MORPH=empty
neanz	nïent	PROind	MORPH=empty
,	,	PONfbl	MORPH=empty
vos	vos	PROper	MORPH=empty
an	en2	PROadv	MORPH=empty
iroiz	aler	VERcjg	MORPH=empty
,	,	PONfbl	MORPH=empty
pas	pas	ADVneg	MORPH=empty
ne	ne1	ADVneg	MORPH=empty
m'	je	PROper	MORPH=empty
an	en2	PROadv	MORPH=empty
poise	peser	VERcjg	MORPH=empty
,	,	PONfbl	MORPH=empty
que	que4	CONcoo	MORPH=empty
ne	ne1	ADVneg	MORPH=empty
seroie	estre1	VERcjg	MORPH=empty
pas	pas	ADVneg	MORPH=empty
cortoise	cortois	ADJqua	MORPH=empty
s'	se	CONsub	MORPH=empty
il	il	PROimp	MORPH=empty
m'	je	PROper	MORPH=empty
an	en2	PROadv	MORPH=empty
pesoit	peser	VERcjg	MORPH=empty
de	de	PRE	MORPH=empty
nule	nul	DETind	MORPH=empty
rien	rien	NOMcom	MORPH=empty
,	,	PONfbl	MORPH=empty
que	que4	CONcoo	MORPH=empty
point	point	NOMcom	MORPH=empty
d'	de	PRE	MORPH=empty
eise	aise	NOMcom	MORPH=empty
ne	ne2	CONcoo	MORPH=empty
point	point	NOMcom	MORPH=empty
de	de	PRE	MORPH=empty
bien	bien2	NOMcom	MORPH=empty
ne	ne1	ADVneg	MORPH=empty
vos	vos	PROper	MORPH=empty
avomes	avoir	VERcjg	MORPH=empty
ceanz	çaienz	ADVgen	MORPH=empty
fait	faire	VERppe	MORPH=empty
.	.	PONfrt	MORPH=empty
Mes	mais1	CONcoo	MORPH=empty
je	je	PROper	MORPH=empty
pri	priier	VERcjg	MORPH=empty
Deu	Dieu	NOMpro	MORPH=empty
que	que4	CONsub	MORPH=empty
il	il	PROper	MORPH=empty
vos	vos	PROper	MORPH=empty
ait	avoir	VERcjg	MORPH=empty
apareillié	apareillier1	VERppe	MORPH=empty
meillor	meillor	ADJqua	MORPH=empty
ostel	ostel	NOMcom	MORPH=empty
,	,	PONfbl	MORPH=empty
ou	où	PROrel	MORPH=empty
plus	plus	ADVgen	MORPH=empty
ait	avoir	VERcjg	MORPH=empty
pain	pain	NOMcom	MORPH=empty
et	et	CONcoo	MORPH=empty
vin	vin	NOMcom	MORPH=empty
et	et	CONcoo	MORPH=empty
sel	sel1	NOMcom	MORPH=empty
que	que4	CONsub	MORPH=empty
n'	ne1	ADVneg	MORPH=empty
avez	avoir	VERcjg	MORPH=empty
trové	trover	VERppe	MORPH=empty
an	en1	PRE	MORPH=empty
cestui	cest	PROdem	MORPH=empty
.	.	PONfrt	MORPH=empty
"	"	PONpxx	MORPH=empty
Et	et	CONcoo	MORPH=empty
il	il	PROper	MORPH=empty
dist	dire	VERcjg	MORPH=empty
:	:	PONfbl	MORPH=empty
"	"	PONpxx	MORPH=empty
Bele	bel1	ADJqua	MORPH=empty
,	,	PONfbl	MORPH=empty
ce	ce1	PROdem	MORPH=empty
n'	ne1	ADVneg	MORPH=empty
iert	estre1	VERcjg	MORPH=empty
hui	ui	ADVgen	MORPH=empty
que	que4	CONsub	MORPH=empty
je	je	PROper	MORPH=empty
autre	autre	DETind	MORPH=empty
ostel	ostel	NOMcom	MORPH=empty
voise	aler	VERcjg	MORPH=empty
querre	querre	VERinf	MORPH=empty
,	,	PONfbl	MORPH=empty
einz	ainz	ADVgen	MORPH=empty
avrai	avoir	VERcjg	MORPH=empty
tote	tot	DETind	MORPH=empty
vostre	vostre	DETpos	MORPH=empty
terre	terre	NOMcom	MORPH=empty
mise	metre2	VERppe	MORPH=empty
an	en1	PRE	MORPH=empty
peis	pais	NOMcom	MORPH=empty
,	,	PONfbl	MORPH=empty
se	se	CONsub	MORPH=empty
je	je	PROper	MORPH=empty
onques	onque	ADVgen	MORPH=empty
puis	pöoir	VERcjg	MORPH=empty
.	.	PONfrt	MORPH=empty
Se	se	CONsub	MORPH=empty
vostre	vostre	DETpos	MORPH=empty
anemi	enemi	NOMcom	MORPH=empty
la	là	ADVgen	MORPH=empty
fors	fors1	ADVgen	MORPH=empty
truis	trover	VERcjg	MORPH=empty
,	,	PONfbl	MORPH=empty
pesera	peser	VERcjg	MORPH=empty
moi	je	PROper	MORPH=empty
se	se	CONsub	MORPH=empty
plus	plus	ADVgen	MORPH=empty
i	i2	PROadv	MORPH=empty
siet	sëoir	VERcjg	MORPH=empty
,	,	PONfbl	MORPH=empty
por	por2	PRE	MORPH=empty
ce	ce1	PROdem	MORPH=empty
que	que4	CONsub	MORPH=empty
de	de	PRE	MORPH=empty
neant	nïent	PROind	MORPH=empty
vos	vos	PROper	MORPH=empty
griet	grever	VERcjg	MORPH=empty
.	.	PONfrt	MORPH=empty
Mes	mais1	CONcoo	MORPH=empty
se	se	CONsub	MORPH=empty
je	je	PROper	MORPH=empty
l'	il	PROper	MORPH=empty
oci	ocire	VERcjg	MORPH=empty
et	et	CONcoo	MORPH=empty
conquier	conquerre	VERcjg	MORPH=empty
,	,	PONfbl	MORPH=empty
vostre	vostre	DETpos	MORPH=empty
druerie	drüerie	NOMcom	MORPH=empty
requier	requerre	VERcjg	MORPH=empty
an	en1	PRE	MORPH=empty
guerredon	guerredon	NOMcom	MORPH=empty
,	,	PONfbl	MORPH=empty
qu'	que4	CONsub	MORPH=empty
ele	il	PROper	MORPH=empty
soit	estre1	VERcjg	MORPH=empty
moie	mien	ADJpos	MORPH=empty
;	;	PONfbl	MORPH=empty
autres	autre	DETind	MORPH=empty
soldees	soudee	NOMcom	MORPH=empty
n'	ne1	ADVneg	MORPH=empty
an	en2	PROadv	MORPH=empty
prandroie	prendre	VERcjg	MORPH=empty
.	.	PONfrt	MORPH=empty
"	"	PONpxx	MORPH=empty
Et	et	CONcoo	MORPH=empty
cele	cel	PROdem	MORPH=empty
respont	respondre1	VERcjg	MORPH=empty
par	par	PRE	MORPH=empty
cointise	cointise	NOMcom	MORPH=empty
:	:	PONfbl	MORPH=empty
"	"	PONpxx	MORPH=empty
Sire	seignor	NOMcom	MORPH=empty
,	,	PONfbl	MORPH=empty
mout	mout	ADVgen	MORPH=empty
m'	je	PROper	MORPH=empty
avez	avoir	VERcjg	MORPH=empty
or	or4	ADVgen	MORPH=empty
requise	requerre	VERppe	MORPH=empty
de	de	PRE	MORPH=empty
povre	povre	ADJqua	MORPH=empty
chose	chose	NOMcom	MORPH=empty
et	et	CONcoo	MORPH=empty
de	de	PRE	MORPH=empty
despite	despire	VERppe	MORPH=empty
.	.	PONfrt	MORPH=empty
Mes	mais1	CONcoo	MORPH=empty
s'	se	CONsub	MORPH=empty
ele	il	PROper	MORPH=empty
vos	vos	PROper	MORPH=empty
ert	estre1	VERcjg	MORPH=empty
contredite	contredire	VERppe	MORPH=empty
,	,	PONfbl	MORPH=empty
vos	vos	PROper	MORPH=empty
le	il	PROper	MORPH=empty
tanreiez	tenir1	VERcjg	MORPH=empty
a	a3	PRE	MORPH=empty
orguel	orgueil	NOMcom	MORPH=empty
;	;	PONfbl	MORPH=empty
por	por2	PRE	MORPH=empty
ce	ce1	PROdem	MORPH=empty
veher	vëer	VERinf	MORPH=empty
ne	ne1	ADVneg	MORPH=empty
la	il	PROper	MORPH=empty
vos	vos	PROper	MORPH=empty
vuel	voloir	VERcjg	MORPH=empty
.	.	PONfrt	MORPH=empty
Et	et	CONcoo	MORPH=empty
neporquant	neporcant	ADVgen	MORPH=empty
ne	ne1	ADVneg	MORPH=empty
dites	dire	VERcjg	MORPH=empty
mie	mie	ADVneg	MORPH=empty
que	que4	CONsub	MORPH=empty
je	je	PROper	MORPH=empty
deveigne	devenir	VERcjg	MORPH=empty
vostre	vostre	DETpos	MORPH=empty
amie	ami	NOMcom	MORPH=empty
par	par	PRE	MORPH=empty
tel	tel	DETind	MORPH=empty
covant	covent1	NOMcom	MORPH=empty
et	et	CONcoo	MORPH=empty
par	par	PRE	MORPH=empty
tel	tel	DETind	MORPH=empty
loi	loi3	NOMcom	MORPH=empty
que	que4	CONsub	MORPH=empty
vos	vos	PROper	MORPH=empty
ailliez	aler	VERcjg	MORPH=empty
morir	morir	VERinf	MORPH=empty
por	por2	PRE	MORPH=empty
moi	je	PROper	MORPH=empty
,	,	PONfbl	MORPH=empty
que	que4	CONcoo	MORPH=empty
ce	ce1	PROdem	MORPH=empty
seroit	estre1	VERcjg	MORPH=empty
trop	trop	ADVgen	MORPH=empty
granz	grant	ADJqua	MORPH=empty
domaiges	damage	NOMcom	MORPH=empty
,	,	PONfbl	MORPH=empty
que	que4	CONcoo	MORPH=empty
vostre	vostre	DETpos	MORPH=empty
cors	cors1	NOMcom	MORPH=empty
ne	ne2	CONcoo	MORPH=empty
vostre	vostre	DETpos	MORPH=empty
aaiges	ëage	NOMcom	MORPH=empty
n'	ne1	ADVneg	MORPH=empty
est	estre1	VERcjg	MORPH=empty
tex	tel	ADJind	MORPH=empty
,	,	PONfbl	MORPH=empty
ce	ce1	PROdem	MORPH=empty
sachiez	savoir	VERcjg	MORPH=empty
de	de	PRE	MORPH=empty
seür	sëur2	ADJqua	MORPH=empty
,	,	PONfbl	MORPH=empty
que	que4	CONsub	MORPH=empty
vos	vos	PROper	MORPH=empty
a	a3	PRE	MORPH=empty
chevalier	chevalier	NOMcom	MORPH=empty
si	si	ADVgen	MORPH=empty
dur	dur	ADJqua	MORPH=empty
vos	vos	PROper	MORPH=empty
poïssiez	pöoir	VERcjg	MORPH=empty
contretenir	contretenir	VERinf	MORPH=empty
n'	ne2	CONcoo	MORPH=empty
estor	estor2	NOMcom	MORPH=empty
ne	ne2	CONcoo	MORPH=empty
bataille	bataille	NOMcom	MORPH=empty
sofrir	sofrir	VERinf	MORPH=empty
.	.	PONfrt	MORPH=empty
Ce	ce1	PROdem	MORPH=empty
verroiz	vëoir	VERcjg	MORPH=empty
vos	vos	PROper	MORPH=empty
,	,	PONfbl	MORPH=empty
fet	faire	VERcjg	MORPH=empty
il	il	PROper	MORPH=empty
,	,	PONfbl	MORPH=empty
ancui	encui	ADVgen	MORPH=empty
,	,	PONfbl	MORPH=empty
que	que4	CONcoo	MORPH=empty
conbatre	combatre	VERinf	MORPH=empty
m'	je	PROper	MORPH=empty
irai	aler	VERcjg	MORPH=empty
a	a3	PRE	MORPH=empty
lui	il	PROper	MORPH=empty
;	;	PONfbl	MORPH=empty
ja	ja	ADVgen	MORPH=empty
nel	ne1+il	ADVneg.PROper	MORPH=empty
leirai	laiier2	VERcjg	MORPH=empty
por	por2	PRE	MORPH=empty
nul	nul	DETind	MORPH=empty
chasti	chasti	NOMcom	MORPH=empty
.	.	PONfrt	MORPH=empty
"	"	PONpxx	MORPH=empty
Tel	tel	DETind	MORPH=empty
plet	plait	NOMcom	MORPH=empty
li	il	PROper	MORPH=empty
a	avoir	VERcjg	MORPH=empty
cele	cel	PROdem	MORPH=empty
basti	bastir	VERppe	MORPH=empty
qu'	que4	CONsub	MORPH=empty
ele	il	PROper	MORPH=empty
li	il	PROper	MORPH=empty
blasme	blasmer	VERcjg	MORPH=empty
,	,	PONfbl	MORPH=empty
et	et	CONcoo	MORPH=empty
si	si	ADVgen	MORPH=empty
le	il	PROper	MORPH=empty
vialt	voloir	VERcjg	MORPH=empty
;	;	PONfbl	MORPH=empty
mes	mais1	CONcoo	MORPH=empty
sovant	sovent	ADVgen	MORPH=empty
avient	avenant	VERcjg	MORPH=empty
que	que4	CONsub	MORPH=empty
l'	le	DETdef	MORPH=empty
an	on	PROind	MORPH=empty
sialt	soloir	VERcjg	MORPH=empty
escondire	escondire	VERinf	MORPH=empty
sa	son4	DETpos	MORPH=empty
volanté	volenté	NOMcom	MORPH=empty
,	,	PONfbl	MORPH=empty
qant	cant1	CONsub	MORPH=empty
an	on	PROind	MORPH=empty
voit	vëoir	VERcjg	MORPH=empty
bien	bien1	ADVgen	MORPH=empty
antalanté	entalenter	VERppe	MORPH=empty
home	ome	NOMcom	MORPH=empty
de	de	PRE	MORPH=empty
fere	faire	VERinf	MORPH=empty
son	son4	DETpos	MORPH=empty
talant	talent	NOMcom	MORPH=empty
,	,	PONfbl	MORPH=empty
por	por2	PRE	MORPH=empty
ce	ce1	PROdem	MORPH=empty
que	que4	CONsub	MORPH=empty
mialz	mieus	ADVgen	MORPH=empty
li	il	PROper	MORPH=empty
atalant	atalenter	VERcjg	MORPH=empty
.	.	PONfrt	MORPH=empty
Ausin	aussi	ADVgen	MORPH=empty
fet	faire	VERcjg	MORPH=empty
ele	il	PROper	MORPH=empty
come	come1	CONsub	MORPH=empty
sage	sage	ADJqua	MORPH=empty
,	,	PONfbl	MORPH=empty
qui	qui	PROrel	MORPH=empty
li	il	PROper	MORPH=empty
a	avoir	VERcjg	MORPH=empty
mis	metre2	VERppe	MORPH=empty
el	en1+le	PRE.DETdef	MORPH=empty
cors	cors1	NOMcom	MORPH=empty
la	le	DETdef	MORPH=empty
rage	rage	NOMcom	MORPH=empty
ce	ce1	PROdem	MORPH=empty
qu'	que2	PROrel	MORPH=empty
ele	il	PROper	MORPH=empty
li	il	PROper	MORPH=empty
blasme	blasmer	VERcjg	MORPH=empty
mout	mout	ADVgen	MORPH=empty
fort	fort	ADJqua	MORPH=empty
.	.	PONfrt	MORPH=empty
Et	et	CONcoo	MORPH=empty
cil	cel	PROdem	MORPH=empty
dit	dire	VERcjg	MORPH=empty
que	que4	CONsub	MORPH=empty
l'	le	DETdef	MORPH=empty
an	on	PROind	MORPH=empty
li	il	PROper	MORPH=empty
aport	aporter	VERcjg	MORPH=empty
ses	son4	DETpos	MORPH=empty
armes	arme	NOMcom	MORPH=empty
;	;	PONfbl	MORPH=empty
et	et	CONcoo	MORPH=empty
an	on	PROind	MORPH=empty
li	il	PROper	MORPH=empty
aporte	aporter	VERcjg	MORPH=empty
,	,	PONfbl	MORPH=empty
et	et	CONcoo	MORPH=empty
overte	ovrir	VERppe	MORPH=empty
li	il	PROper	MORPH=empty
fu	estre1	VERcjg	MORPH=empty
la	le	DETdef	MORPH=empty
porte	porte1	NOMcom	MORPH=empty
,	,	PONfbl	MORPH=empty
si	si	ADVgen	MORPH=empty
l'	il	PROper	MORPH=empty
arment	armer	VERcjg	MORPH=empty
et	et	CONcoo	MORPH=empty
monter	monter	VERinf	MORPH=empty
le	il	PROper	MORPH=empty
font	faire	VERcjg	MORPH=empty
sor	sor2	PRE	MORPH=empty
.i.	un	DETndf	MORPH=empty
cheval	cheval	NOMcom	MORPH=empty
que	que2	PROrel	MORPH=empty
il	il	PROper	MORPH=empty
li	il	PROper	MORPH=empty
ont	avoir	VERcjg	MORPH=empty
aparellié	apareillier1	VERppe	MORPH=empty
anmi	enmi	PRE	MORPH=empty
la	le	DETdef	MORPH=empty
place	place	NOMcom	MORPH=empty
.	.	PONfrt	MORPH=empty
N'	ne1	ADVneg	MORPH=empty
an	en2	PROadv	MORPH=empty
i	i2	PROadv	MORPH=empty
a	avoir	VERcjg	MORPH=empty
nul	nul	DETind	MORPH=empty
sanblant	semblant	NOMcom	MORPH=empty
ne	ne1	ADVneg	MORPH=empty
face	faire	VERcjg	MORPH=empty
que	que4	CONsub	MORPH=empty
il	il	PROimp	MORPH=empty
l'	il	PROper	MORPH=empty
an	en2	PROadv	MORPH=empty
poist	peser	VERcjg	MORPH=empty
et	et	CONcoo	MORPH=empty
qui	qui	PROrel	MORPH=empty
ne	ne1	ADVneg	MORPH=empty
die	dire	VERcjg	MORPH=empty
:	:	PONfbl	MORPH=empty
"	"	PONpxx	MORPH=empty
Sire	seignor	NOMcom	MORPH=empty
,	,	PONfbl	MORPH=empty
Dex	Dieu	NOMpro	MORPH=empty
vos	vos	PROper	MORPH=empty
soit	estre1	VERcjg	MORPH=empty
en	en1	PRE	MORPH=empty
aïe	äie	NOMcom	MORPH=empty
hui	ui	ADVgen	MORPH=empty
an	en1	PRE	MORPH=empty
cest	cest	DETdem	MORPH=empty
jor	jor	NOMcom	MORPH=empty
et	et	CONcoo	MORPH=empty
doint	doner	VERcjg	MORPH=empty
grant	grant	ADJqua	MORPH=empty
mal	mal1	NOMcom	MORPH=empty
Anguinguerron	Anguingueron	NOMpro	MORPH=empty
,	,	PONfbl	MORPH=empty
le	le	DETdef	MORPH=empty
seneschal	seneschal	NOMcom	MORPH=empty
,	,	PONfbl	MORPH=empty
qui	qui	PROrel	MORPH=empty
tot	tot	DETind	MORPH=empty
cest	cest	DETdem	MORPH=empty
païs	päis	NOMcom	MORPH=empty
a	avoir	VERcjg	MORPH=empty
destruit	destruire	VERppe	MORPH=empty
.	.	PONfrt	MORPH=empty
"	"	PONpxx	MORPH=empty
Ensi	ainsi	ADVgen	MORPH=empty
plorent	plorer	VERcjg	MORPH=empty
totes	tot	PROind	MORPH=empty
et	et	CONcoo	MORPH=empty
tuit	tot	PROind	MORPH=empty
.	.	PONfrt	MORPH=empty
Jusqu'	jusque	PRE	MORPH=empty
a	a3	PRE	MORPH=empty
la	le	DETdef	MORPH=empty
porte	porte1	NOMcom	MORPH=empty
le	il	PROper	MORPH=empty
convoient	convoiier	VERcjg	MORPH=empty
et	et	CONcoo	MORPH=empty
,	,	PONfbl	MORPH=empty
quant	cant1	CONsub	MORPH=empty
fors	fors1	ADVgen	MORPH=empty
del	de+le	PRE.DETdef	MORPH=empty
chastel	chastel	NOMcom	MORPH=empty
le	il	PROper	MORPH=empty
voient	vëoir	VERcjg	MORPH=empty
,	,	PONfbl	MORPH=empty
si	si	ADVgen	MORPH=empty
dïent	dire	VERcjg	MORPH=empty
tuit	tot	PROind	MORPH=empty
a	a3	PRE	MORPH=empty
une	un	DETndf	MORPH=empty
voiz	voiz	NOMcom	MORPH=empty
:	:	PONfbl	MORPH=empty
"	"	PONpxx	MORPH=empty
Biau	bel1	ADJqua	MORPH=empty
sire	seignor	NOMcom	MORPH=empty
,	,	PONfbl	MORPH=empty
icele	icel	DETdem	MORPH=empty
voire	voir	ADJqua	MORPH=empty
croiz	croiz	NOMcom	MORPH=empty
ou	où	PROrel	MORPH=empty
Dex	Dieu	NOMpro	MORPH=empty
sofri	sofrir	VERcjg	MORPH=empty
mort	mort	NOMcom	MORPH=empty
por	por2	PRE	MORPH=empty
son	son4	DETpos	MORPH=empty
fil	fil2	NOMcom	MORPH=empty
vos	vos	PROper	MORPH=empty
gart	garder	VERcjg	MORPH=empty
hui	ui	ADVgen	MORPH=empty
de	de	PRE	MORPH=empty
mortel	mortel	ADJqua	MORPH=empty
peril	peril	NOMcom	MORPH=empty
et	et	CONcoo	MORPH=empty
d'	de	PRE	MORPH=empty
anconbrier	encombrier	NOMcom	MORPH=empty
et	et	CONcoo	MORPH=empty
de	de	PRE	MORPH=empty
prison	prison	NOMcom	MORPH=empty
,	,	PONfbl	MORPH=empty
et	et	CONcoo	MORPH=empty
vos	vos	PROper	MORPH=empty
ramaint	ramener	VERcjg	MORPH=empty
a	a3	PRE	MORPH=empty
garison	garison	NOMcom	MORPH=empty
an	en1	PRE	MORPH=empty
leu	lieu	NOMcom	MORPH=empty
ou	où	PROrel	MORPH=empty
vos	vos	PROper	MORPH=empty
soiez	estre1	VERcjg	MORPH=empty
a	a3	PRE	MORPH=empty
eise	aise	NOMcom	MORPH=empty
,	,	PONfbl	MORPH=empty
qui	qui	PROrel	MORPH=empty
vos	vos	PROper	MORPH=empty
delit	delitier	VERcjg	MORPH=empty
et	et	CONcoo	MORPH=empty
qui	qui	PROrel	MORPH=empty
vos	vos	PROper	MORPH=empty
pleise	plaire	VERcjg	MORPH=empty
.	.	PONfrt	MORPH=empty
"	"	PONpxx	MORPH=empty
Ensi	ainsi	ADVgen	MORPH=empty
por	por2	PRE	MORPH=empty
lui	il	PROper	MORPH=empty
trestuit	trestot	PROind	MORPH=empty
prioient	priier	VERcjg	MORPH=empty
.	.	PONfrt	MORPH=empty
Et	et	CONcoo	MORPH=empty
cil	cel	PROdem	MORPH=empty
de	de	PRE	MORPH=empty
l'	le	DETdef	MORPH=empty
ost	ost	NOMcom	MORPH=empty
venir	venir	VERinf	MORPH=empty
le	il	PROper	MORPH=empty
voient	vëoir	VERcjg	MORPH=empty
,	,	PONfbl	MORPH=empty
si	si	ADVgen	MORPH=empty
l'	il	PROper	MORPH=empty
ont	avoir	VERcjg	MORPH=empty
Anguinguerron	Anguingueron	NOMpro	MORPH=empty
mostré	mostrer	VERppe	MORPH=empty
,	,	PONfbl	MORPH=empty
qui	qui	PROrel	MORPH=empty
se	soi1	PROper	MORPH=empty
seoit	sëoir	VERcjg	MORPH=empty
devant	devant	PRE	MORPH=empty
son	son4	DETpos	MORPH=empty
tré	tref2	NOMcom	MORPH=empty
;	;	PONfbl	MORPH=empty
s'	si	ADVgen	MORPH=empty
avoit	avoir	VERcjg	MORPH=empty
ja	ja	ADVgen	MORPH=empty
ses	son4	DETpos	MORPH=empty
chauces	chauce	NOMcom	MORPH=empty
chauciees	chaucier1	VERppe	MORPH=empty
,	,	PONfbl	MORPH=empty
et	et	CONcoo	MORPH=empty
ses	son4	DETpos	MORPH=empty
genz	gent1	NOMcom	MORPH=empty
estoient	estre1	VERcjg	MORPH=empty
mout	mout	ADVgen	MORPH=empty
liees	lié1	ADJqua	MORPH=empty
,	,	PONfbl	MORPH=empty
qui	qui	PROrel	MORPH=empty
cuidoient	cuidier1	VERcjg	MORPH=empty
avoir	avoir	VERinf	MORPH=empty
conquis	conquerre	VERppe	MORPH=empty
le	le	DETdef	MORPH=empty
chastel	chastel	NOMcom	MORPH=empty
et	et	CONcoo	MORPH=empty
tot	tot	DETind	MORPH=empty
le	le	DETdef	MORPH=empty
païs	päis	NOMcom	MORPH=empty
,	,	PONfbl	MORPH=empty
et	et	CONcoo	MORPH=empty
cuidoient	cuidier1	VERcjg	MORPH=empty
qu'	que4	CONsub	MORPH=empty
an	on	PROind	MORPH=empty
li	il	PROper	MORPH=empty
deüst	devoir	VERcjg	MORPH=empty
le	le	DETdef	MORPH=empty
chastel	chastel	NOMcom	MORPH=empty
randre	rendre	VERinf	MORPH=empty
ainz	ainz	ADVgen	MORPH=empty
que	que4	CONsub	MORPH=empty
nuiz	nuit	NOMcom	MORPH=empty
fust	estre1	VERcjg	MORPH=empty
,	,	PONfbl	MORPH=empty
ou	o3	CONcoo	MORPH=empty
que	que4	CONsub	MORPH=empty
aucuns	aucun	PROind	MORPH=empty
s'	soi1	PROper	MORPH=empty
an	en2	PROadv	MORPH=empty
issist	issir	VERcjg	MORPH=empty
fors	fors1	ADVgen	MORPH=empty
por	por2	PRE	MORPH=empty
conbatre	combatre	VERinf	MORPH=empty
a	a3	PRE	MORPH=empty
lui	il	PROper	MORPH=empty
cors	cors1	NOMcom	MORPH=empty
a	a3	PRE	MORPH=empty
cors	cors1	NOMcom	MORPH=empty
.	.	PONfrt	MORPH=empty
Tant	tant	ADVgen	MORPH=empty
que	que4	CONsub	MORPH=empty
Tantost	tantost	ADVgen	MORPH=empty
qu'	que4	CONsub	MORPH=empty
Anguinguerrons	Anguingueron	NOMpro	MORPH=empty
le	il	PROper	MORPH=empty
voit	vëoir	VERcjg	MORPH=empty
,	,	PONfbl	MORPH=empty
si	si	ADVgen	MORPH=empty
se	soi1	PROper	MORPH=empty
fet	faire	VERcjg	MORPH=empty
armer	armer	VERinf	MORPH=empty
a	a3	PRE	MORPH=empty
esploit	esploit	NOMcom	MORPH=empty
et	et	CONcoo	MORPH=empty
vint	venir	VERcjg	MORPH=empty
vers	vers2	PRE	MORPH=empty
lui	il	PROper	MORPH=empty
plus	plus	ADVgen	MORPH=empty
que	que1	CONsub	MORPH=empty
le	le	DETdef	MORPH=empty
pas	pas	NOMcom	MORPH=empty
sor	sor2	PRE	MORPH=empty
un	un	DETndf	MORPH=empty
cheval	cheval	NOMcom	MORPH=empty
et	et	CONcoo	MORPH=empty
fort	fort	ADJqua	MORPH=empty
et	et	CONcoo	MORPH=empty
gras	cras	ADJqua	MORPH=empty
,	,	PONfbl	MORPH=empty
et	et	CONcoo	MORPH=empty
dit	dire	VERcjg	MORPH=empty
:	:	PONfbl	MORPH=empty
"	"	PONpxx	MORPH=empty
Vaslez	vaslet	NOMcom	MORPH=empty
,	,	PONfbl	MORPH=empty
ça	ça	ADVgen	MORPH=empty
qui	qui	PROint	MORPH=empty
t'	tu	PROper	MORPH=empty
anvoie	envoiier	VERcjg	MORPH=empty
?	?	PONfrt	MORPH=empty
Di	dire	VERcjg	MORPH=empty
moi	je	PROper	MORPH=empty
l'	le	DETdef	MORPH=empty
acoison	ochaison	NOMcom	MORPH=empty
de	de	PRE	MORPH=empty
ta	ton4	DETpos	MORPH=empty
voie	voie	NOMcom	MORPH=empty
.	.	PONfrt	MORPH=empty
Viens	venir	VERcjg	MORPH=empty
tu	tu	PROper	MORPH=empty
peis	pais	NOMcom	MORPH=empty
ou	o3	CONcoo	MORPH=empty
bataille	bataille	NOMcom	MORPH=empty
querre	querre	VERinf	MORPH=empty
?	?	PONfrt	MORPH=empty
Mes	mais1	CONcoo	MORPH=empty
tu	tu	PROper	MORPH=empty
,	,	PONfbl	MORPH=empty
que	que3	PROint	MORPH=empty
fez	faire	VERcjg	MORPH=empty
an	en1	PRE	MORPH=empty
ceste	cest	DETdem	MORPH=empty
terre	terre	NOMcom	MORPH=empty
?	?	PONfrt	MORPH=empty
fet	faire	VERcjg	MORPH=empty
il	il	PROper	MORPH=empty
,	,	PONfbl	MORPH=empty
ce	ce1	PROdem	MORPH=empty
me	je	PROper	MORPH=empty
diras	dire	VERcjg	MORPH=empty
premiers	premier	ADJord	MORPH=empty
.	.	PONfrt	MORPH=empty
Por	por2	PRE	MORPH=empty
qu'	que3	PROint	MORPH=empty
as	avoir	VERcjg	MORPH=empty
ocis	ocire	VERppe	MORPH=empty
les	le	DETdef	MORPH=empty
chevaliers	chevalier	NOMcom	MORPH=empty
et	et	CONcoo	MORPH=empty
tot	tot	DETind	MORPH=empty
le	le	DETdef	MORPH=empty
païs	päis	NOMcom	MORPH=empty
confondu	confondre	VERppe	MORPH=empty
?	?	PONfrt	MORPH=empty
"	"	PONpxx	MORPH=empty
Et	et	CONcoo	MORPH=empty
lors	lors	ADVgen	MORPH=empty
li	il	PROper	MORPH=empty
a	avoir	VERcjg	MORPH=empty
cil	cel	PROdem	MORPH=empty
respondu	respondre1	VERppe	MORPH=empty
con	come1	CONsub	MORPH=empty
orguilleus	orgoillos	ADJqua	MORPH=empty
et	et	CONcoo	MORPH=empty
sorcuidiez	sorcuidier	VERppe	MORPH=empty
:	:	PONfbl	MORPH=empty
"	"	PONpxx	MORPH=empty
Je	je	PROper	MORPH=empty
vuel	voloir	VERcjg	MORPH=empty
qu'	que4	CONsub	MORPH=empty
ancui	encui	ADVgen	MORPH=empty
me	je	PROper	MORPH=empty
soit	estre1	VERcjg	MORPH=empty
vuidiez	vuidier	VERppe	MORPH=empty
li	le	DETdef	MORPH=empty
chastiax	chastel	NOMcom	MORPH=empty
,	,	PONfbl	MORPH=empty
et	et	CONcoo	MORPH=empty
la	le	DETdef	MORPH=empty
torz	tor2	NOMcom	MORPH=empty
randue	rendre	VERppe	MORPH=empty
,	,	PONfbl	MORPH=empty
que	que4	CONsub	MORPH=empty
trop	trop	ADVgen	MORPH=empty
m'	je	PROper	MORPH=empty
a	avoir	VERcjg	MORPH=empty
esté	estre1	VERppe	MORPH=empty
desfandue	defendre	VERppe	MORPH=empty
;	;	PONfbl	MORPH=empty
et	et	CONcoo	MORPH=empty
mes	mon1	DETpos	MORPH=empty
sire	seignor	NOMcom	MORPH=empty
avra	avoir	VERcjg	MORPH=empty
la	le	DETdef	MORPH=empty
pucele	pucele	NOMcom	MORPH=empty
.	.	PONfrt	MORPH=empty
Dahez	dehé	NOMcom	MORPH=empty
ait	avoir	VERcjg	MORPH=empty
hui	ui	ADVgen	MORPH=empty
ceste	cest	DETdem	MORPH=empty
novele	novele	NOMcom	MORPH=empty
,	,	PONfbl	MORPH=empty
fet	faire	VERcjg	MORPH=empty
li	le	DETdef	MORPH=empty
vaslez	vaslet	NOMcom	MORPH=empty
,	,	PONfbl	MORPH=empty
et	et	CONcoo	MORPH=empty
qui	qui	PROrel	MORPH=empty
l'	il	PROper	MORPH=empty
a	avoir	VERcjg	MORPH=empty
dite	dire	VERppe	MORPH=empty
!	!	PONfrt	MORPH=empty
Einz	ainz	ADVgen	MORPH=empty
te	tu	PROper	MORPH=empty
covandra	covenir	VERcjg	MORPH=empty
clamer	clamer	VERinf	MORPH=empty
quite	quite	ADJqua	MORPH=empty
trestot	trestot	ADVgen	MORPH=empty
quanque	cantque	PROrel	MORPH=empty
tu	tu	PROper	MORPH=empty
li	il	PROper	MORPH=empty
chalonges	chalongier	VERcjg	MORPH=empty
.	.	PONfrt	MORPH=empty
Or	or4	ADVgen	MORPH=empty
me	je	PROper	MORPH=empty
servez	servir	VERcjg	MORPH=empty
vos	vos	PROper	MORPH=empty
de	de	PRE	MORPH=empty
mançonges	mençogne	NOMcom	MORPH=empty
,	,	PONfbl	MORPH=empty
fet	faire	VERcjg	MORPH=empty
Anguinguerrons	Anguingueron	NOMpro	MORPH=empty
,	,	PONfbl	MORPH=empty
par	par	PRE	MORPH=empty
saint	saint	ADJqua	MORPH=empty
Pere	Pierre	NOMpro	MORPH=empty
.	.	PONfrt	MORPH=empty
Sovant	sovent	ADVgen	MORPH=empty
avient	avenant	VERcjg	MORPH=empty
que	que4	CONsub	MORPH=empty
tex	tel	PROind	MORPH=empty
conpere	comparer2	VERcjg	MORPH=empty
le	le	DETdef	MORPH=empty
forfet	forfait	NOMcom	MORPH=empty
,	,	PONfbl	MORPH=empty
qui	qui	PROrel	MORPH=empty
corpes	coupe	NOMcom	MORPH=empty
n'	ne1	ADVneg	MORPH=empty
i	i2	PROadv	MORPH=empty
a	avoir	VERcjg	MORPH=empty
.	.	PONfrt	MORPH=empty
"	"	PONpxx	MORPH=empty
Et	et	CONcoo	MORPH=empty
lors	lors	ADVgen	MORPH=empty
au	a3+le	PRE.DETdef	MORPH=empty
vaslet	vaslet	NOMcom	MORPH=empty
enuia	enoiier	VERcjg	MORPH=empty
,	,	PONfbl	MORPH=empty
si	si	ADVgen	MORPH=empty
met	metre2	VERcjg	MORPH=empty
la	le	DETdef	MORPH=empty
lance	lance	NOMcom	MORPH=empty
sor	sor2	PRE	MORPH=empty
le	le	DETdef	MORPH=empty
fautre	fautre	NOMcom	MORPH=empty
,	,	PONfbl	MORPH=empty
et	et	CONcoo	MORPH=empty
point	poindre	VERcjg	MORPH=empty
li	le	DETdef	MORPH=empty
uns	un	PROind	MORPH=empty
ancontre	encontre1	PRE	MORPH=empty
l'	le	DETdef	MORPH=empty
autre	autre	PROind	MORPH=empty
sanz	sans	PRE	MORPH=empty
desfiance	desfïance	NOMcom	MORPH=empty
et	et	CONcoo	MORPH=empty
sanz	sans	PRE	MORPH=empty
areisne	araisne	NOMcom	MORPH=empty
.	.	PONfrt	MORPH=empty
Fer	fer	NOMcom	MORPH=empty
tranchant	trenchier1	VERppa	MORPH=empty
et	et	CONcoo	MORPH=empty
lance	lance	NOMcom	MORPH=empty
de	de	PRE	MORPH=empty
freisne	fraisne	NOMcom	MORPH=empty
avoit	avoir	VERcjg	MORPH=empty
chascuns	chascun	PROind	MORPH=empty
,	,	PONfbl	MORPH=empty
grosse	gros	ADJqua	MORPH=empty
et	et	CONcoo	MORPH=empty
poignal	poignal	ADJqua	MORPH=empty
,	,	PONfbl	MORPH=empty
s'	si	ADVgen	MORPH=empty
alerent	aler	VERcjg	MORPH=empty
mout	mout	ADVgen	MORPH=empty
tost	tost1	ADVgen	MORPH=empty
li	le	DETdef	MORPH=empty
cheval	cheval	NOMcom	MORPH=empty
,	,	PONfbl	MORPH=empty
et	et	CONcoo	MORPH=empty
li	le	DETdef	MORPH=empty
chevalier	chevalier	NOMcom	MORPH=empty
furent	estre1	VERcjg	MORPH=empty
fort	fort	ADJqua	MORPH=empty
,	,	PONfbl	MORPH=empty
si	si	ADVgen	MORPH=empty
s'	soi1	PROper	MORPH=empty
antrehaïrent	entrehäir	VERcjg	MORPH=empty
de	de	PRE	MORPH=empty
mort	mort	NOMcom	MORPH=empty
;	;	PONfbl	MORPH=empty
si	si	ADVgen	MORPH=empty
fierent	ferir	VERcjg	MORPH=empty
si	si	ADVgen	MORPH=empty
que	que4	CONsub	MORPH=empty
les	le	DETdef	MORPH=empty
eis	ais	NOMcom	MORPH=empty
croissent	croissir	VERcjg	MORPH=empty
,	,	PONfbl	MORPH=empty
les	le	DETdef	MORPH=empty
escuz	escu	NOMcom	MORPH=empty
et	et	CONcoo	MORPH=empty
les	le	DETdef	MORPH=empty
lances	lance	NOMcom	MORPH=empty
froissent	froissier	VERcjg	MORPH=empty
,	,	PONfbl	MORPH=empty
et	et	CONcoo	MORPH=empty
porte	porter	VERcjg	MORPH=empty
li	le	DETdef	MORPH=empty
uns	un	PROind	MORPH=empty
l'	le	DETdef	MORPH=empty
autre	autre	PROind	MORPH=empty
jus	jus1	ADVgen	MORPH=empty
.	.	PONfrt	MORPH=empty
Mes	mais1	CONcoo	MORPH=empty
tost	tost1	ADVgen	MORPH=empty
refurent	restre	VERcjg	MORPH=empty
sailli	salir2	VERppe	MORPH=empty
sus	sus	ADVgen	MORPH=empty
,	,	PONfbl	MORPH=empty
si	si	ADVgen	MORPH=empty
s'	soi1	PROper	MORPH=empty
antrevienent	entrevenir	VERcjg	MORPH=empty
sanz	sans	PRE	MORPH=empty
jengler	jangler	VERinf	MORPH=empty
plus	plus	ADVgen	MORPH=empty
fieremant	fierement	ADVgen	MORPH=empty
que	que1	CONsub	MORPH=empty
dui	deus	DETcar	MORPH=empty
sengler	sengler	NOMcom	MORPH=empty
;	;	PONfbl	MORPH=empty
si	si	ADVgen	MORPH=empty
se	soi1	PROper	MORPH=empty
fierent	ferir	VERcjg	MORPH=empty
parmi	parmi	PRE	MORPH=empty
escuz	escu	NOMcom	MORPH=empty
et	et	CONcoo	MORPH=empty
par	par	PRE	MORPH=empty
haubers	hauberc	NOMcom	MORPH=empty
mailliez	maillier2	VERppe	MORPH=empty
menuz	menu	ADJqua	MORPH=empty
quanque	cantque	PROrel	MORPH=empty
cheval	cheval	NOMcom	MORPH=empty
porter	porter	VERinf	MORPH=empty
les	il	PROper	MORPH=empty
porent	pöoir	VERcjg	MORPH=empty
.	.	PONfrt	MORPH=empty
A	a3	PRE	MORPH=empty
l'	le	DETdef	MORPH=empty
ire	ire	NOMcom	MORPH=empty
et	et	CONcoo	MORPH=empty
au	a3+le	PRE.DETdef	MORPH=empty
corroz	corroz	NOMcom	MORPH=empty
qu'	que2	PROrel	MORPH=empty
il	il	PROper	MORPH=empty
orent	avoir	VERcjg	MORPH=empty
,	,	PONfbl	MORPH=empty
et	et	CONcoo	MORPH=empty
a	a3	PRE	MORPH=empty
la	le	DETdef	MORPH=empty
force	force2	NOMcom	MORPH=empty
de	de	PRE	MORPH=empty
lor	lor2	DETpos	MORPH=empty
braz	braz	NOMcom	MORPH=empty
,	,	PONfbl	MORPH=empty
font	faire	VERcjg	MORPH=empty
les	le	DETdef	MORPH=empty
pieces	piece	NOMcom	MORPH=empty
et	et	CONcoo	MORPH=empty
les	le	DETdef	MORPH=empty
esclaz	esclat	NOMcom	MORPH=empty
de	de	PRE	MORPH=empty
lor	lor2	DETpos	MORPH=empty
lances	lance	NOMcom	MORPH=empty
voler	voler	VERinf	MORPH=empty
an	en1	PRE	MORPH=empty
deus	deus	PROcar	MORPH=empty
.	.	PONfrt	MORPH=empty
Anguinguerrons	Anguingueron	NOMpro	MORPH=empty
cheï	chëoir	VERcjg	MORPH=empty
toz	tot	ADVgen	MORPH=empty
seus	sol1	ADJqua	MORPH=empty
et	et	CONcoo	MORPH=empty
fu	estre1	VERcjg	MORPH=empty
parmi	parmi	PRE	MORPH=empty
le	le	DETdef	MORPH=empty
cors	cors1	NOMcom	MORPH=empty
navrez	navrer	VERppe	MORPH=empty
si	si	ADVgen	MORPH=empty
que	que4	CONsub	MORPH=empty
li	le	DETdef	MORPH=empty
braz	braz	NOMcom	MORPH=empty
et	et	CONcoo	MORPH=empty
li	le	DETdef	MORPH=empty
costez	costé	NOMcom	MORPH=empty
le	il	PROper	MORPH=empty
santi	sentir	VERcjg	MORPH=empty
dolereusemant	dolorosement	ADVgen	MORPH=empty
.	.	PONfrt	MORPH=empty
Et	et	CONcoo	MORPH=empty
li	le	DETdef	MORPH=empty
vaslez	vaslet	NOMcom	MORPH=empty
a	a3	PRE	MORPH=empty
pié	pié	NOMcom	MORPH=empty
descent	descendre	VERcjg	MORPH=empty
,	,	PONfbl	MORPH=empty
qu'	que4	CONcoo	MORPH=empty
il	il	PROper	MORPH=empty
nel	ne1+il	ADVneg.PROper	MORPH=empty
set	savoir	VERcjg	MORPH=empty
a	a3	PRE	MORPH=empty
cheval	cheval	NOMcom	MORPH=empty
requerre	requerre	VERinf	MORPH=empty
.	.	PONfrt	MORPH=empty
Del	de+le	PRE.DETdef	MORPH=empty
cheval	cheval	NOMcom	MORPH=empty
est	estre1	VERcjg	MORPH=empty
venuz	venir	VERppe	MORPH=empty
a	a3	PRE	MORPH=empty
terre	terre	NOMcom	MORPH=empty
,	,	PONfbl	MORPH=empty
puis	puis	ADVgen	MORPH=empty
trest	traire	VERcjg	MORPH=empty
l'	le	DETdef	MORPH=empty
espee	espee	NOMcom	MORPH=empty
,	,	PONfbl	MORPH=empty
si	si	ADVgen	MORPH=empty
li	il	PROper	MORPH=empty
passe	passer1	VERcjg	MORPH=empty
.	.	PONfrt	MORPH=empty
Ne	ne1	ADVneg	MORPH=empty
sai	savoir	VERcjg	MORPH=empty
que	que2	PROrel	MORPH=empty
plus	plus	ADVgen	MORPH=empty
vos	vos	PROper	MORPH=empty
devisasse	deviser	VERcjg	MORPH=empty
ne	ne2	CONcoo	MORPH=empty
comant	coment1	ADVsub	MORPH=empty
avint	avenant	VERcjg	MORPH=empty
a	a3	PRE	MORPH=empty
chascun	chascun	PROind	MORPH=empty
ne	ne2	CONcoo	MORPH=empty
toz	tot	DETind	MORPH=empty
les	le	DETdef	MORPH=empty
cos	coup1	NOMcom	MORPH=empty
par	par	PRE	MORPH=empty
un	un	PROind	MORPH=empty
et	et	CONcoo	MORPH=empty
un	un	PROind	MORPH=empty
,	,	PONfbl	MORPH=empty
mes	mais1	CONcoo	MORPH=empty
la	le	DETdef	MORPH=empty
bataille	bataille	NOMcom	MORPH=empty
dura	durer	VERcjg	MORPH=empty
mout	mout	ADVgen	MORPH=empty
et	et	CONcoo	MORPH=empty
mout	mout	ADVgen	MORPH=empty
furent	estre1	VERcjg	MORPH=empty
li	le	DETdef	MORPH=empty
cop	coup1	NOMcom	MORPH=empty
estolt	estout	ADJqua	MORPH=empty
,	,	PONfbl	MORPH=empty
tant	tant	ADVgen	MORPH=empty
que	que4	CONsub	MORPH=empty
Anguinguerrons	Anguingueron	NOMpro	MORPH=empty
cheï	chëoir	VERcjg	MORPH=empty
.	.	PONfrt	MORPH=empty
Et	et	CONcoo	MORPH=empty
cil	cel	PROdem	MORPH=empty
fieremant	fierement	ADVgen	MORPH=empty
l'	il	PROper	MORPH=empty
anvaï	enväir	VERcjg	MORPH=empty
tant	tant	ADVgen	MORPH=empty
que	que4	CONsub	MORPH=empty
il	il	PROper	MORPH=empty
merci	merci	NOMcom	MORPH=empty
li	il	PROper	MORPH=empty
cria	crïer2	VERcjg	MORPH=empty
;	;	PONfbl	MORPH=empty
et	et	CONcoo	MORPH=empty
li	le	DETdef	MORPH=empty
vaslez	vaslet	NOMcom	MORPH=empty
dist	dire	VERcjg	MORPH=empty
qu'	que4	CONsub	MORPH=empty
il	il	PROimp	MORPH=empty
n'	ne1	ADVneg	MORPH=empty
i	i2	PROadv	MORPH=empty
a	avoir	VERcjg	MORPH=empty
de	de	PRE	MORPH=empty
la	le	DETdef	MORPH=empty
merci	merci	NOMcom	MORPH=empty
ne	ne2	CONcoo	MORPH=empty
tant	tant	ADVgen	MORPH=empty
ne	ne2	CONcoo	MORPH=empty
quant	cant2	ADVgen	MORPH=empty
.	.	PONfrt	MORPH=empty
Si	si	ADVgen	MORPH=empty
li	il	PROper	MORPH=empty
sovint	sovenir	VERcjg	MORPH=empty
il	il	PROimp	MORPH=empty
neporquant	neporcant	ADVgen	MORPH=empty
del	de+le	PRE.DETdef	MORPH=empty
prodome	pro	NOMcom	MORPH=empty
qui	qui	PROrel	MORPH=empty
li	il	PROper	MORPH=empty
aprist	aprendre	VERcjg	MORPH=empty
qu'	que4	CONsub	MORPH=empty
a	a3	PRE	MORPH=empty
son	son4	DETpos	MORPH=empty
esciant	escïent	NOMcom	MORPH=empty
n'	ne1	ADVneg	MORPH=empty
oceïst	ocire	VERcjg	MORPH=empty
chevalier	chevalier	NOMcom	MORPH=empty
,	,	PONfbl	MORPH=empty
puis	puis	ADVgen	MORPH=empty
que	que4	CONsub	MORPH=empty
il	il	PROper	MORPH=empty
l'	il	PROper	MORPH=empty
eüst	avoir	VERcjg	MORPH=empty
conquis	conquerre	VERppe	MORPH=empty
et	et	CONcoo	MORPH=empty
au	a3+le	PRE.DETdef	MORPH=empty
desore	desor	ADVgen	MORPH=empty
fust	estre1	VERcjg	MORPH=empty
.	.	PONfrt	MORPH=empty
Et	et	CONcoo	MORPH=empty
cil	cel	PROdem	MORPH=empty
li	il	PROper	MORPH=empty
dist	dire	VERcjg	MORPH=empty
:	:	PONfbl	MORPH=empty
"	"	PONpxx	MORPH=empty
Biax	bel1	ADJqua	MORPH=empty
amis	ami	NOMcom	MORPH=empty
dolz	douz	ADJqua	MORPH=empty
,	,	PONfbl	MORPH=empty
or	or4	ADVgen	MORPH=empty
ne	ne1	ADVneg	MORPH=empty
soiez	estre1	VERcjg	MORPH=empty
pas	pas	ADVneg	MORPH=empty
si	si	ADVgen	MORPH=empty
estolz	estout	ADJqua	MORPH=empty
que	que4	CONsub	MORPH=empty
vos	vos	PROper	MORPH=empty
n'	ne1	ADVneg	MORPH=empty
aiez	avoir	VERcjg	MORPH=empty
merci	merci	NOMcom	MORPH=empty
de	de	PRE	MORPH=empty
moi	je	PROper	MORPH=empty
.	.	PONfrt	MORPH=empty
Je	je	PROper	MORPH=empty
vos	vos	PROper	MORPH=empty
creant	crëanter	VERcjg	MORPH=empty
bien	bien1	ADVgen	MORPH=empty
et	et	CONcoo	MORPH=empty
otroi	otroiier	VERcjg	MORPH=empty
que	que4	CONsub	MORPH=empty
ja	ja	ADVgen	MORPH=empty
en	en2	PROadv	MORPH=empty
est	estre1	VERcjg	MORPH=empty
li	le	DETdef	MORPH=empty
miaudres	meillor	ADJqua	MORPH=empty
tuens	tuen	ADJpos	MORPH=empty
,	,	PONfbl	MORPH=empty
et	et	CONcoo	MORPH=empty
chevaliers	chevalier	NOMcom	MORPH=empty
iés	estre1	VERcjg	MORPH=empty
tu	tu	PROper	MORPH=empty
mout	mout	ADVgen	MORPH=empty
buens	bon	ADJqua	MORPH=empty
,	,	PONfbl	MORPH=empty
non	non	ADVneg	MORPH=empty
pas	pas	ADVneg	MORPH=empty
tant	tant	ADVgen	MORPH=empty
que	que4	CONsub	MORPH=empty
il	il	PROper	MORPH=empty
fust	estre1	VERcjg	MORPH=empty
creü	croire	VERppe	MORPH=empty
d'	de	PRE	MORPH=empty
ome	ome	NOMcom	MORPH=empty
qui	qui	PROrel	MORPH=empty
nos	nos1	PROper	MORPH=empty
eüst	avoir	VERcjg	MORPH=empty
veü	vëoir	VERppe	MORPH=empty
et	et	CONcoo	MORPH=empty
qui	qui	PROrel	MORPH=empty
nos	nos1	PROper	MORPH=empty
coneüst	conoistre	VERcjg	MORPH=empty
andeus	ambedos	PROcar	MORPH=empty
que	que4	CONsub	MORPH=empty
tu	tu	PROper	MORPH=empty
par	par	PRE	MORPH=empty
tes	ton4	DETpos	MORPH=empty
armes	arme	NOMcom	MORPH=empty
toz	tot	ADVgen	MORPH=empty
seus	sol1	ADJqua	MORPH=empty
m'	je	PROper	MORPH=empty
aüsses	avoir	VERcjg	MORPH=empty
an	en1	PRE	MORPH=empty
bataille	bataille	NOMcom	MORPH=empty
mort	morir	VERppe	MORPH=empty
.	.	PONfrt	MORPH=empty
Et	et	CONcoo	MORPH=empty
se	se	CONsub	MORPH=empty
je	je	PROper	MORPH=empty
le	le	DETdef	MORPH=empty
tesmoing	tesmoin	NOMcom	MORPH=empty
t'	tu	PROper	MORPH=empty
an	en2	PROadv	MORPH=empty
port	porter	VERcjg	MORPH=empty
que	que4	CONsub	MORPH=empty
tu	tu	PROper	MORPH=empty
m'	je	PROper	MORPH=empty
aies	avoir	VERcjg	MORPH=empty
d'	de	PRE	MORPH=empty
armes	arme	NOMcom	MORPH=empty
oltré	outrer	VERppe	MORPH=empty
,	,	PONfbl	MORPH=empty
veant	vëoir	VERppa	MORPH=empty
mes	mon1	DETpos	MORPH=empty
genz	gent1	NOMcom	MORPH=empty
,	,	PONfbl	MORPH=empty
devant	devant	PRE	MORPH=empty
mon	mon1	DETpos	MORPH=empty
tré	tref2	NOMcom	MORPH=empty
,	,	PONfbl	MORPH=empty
ma	mon1	DETpos	MORPH=empty
parole	parole	NOMcom	MORPH=empty
an	en2	PROadv	MORPH=empty
sera	estre1	VERcjg	MORPH=empty
tenue	tenir1	VERppe	MORPH=empty
et	et	CONcoo	MORPH=empty
t'	ton4	DETpos	MORPH=empty
enors	onor	NOMcom	MORPH=empty
an	en2	PROadv	MORPH=empty
sera	estre1	VERcjg	MORPH=empty
creüe	croistre	VERppe	MORPH=empty
,	,	PONfbl	MORPH=empty
c'	que4	CONsub	MORPH=empty
onques	onque	ADVgen	MORPH=empty
chevaliers	chevalier	NOMcom	MORPH=empty
n'	ne1	ADVneg	MORPH=empty
ot	avoir	VERcjg	MORPH=empty
greignor	grant	ADJqua	MORPH=empty
.	.	PONfrt	MORPH=empty
Et	et	CONcoo	MORPH=empty
garde	garder	VERcjg	MORPH=empty
,	,	PONfbl	MORPH=empty
se	se	CONsub	MORPH=empty
tu	tu	PROper	MORPH=empty
as	avoir	VERcjg	MORPH=empty
seignor	seignor	NOMcom	MORPH=empty
qui	qui	PROrel	MORPH=empty
t'	tu	PROper	MORPH=empty
ait	avoir	VERcjg	MORPH=empty
bien	bien2	NOMcom	MORPH=empty
ne	ne2	CONcoo	MORPH=empty
servise	servise	NOMcom	MORPH=empty
fait	faire	VERppe	MORPH=empty
don	dont	PROrel	MORPH=empty
le	le	DETdef	MORPH=empty
guerredon	guerredon	NOMcom	MORPH=empty
eü	avoir	VERppe	MORPH=empty
n'	ne1	ADVneg	MORPH=empty
ait	avoir	VERcjg	MORPH=empty
,	,	PONfbl	MORPH=empty
anvoie	envoiier	VERcjg	MORPH=empty
m'	je	PROper	MORPH=empty
i	i2	PROadv	MORPH=empty
,	,	PONfbl	MORPH=empty
et	et	CONcoo	MORPH=empty
g'	je	PROper	MORPH=empty
i	i2	PROadv	MORPH=empty
irai	aler	VERcjg	MORPH=empty
de	de	PRE	MORPH=empty
par	par	PRE	MORPH=empty
toi	tu	PROper	MORPH=empty
et	et	CONcoo	MORPH=empty
si	si	ADVgen	MORPH=empty
li	il	PROper	MORPH=empty
dirai	dire	VERcjg	MORPH=empty
comant	coment1	ADVsub	MORPH=empty
tu	tu	PROper	MORPH=empty
m'	je	PROper	MORPH=empty
as	avoir	VERcjg	MORPH=empty
d'	de	PRE	MORPH=empty
armes	arme	NOMcom	MORPH=empty
conquis	conquerre	VERppe	MORPH=empty
et	et	CONcoo	MORPH=empty
si	si	ADVgen	MORPH=empty
me	je	PROper	MORPH=empty
randrai	rendre	VERcjg	MORPH=empty
a	a3	PRE	MORPH=empty
lui	il	PROper	MORPH=empty
pris	prendre	VERppe	MORPH=empty
por	por2	PRE	MORPH=empty
fere	faire	VERinf	MORPH=empty
quanque	cantque	PROrel	MORPH=empty
boen	bon	ADJqua	MORPH=empty
li	il	PROper	MORPH=empty
iert	estre1	VERcjg	MORPH=empty
.	.	PONfrt	MORPH=empty
Et	et	CONcoo	MORPH=empty
dahez	dehé	NOMcom	MORPH=empty
ait	avoir	VERcjg	MORPH=empty
qui	qui	PROrel	MORPH=empty
mialz	mieus	ADVgen	MORPH=empty
vos	vos	PROper	MORPH=empty
quiert	querre	VERcjg	MORPH=empty
!	!	PONfrt	MORPH=empty
Et	et	CONcoo	MORPH=empty
sez	savoir	VERcjg	MORPH=empty
tu	tu	PROper	MORPH=empty
donc	donc	ADVgen	MORPH=empty
ou	où	PROrel	MORPH=empty
tu	tu	PROper	MORPH=empty
iras	aler	VERcjg	MORPH=empty
?	?	PONfrt	MORPH=empty
A	a3	PRE	MORPH=empty
ce	ce2	DETdem	MORPH=empty
chastel	chastel	NOMcom	MORPH=empty
,	,	PONfbl	MORPH=empty
et	et	CONcoo	MORPH=empty
si	si	ADVgen	MORPH=empty
diras	dire	VERcjg	MORPH=empty
a	a3	PRE	MORPH=empty
la	le	DETdef	MORPH=empty
bele	bel1	ADJqua	MORPH=empty
qui	qui	PROrel	MORPH=empty
est	estre1	VERcjg	MORPH=empty
m'	mon1	DETpos	MORPH=empty
amie	ami	NOMcom	MORPH=empty
que	que4	CONsub	MORPH=empty
ja	ja	ADVgen	MORPH=empty
mes	mais1	ADVgen	MORPH=empty
an	en1	PRE	MORPH=empty
tote	tot	DETind	MORPH=empty
ta	ton4	DETpos	MORPH=empty
vie	vie1	NOMcom	MORPH=empty
ne	ne1	ADVneg	MORPH=empty
seras	estre1	VERcjg	MORPH=empty
an	en1	PRE	MORPH=empty
son	son4	DETpos	MORPH=empty
nuisemant	nuisement	NOMcom	MORPH=empty
,	,	PONfbl	MORPH=empty
si	si	ADVgen	MORPH=empty
te	tu	PROper	MORPH=empty
metras	metre2	VERcjg	MORPH=empty
oltreemant	outreement	ADVgen	MORPH=empty
del	de+le	PRE.DETdef	MORPH=empty
tot	tot	PROind	MORPH=empty
an	en1	PRE	MORPH=empty
tot	tot	PROind	MORPH=empty
an	en1	PRE	MORPH=empty
sa	son4	DETpos	MORPH=empty
merci	merci	NOMcom	MORPH=empty
.	.	PONfrt	MORPH=empty
"	"	PONpxx	MORPH=empty
Et	et	CONcoo	MORPH=empty
cil	cel	PROdem	MORPH=empty
respont	respondre1	VERcjg	MORPH=empty
:	:	PONfbl	MORPH=empty
"	"	PONpxx	MORPH=empty
Donques	donc	ADVgen	MORPH=empty
m'	je	PROper	MORPH=empty
oci	ocire	VERcjg	MORPH=empty
,	,	PONfbl	MORPH=empty
qu'	que4	CONcoo	MORPH=empty
ausi	aussi	ADVgen	MORPH=empty
me	je	PROper	MORPH=empty
feroit	faire	VERcjg	MORPH=empty
ele	il	PROper	MORPH=empty
ocirre	ocire	VERinf	MORPH=empty
,	,	PONfbl	MORPH=empty
que	que4	CONcoo	MORPH=empty
nule	nul	DETind	MORPH=empty
rien	rien	NOMcom	MORPH=empty
tant	tant	ADVgen	MORPH=empty
ne	ne1	ADVneg	MORPH=empty
desirre	desirrer	VERcjg	MORPH=empty
come	come1	CONsub	MORPH=empty
ma	mon1	DETpos	MORPH=empty
mort	mort	NOMcom	MORPH=empty
et	et	CONcoo	MORPH=empty
mon	mon1	DETpos	MORPH=empty
enui	enui	NOMcom	MORPH=empty
,	,	PONfbl	MORPH=empty
car	car	CONcoo	MORPH=empty
a	a3	PRE	MORPH=empty
la	le	DETdef	MORPH=empty
mort	mort	NOMcom	MORPH=empty
son	son4	DETpos	MORPH=empty
pere	pere1	NOMcom	MORPH=empty
fui	estre1	VERcjg	MORPH=empty
et	et	CONcoo	MORPH=empty
se	si	ADVgen	MORPH=empty
li	il	PROper	MORPH=empty
ai	avoir	VERcjg	MORPH=empty
fez	faire	VERppe	MORPH=empty
tanz	tant	DETind	MORPH=empty
corroz	corroz	NOMcom	MORPH=empty
que	que4	CONsub	MORPH=empty
ses	son4	DETpos	MORPH=empty
chevaliers	chevalier	NOMcom	MORPH=empty
li	il	PROper	MORPH=empty
ai	avoir	VERcjg	MORPH=empty
toz	tot	PROind	MORPH=empty
que	que4	CONcoo	MORPH=empty
morz	morir	VERppe	MORPH=empty
que	que4	CONcoo	MORPH=empty
pris	prendre	VERppe	MORPH=empty
an	en1	PRE	MORPH=empty
ceste	cest	DETdem	MORPH=empty
annee	anee	NOMcom	MORPH=empty
.	.	PONfrt	MORPH=empty
Male	mal1	ADJqua	MORPH=empty
prison	prison	NOMcom	MORPH=empty
m'	je	PROper	MORPH=empty
avroit	avoir	VERcjg	MORPH=empty
donee	doner	VERppe	MORPH=empty
qui	qui	PROrel	MORPH=empty
an	en1	PRE	MORPH=empty
sa	son4	DETpos	MORPH=empty
prison	prison	NOMcom	MORPH=empty
mis	metre2	VERppe	MORPH=empty
m'	je	PROper	MORPH=empty
avroit	avoir	VERcjg	MORPH=empty
;	;	PONfbl	MORPH=empty
ja	ja	ADVgen	MORPH=empty
pis	pis1	ADVgen	MORPH=empty
fere	faire	VERinf	MORPH=empty
ne	ne1	ADVneg	MORPH=empty
me	je	PROper	MORPH=empty
savroit	savoir	VERcjg	MORPH=empty
.	.	PONfrt	MORPH=empty
Mes	mais1	CONcoo	MORPH=empty
se	se	CONsub	MORPH=empty
tu	tu	PROper	MORPH=empty
as	avoir	VERcjg	MORPH=empty
nul	nul	DETind	MORPH=empty
autre	autre	ADJind	MORPH=empty
ami	ami	NOMcom	MORPH=empty
n'	ne2	CONcoo	MORPH=empty
amie	ami	NOMcom	MORPH=empty
nule	nul	ADJind	MORPH=empty
,	,	PONfbl	MORPH=empty
anvoie	envoiier	VERcjg	MORPH=empty
m'	je	PROper	MORPH=empty
i	i2	PROadv	MORPH=empty
,	,	PONfbl	MORPH=empty
qui	qui	PROrel	MORPH=empty
n'	ne1	ADVneg	MORPH=empty
ait	avoir	VERcjg	MORPH=empty
de	de	PRE	MORPH=empty
moi	je	PROper	MORPH=empty
mal	mal1	NOMcom	MORPH=empty
fere	faire	VERinf	MORPH=empty
anvie	envie	NOMcom	MORPH=empty
,	,	PONfbl	MORPH=empty
que	que4	CONcoo	MORPH=empty
ceste	cest	PROdem	MORPH=empty
me	je	PROper	MORPH=empty
toldroit	tolir	VERcjg	MORPH=empty
la	le	DETdef	MORPH=empty
vie	vie1	NOMcom	MORPH=empty
,	,	PONfbl	MORPH=empty
se	se	CONsub	MORPH=empty
ele	il	PROper	MORPH=empty
me	je	PROper	MORPH=empty
tenoit	tenir1	VERcjg	MORPH=empty
,	,	PONfbl	MORPH=empty
sanz	sans	PRE	MORPH=empty
faille	faille3	NOMcom	MORPH=empty
.	.	PONfrt	MORPH=empty
"	"	PONpxx	MORPH=empty
Et	et	CONcoo	MORPH=empty
lors	lors	ADVgen	MORPH=empty
li	il	PROper	MORPH=empty
dit	dire	VERcjg	MORPH=empty
cil	cel	PROdem	MORPH=empty
que	que4	CONsub	MORPH=empty
il	il	PROper	MORPH=empty
aille	aler	VERcjg	MORPH=empty
a	a3	PRE	MORPH=empty
.i.	un	DETndf	MORPH=empty
chastel	chastel	NOMcom	MORPH=empty
a	a3	PRE	MORPH=empty
.i.	un	DETndf	MORPH=empty
prodome	pro	NOMcom	MORPH=empty
,	,	PONfbl	MORPH=empty
et	et	CONcoo	MORPH=empty
le	le	DETdef	MORPH=empty
non	nom	NOMcom	MORPH=empty
au	a3+le	PRE.DETdef	MORPH=empty
seignor	seignor	NOMcom	MORPH=empty
li	il	PROper	MORPH=empty
nome	nomer	VERcjg	MORPH=empty
;	;	PONfbl	MORPH=empty
n'	ne2	CONcoo	MORPH=empty
an	en1	PRE	MORPH=empty
tot	tot	DETind	MORPH=empty
le	le	DETdef	MORPH=empty
monde	monde1	NOMcom	MORPH=empty
n'	ne1	ADVneg	MORPH=empty
a	avoir	VERcjg	MORPH=empty
maçon	maçon	NOMcom	MORPH=empty
qui	qui	PROrel	MORPH=empty
mialz	mieus	ADVgen	MORPH=empty
devisast	deviser	VERcjg	MORPH=empty
la	le	DETdef	MORPH=empty
façon	façon	NOMcom	MORPH=empty
del	de+le	PRE.DETdef	MORPH=empty
chastel	chastel	NOMcom	MORPH=empty
qu'	que4	CONsub	MORPH=empty
il	il	PROper	MORPH=empty
li	il	PROper	MORPH=empty
devisa	deviser	VERcjg	MORPH=empty
.	.	PONfrt	MORPH=empty
L'	le	DETdef	MORPH=empty
eve	aigue	NOMcom	MORPH=empty
et	et	CONcoo	MORPH=empty
le	le	DETdef	MORPH=empty
pont	pont	NOMcom	MORPH=empty
mout	mout	ADVgen	MORPH=empty
li	il	PROper	MORPH=empty
prisa	prisier	VERcjg	MORPH=empty
,	,	PONfbl	MORPH=empty
et	et	CONcoo	MORPH=empty
les	le	DETdef	MORPH=empty
torneles	tornele1	NOMcom	MORPH=empty
et	et	CONcoo	MORPH=empty
la	le	DETdef	MORPH=empty
tor	tor2	NOMcom	MORPH=empty
et	et	CONcoo	MORPH=empty
les	le	DETdef	MORPH=empty
forz	fort	ADJqua	MORPH=empty
murs	mur	NOMcom	MORPH=empty
qui	qui	PROrel	MORPH=empty
sont	estre1	VERcjg	MORPH=empty
antor	entor	ADVgen	MORPH=empty
,	,	PONfbl	MORPH=empty
tant	tant	ADVgen	MORPH=empty
que	que4	CONsub	MORPH=empty
cil	cel	PROdem	MORPH=empty
antant	entendre	VERcjg	MORPH=empty
bien	bien1	ADVgen	MORPH=empty
et	et	CONcoo	MORPH=empty
set	savoir	VERcjg	MORPH=empty
que	que4	CONsub	MORPH=empty
el	en1+le	PRE.DETdef	MORPH=empty
leu	lieu	NOMcom	MORPH=empty
ou	où	PROrel	MORPH=empty
l'	le	DETdef	MORPH=empty
an	on	PROind	MORPH=empty
plus	plus	ADVgen	MORPH=empty
le	il	PROper	MORPH=empty
het	häir	VERcjg	MORPH=empty
le	il	PROper	MORPH=empty
vialt	voloir	VERcjg	MORPH=empty
anvoier	envoiier	VERinf	MORPH=empty
an	en1	PRE	MORPH=empty
prison	prison	NOMcom	MORPH=empty
.	.	PONfrt	MORPH=empty
"	"	PONpxx	MORPH=empty
La	là	ADVgen	MORPH=empty
ne	ne1	ADVneg	MORPH=empty
sai	savoir	VERcjg	MORPH=empty
ge	je	PROper	MORPH=empty
ma	mon1	DETpos	MORPH=empty
garison	garison	NOMcom	MORPH=empty
,	,	PONfbl	MORPH=empty
fet	faire	VERcjg	MORPH=empty
cil	cel	PROdem	MORPH=empty
,	,	PONfbl	MORPH=empty
biau	bel1	ADJqua	MORPH=empty
sire	seignor	NOMcom	MORPH=empty
,	,	PONfbl	MORPH=empty
ou	où	PROrel	MORPH=empty
tu	tu	PROper	MORPH=empty
m'	je	PROper	MORPH=empty
anvoies	envoiier	VERcjg	MORPH=empty
.	.	PONfrt	MORPH=empty
Si	si	ADVgen	MORPH=empty
m'	je	PROper	MORPH=empty
aïst	aidier	VERcjg	MORPH=empty
Dex	Dieu	NOMpro	MORPH=empty
,	,	PONfbl	MORPH=empty
an	en1	PRE	MORPH=empty
males	mal1	ADJqua	MORPH=empty
voies	voie	NOMcom	MORPH=empty
me	je	PROper	MORPH=empty
viax	voloir	VERcjg	MORPH=empty
metre	metre2	VERinf	MORPH=empty
et	et	CONcoo	MORPH=empty
an	en1	PRE	MORPH=empty
males	mal1	ADJqua	MORPH=empty
mains	main2	NOMcom	MORPH=empty
,	,	PONfbl	MORPH=empty
que	que4	CONcoo	MORPH=empty
l'	le	DETdef	MORPH=empty
un	un	PROind	MORPH=empty
de	de	PRE	MORPH=empty
ses	son4	DETpos	MORPH=empty
freres	frere	NOMcom	MORPH=empty
germains	germain	ADJqua	MORPH=empty
an	en1	PRE	MORPH=empty
ceste	cest	DETdem	MORPH=empty
guerre	guerre	NOMcom	MORPH=empty
li	il	PROper	MORPH=empty
ocis	ocire	VERppe	MORPH=empty
.	.	PONfrt	MORPH=empty
Einz	ainz	ADVgen	MORPH=empty
m'	je	PROper	MORPH=empty
oci	ocire	VERcjg	MORPH=empty
tu	tu	PROper	MORPH=empty
,	,	PONfbl	MORPH=empty
biax	bel1	ADJqua	MORPH=empty
dolz	douz	ADJqua	MORPH=empty
amis	ami	NOMcom	MORPH=empty
,	,	PONfbl	MORPH=empty
que	que4	CONsub	MORPH=empty
tu	tu	PROper	MORPH=empty
a	a3	PRE	MORPH=empty
lui	il	PROper	MORPH=empty
aler	aler	VERinf	MORPH=empty
me	je	PROper	MORPH=empty
faces	faire	VERcjg	MORPH=empty
.	.	PONfrt	MORPH=empty
Einz	ainz	ADVgen	MORPH=empty
m'	je	PROper	MORPH=empty
oci	ocire	VERcjg	MORPH=empty
tu	tu	PROper	MORPH=empty
que	que4	CONsub	MORPH=empty
tu	tu	PROper	MORPH=empty
m'	je	PROper	MORPH=empty
i	i2	PROadv	MORPH=empty
chaces	chacier	VERcjg	MORPH=empty
.	.	PONfrt	MORPH=empty
Par	par	PRE	MORPH=empty
foi	foi	NOMcom	MORPH=empty
,	,	PONfbl	MORPH=empty
fet	faire	VERcjg	MORPH=empty
il	il	PROper	MORPH=empty
,	,	PONfbl	MORPH=empty
donc	donc	ADVgen	MORPH=empty
iras	aler	VERcjg	MORPH=empty
tu	tu	PROper	MORPH=empty
an	en1	PRE	MORPH=empty
la	le	DETdef	MORPH=empty
prison	prison	NOMcom	MORPH=empty
le	le	DETdef	MORPH=empty
roi	roi2	NOMcom	MORPH=empty
Artu	Artu	NOMpro	MORPH=empty
,	,	PONfbl	MORPH=empty
si	si	ADVgen	MORPH=empty
me	je	PROper	MORPH=empty
salueras	salüer	VERcjg	MORPH=empty
le	le	DETdef	MORPH=empty
roi	roi2	NOMcom	MORPH=empty
et	et	CONcoo	MORPH=empty
se	si	ADVgen	MORPH=empty
li	il	PROper	MORPH=empty
diras	dire	VERcjg	MORPH=empty
de	de	PRE	MORPH=empty
par	par	PRE	MORPH=empty
moi	je	PROper	MORPH=empty
qu'	que4	CONsub	MORPH=empty
il	il	PROper	MORPH=empty
te	tu	PROper	MORPH=empty
face	faire	VERcjg	MORPH=empty
mostrer	mostrer	VERinf	MORPH=empty
celi	cel	PROdem	MORPH=empty
que	que2	PROrel	MORPH=empty
Kex	Keu	NOMpro	MORPH=empty
li	le	DETdef	MORPH=empty
seneschaus	seneschal	NOMcom	MORPH=empty
feri	ferir	VERcjg	MORPH=empty
por	por2	PRE	MORPH=empty
ce	ce1	PROdem	MORPH=empty
que	que4	CONsub	MORPH=empty
ele	il	PROper	MORPH=empty
m'	je	PROper	MORPH=empty
avoit	avoir	VERcjg	MORPH=empty
ris	rire	VERppe	MORPH=empty
,	,	PONfbl	MORPH=empty
et	et	CONcoo	MORPH=empty
a	a3	PRE	MORPH=empty
celi	cel	PROdem	MORPH=empty
te	tu	PROper	MORPH=empty
randras	rendre	VERcjg	MORPH=empty
pris	prendre	VERppe	MORPH=empty
et	et	CONcoo	MORPH=empty
se	si	ADVgen	MORPH=empty
li	il	PROper	MORPH=empty
diras	dire	VERcjg	MORPH=empty
antresait	entresait	ADVgen	MORPH=empty
que	que4	CONsub	MORPH=empty
ja	ja	ADVgen	MORPH=empty
n'	ne1	ADVneg	MORPH=empty
anterrai	entrer	VERcjg	MORPH=empty
por	por2	PRE	MORPH=empty
nul	nul	DETind	MORPH=empty
plait	plait	NOMcom	MORPH=empty
an	en1	PRE	MORPH=empty
cort	cort1	NOMcom	MORPH=empty
que	que2	PROrel	MORPH=empty
li	le	DETdef	MORPH=empty
rois	roi2	NOMcom	MORPH=empty
Artus	Artu	NOMpro	MORPH=empty
teigne	tenir1	VERcjg	MORPH=empty
,	,	PONfbl	MORPH=empty
por	por2	PRE	MORPH=empty
nule	nul	DETind	MORPH=empty
chose	chose	NOMcom	MORPH=empty
qui	qui	PROrel	MORPH=empty
aveigne	avenant	VERcjg	MORPH=empty
,	,	PONfbl	MORPH=empty
tant	tant	ADVgen	MORPH=empty
que	que4	CONsub	MORPH=empty
vangence	venjance	NOMcom	MORPH=empty
an	en2	PROadv	MORPH=empty
avrai	avoir	VERcjg	MORPH=empty
prise	prendre	VERppe	MORPH=empty
.	.	PONfrt	MORPH=empty
"	"	PONpxx	MORPH=empty
Et	et	CONcoo	MORPH=empty
cil	cel	PROdem	MORPH=empty
respont	respondre1	VERcjg	MORPH=empty
que	que4	CONsub	MORPH=empty
ce	ce2	DETdem	MORPH=empty
servise	servise	NOMcom	MORPH=empty
li	il	PROper	MORPH=empty
fera	faire	VERcjg	MORPH=empty
il	il	PROper	MORPH=empty
et	et	CONcoo	MORPH=empty
bien	bien1	ADVgen	MORPH=empty
et	et	CONcoo	MORPH=empty
bel	bel1	ADJqua	MORPH=empty
.	.	PONfrt	MORPH=empty
Lors	lors	ADVgen	MORPH=empty
s'	soi1	PROper	MORPH=empty
an	en2	PROadv	MORPH=empty
torna	torner	VERcjg	MORPH=empty
vers	vers2	PRE	MORPH=empty
le	le	DETdef	MORPH=empty
chastel	chastel	NOMcom	MORPH=empty
li	le	DETdef	MORPH=empty
chevaliers	chevalier	NOMcom	MORPH=empty
qui	qui	PROrel	MORPH=empty
vaincu	veintre	VERppe	MORPH=empty
l'	il	PROper	MORPH=empty
a	avoir	VERcjg	MORPH=empty
;	;	PONfbl	MORPH=empty
et	et	CONcoo	MORPH=empty
cil	cel	PROdem	MORPH=empty
an	en1	PRE	MORPH=empty
la	le	DETdef	MORPH=empty
prison	prison	NOMcom	MORPH=empty
s'	soi1	PROper	MORPH=empty
an	en2	PROadv	MORPH=empty
va	aler	VERcjg	MORPH=empty
,	,	PONfbl	MORPH=empty
s'	si	ADVgen	MORPH=empty
an	en2	PROadv	MORPH=empty
fet	faire	VERcjg	MORPH=empty
porter	porter	VERinf	MORPH=empty
son	son4	DETpos	MORPH=empty
estandart	estandart	NOMcom	MORPH=empty
,	,	PONfbl	MORPH=empty
et	et	CONcoo	MORPH=empty
l'	le	DETdef	MORPH=empty
oz	ost	NOMcom	MORPH=empty
del	de+le	PRE.DETdef	MORPH=empty
siege	siege	NOMcom	MORPH=empty
se	soi1	PROper	MORPH=empty
depart	departir	VERcjg	MORPH=empty
,	,	PONfbl	MORPH=empty
que	que4	CONsub	MORPH=empty
n'	ne1	ADVneg	MORPH=empty
i	i2	PROadv	MORPH=empty
remaint	remanoir	VERcjg	MORPH=empty
ne	ne2	CONcoo	MORPH=empty
bruns	brun	ADJqua	MORPH=empty
ne	ne2	CONcoo	MORPH=empty
sors	sor1	ADJqua	MORPH=empty
.	.	PONfrt	MORPH=empty
Et	et	CONcoo	MORPH=empty
cil	cel	PROdem	MORPH=empty
del	de+le	PRE.DETdef	MORPH=empty
chastel	chastel	NOMcom	MORPH=empty
issent	issir	VERcjg	MORPH=empty
fors	fors1	ADVgen	MORPH=empty
ancontre	encontre1	PRE	MORPH=empty
celui	cel	PROdem	MORPH=empty
qui	qui	PROrel	MORPH=empty
retorne	retorner	VERcjg	MORPH=empty
;	;	PONfbl	MORPH=empty
mes	mais1	CONcoo	MORPH=empty
a	a3	PRE	MORPH=empty
mout	mout	ADVgen	MORPH=empty
grant	grant	ADJqua	MORPH=empty
enui	enui	NOMcom	MORPH=empty
lor	il	PROper	MORPH=empty
torne	torner	VERcjg	MORPH=empty
del	de+le	PRE.DETdef	MORPH=empty
chevalier	chevalier	NOMcom	MORPH=empty
qu'	que2	PROrel	MORPH=empty
il	il	PROper	MORPH=empty
a	avoir	VERcjg	MORPH=empty
conquis	conquerre	VERppe	MORPH=empty
qant	cant1	CONsub	MORPH=empty
il	il	PROper	MORPH=empty
le	le	DETdef	MORPH=empty
chief	chief1	NOMcom	MORPH=empty
n'	ne1	ADVneg	MORPH=empty
an	en2	PROadv	MORPH=empty
avoit	avoir	VERcjg	MORPH=empty
pris	prendre	VERppe	MORPH=empty
et	et	CONcoo	MORPH=empty
quant	cant1	CONsub	MORPH=empty
il	il	PROper	MORPH=empty
ne	ne1	ADVneg	MORPH=empty
lor	il	PROper	MORPH=empty
ot	avoir	VERcjg	MORPH=empty
randu	rendre	VERppe	MORPH=empty
.	.	PONfrt	MORPH=empty
A	a3	PRE	MORPH=empty
grant	grant	ADJqua	MORPH=empty
joie	joie	NOMcom	MORPH=empty
l'	il	PROper	MORPH=empty
ont	avoir	VERcjg	MORPH=empty
receü	recevoir	VERppe	MORPH=empty
et	et	CONcoo	MORPH=empty
desarmé	desarmer	VERppe	MORPH=empty
a	a3	PRE	MORPH=empty
.i.	un	DETndf	MORPH=empty
perron	perron	NOMcom	MORPH=empty
.	.	PONfrt	MORPH=empty
Dïent	dire	VERcjg	MORPH=empty
:	:	PONfbl	MORPH=empty
"	"	PONpxx	MORPH=empty
Sire	seignor	NOMcom	MORPH=empty
,	,	PONfbl	MORPH=empty
d'	de	PRE	MORPH=empty
Anguinguerron	Anguingueron	NOMpro	MORPH=empty
la	le	DETdef	MORPH=empty
teste	teste	NOMcom	MORPH=empty
por	por2	PRE	MORPH=empty
coi	coi2	PROrel	MORPH=empty
n'	ne1	ADVneg	MORPH=empty
an	en2	PROadv	MORPH=empty
preïstes	prendre	VERcjg	MORPH=empty
,	,	PONfbl	MORPH=empty
qant	cant1	CONsub	MORPH=empty
vos	vos	PROper	MORPH=empty
ceanz	çaienz	ADVgen	MORPH=empty
ne	ne1	ADVneg	MORPH=empty
le	il	PROper	MORPH=empty
meïstes	metre2	VERcjg	MORPH=empty
?	?	PONfrt	MORPH=empty
"	"	PONpxx	MORPH=empty
Et	et	CONcoo	MORPH=empty
cil	cel	PROdem	MORPH=empty
respont	respondre1	VERcjg	MORPH=empty
:	:	PONfbl	MORPH=empty
"	"	PONpxx	MORPH=empty
Seignor	seignor	NOMcom	MORPH=empty
,	,	PONfbl	MORPH=empty
par	par	PRE	MORPH=empty
foi	foi	NOMcom	MORPH=empty
,	,	PONfbl	MORPH=empty
ne	ne1	ADVneg	MORPH=empty
feïsse	faire	VERcjg	MORPH=empty
pas	pas	ADVneg	MORPH=empty
bien	bien1	ADVgen	MORPH=empty
,	,	PONfbl	MORPH=empty
ce	ce1	PROdem	MORPH=empty
croi	croire	VERcjg	MORPH=empty
,	,	PONfbl	MORPH=empty
qu'	que4	CONcoo	MORPH=empty
il	il	PROper	MORPH=empty
vos	vos	PROper	MORPH=empty
a	avoir	VERcjg	MORPH=empty
ocis	ocire	VERppe	MORPH=empty
voz	vostre	DETpos	MORPH=empty
paranz	parent	NOMcom	MORPH=empty
,	,	PONfbl	MORPH=empty
si	si	ADVgen	MORPH=empty
ne	ne1	ADVneg	MORPH=empty
li	il	PROper	MORPH=empty
fusse	estre1	VERcjg	MORPH=empty
pas	pas	ADVneg	MORPH=empty
garanz	garant	NOMcom	MORPH=empty
,	,	PONfbl	MORPH=empty
einz	ainz	ADVgen	MORPH=empty
l'	il	PROper	MORPH=empty
oceïssiez	ocire	VERcjg	MORPH=empty
mau	mal1	ADJqua	MORPH=empty
gré	gré2	NOMcom	MORPH=empty
mien	mien	ADJpos	MORPH=empty
.	.	PONfrt	MORPH=empty
Trop	trop	ADVgen	MORPH=empty
eüst	avoir	VERcjg	MORPH=empty
an	en1	PRE	MORPH=empty
moi	je	PROper	MORPH=empty
po	poi	PROind	MORPH=empty
de	de	PRE	MORPH=empty
bien	bien2	NOMcom	MORPH=empty
,	,	PONfbl	MORPH=empty
des	des2	ADVgen	MORPH=empty
que	que4	CONsub	MORPH=empty
je	je	PROper	MORPH=empty
au	a3+le	PRE.DETdef	MORPH=empty
desore	desor	ADVgen	MORPH=empty
an	en2	PROadv	MORPH=empty
fui	estre1	VERcjg	MORPH=empty
,	,	PONfbl	MORPH=empty
se	se	CONsub	MORPH=empty
n'	ne1	ADVneg	MORPH=empty
eüsse	avoir	VERcjg	MORPH=empty
merci	merci	NOMcom	MORPH=empty
de	de	PRE	MORPH=empty
lui	il	PROper	MORPH=empty
.	.	PONfrt	MORPH=empty
Et	et	CONcoo	MORPH=empty
savez	savoir	VERcjg	MORPH=empty
quex	quel1	DETrel	MORPH=empty
la	le	DETdef	MORPH=empty
merci	merci	NOMcom	MORPH=empty
fu	estre1	VERcjg	MORPH=empty
?	?	PONfrt	MORPH=empty
An	en1	PRE	MORPH=empty
la	le	DETdef	MORPH=empty
prison	prison	NOMcom	MORPH=empty
le	le	DETdef	MORPH=empty
roi	roi2	NOMcom	MORPH=empty
Artu	Artu	NOMpro	MORPH=empty
se	soi1	PROper	MORPH=empty
metra	metre2	VERcjg	MORPH=empty
,	,	PONfbl	MORPH=empty
se	se	CONsub	MORPH=empty
covant	covent1	NOMcom	MORPH=empty
me	je	PROper	MORPH=empty
tient	tenir1	VERcjg	MORPH=empty
.	.	PONfrt	MORPH=empty
"	"	PONpxx	MORPH=empty
Atant	atant	ADVgen	MORPH=empty
la	le	DETdef	MORPH=empty
dameisele	damoisele	NOMcom	MORPH=empty
vient	venir	VERcjg	MORPH=empty
,	,	PONfbl	MORPH=empty
qui	qui	PROrel	MORPH=empty
de	de	PRE	MORPH=empty
lui	il	PROper	MORPH=empty
grant	grant	ADJqua	MORPH=empty
joie	joie	NOMcom	MORPH=empty
demainne	demener	VERcjg	MORPH=empty
,	,	PONfbl	MORPH=empty
et	et	CONcoo	MORPH=empty
jusqu'	jusque	PRE	MORPH=empty
an	en1	PRE	MORPH=empty
ses	son4	DETpos	MORPH=empty
chanbres	chambre1	NOMcom	MORPH=empty
le	il	PROper	MORPH=empty
mainne	mener	VERcjg	MORPH=empty
por	por2	PRE	MORPH=empty
reposer	reposer	VERinf	MORPH=empty
et	et	CONcoo	MORPH=empty
aeisier	aaisier	VERinf	MORPH=empty
.	.	PONfrt	MORPH=empty
Et	et	CONcoo	MORPH=empty
d'	de	PRE	MORPH=empty
acoler	acoler	VERinf	MORPH=empty
et	et	CONcoo	MORPH=empty
de	de	PRE	MORPH=empty
beisier	baisier	VERinf	MORPH=empty
ne	ne1	ADVneg	MORPH=empty
li	il	PROper	MORPH=empty
fist	faire	VERcjg	MORPH=empty
ele	il	PROper	MORPH=empty
nul	nul	DETind	MORPH=empty
dongier	dangier	NOMcom	MORPH=empty
;	;	PONfbl	MORPH=empty
an	en1	PRE	MORPH=empty
leu	lieu	NOMcom	MORPH=empty
de	de	PRE	MORPH=empty
boivre	boivre	VERinf	MORPH=empty
et	et	CONcoo	MORPH=empty
de	de	PRE	MORPH=empty
mangier	mangier	VERinf	MORPH=empty
,	,	PONfbl	MORPH=empty
joent	jöer	VERcjg	MORPH=empty
et	et	CONcoo	MORPH=empty
beisent	baisier	VERcjg	MORPH=empty
et	et	CONcoo	MORPH=empty
acolent	acoler	VERcjg	MORPH=empty
et	et	CONcoo	MORPH=empty
deboneremant	debonairement	ADVgen	MORPH=empty
parolent	parler	VERcjg	MORPH=empty
.	.	PONfrt	MORPH=empty
Mes	mais1	CONcoo	MORPH=empty
Clamadex	Clamadeu	NOMpro	MORPH=empty
folie	folie2	NOMcom	MORPH=empty
pansse	penser	VERcjg	MORPH=empty
,	,	PONfbl	MORPH=empty
qui	qui	PROrel	MORPH=empty
vient	venir	VERcjg	MORPH=empty
et	et	CONcoo	MORPH=empty
cuide	cuidier1	VERcjg	MORPH=empty
sanz	sans	PRE	MORPH=empty
desfansse	defense	NOMcom	MORPH=empty
le	le	DETdef	MORPH=empty
chastel	chastel	NOMcom	MORPH=empty
avoir	avoir	VERinf	MORPH=empty
maintenant	maintenant	ADVgen	MORPH=empty
,	,	PONfbl	MORPH=empty
quant	cant1	CONsub	MORPH=empty
un	un	DETndf	MORPH=empty
vaslet	vaslet	NOMcom	MORPH=empty
grant	grant	ADJqua	MORPH=empty
duel	duel	NOMcom	MORPH=empty
menant	mener	VERppa	MORPH=empty
anmi	enmi	PRE	MORPH=empty
le	le	DETdef	MORPH=empty
chemin	chemin	NOMcom	MORPH=empty
ancontra	encontrer	VERcjg	MORPH=empty
,	,	PONfbl	MORPH=empty
qui	qui	PROrel	MORPH=empty
les	le	DETdef	MORPH=empty
noveles	novele	NOMcom	MORPH=empty
li	il	PROper	MORPH=empty
conta	conter	VERcjg	MORPH=empty
d'	de	PRE	MORPH=empty
Anguinguerron	Anguingueron	NOMpro	MORPH=empty
son	son4	DETpos	MORPH=empty
seneschal	seneschal	NOMcom	MORPH=empty
.	.	PONfrt	MORPH=empty
"	"	PONpxx	MORPH=empty
E	en1	PRE	MORPH=empty
non	nom	NOMcom	MORPH=empty
Deu	Dieu	NOMpro	MORPH=empty
,	,	PONfbl	MORPH=empty
sire	seignor	NOMcom	MORPH=empty
,	,	PONfbl	MORPH=empty
or	or4	ADVgen	MORPH=empty
va	aler	VERcjg	MORPH=empty
mout	mout	ADVgen	MORPH=empty
mal	mal1	ADJqua	MORPH=empty
"	"	PONpxx	MORPH=empty
,	,	PONfbl	MORPH=empty
fet	faire	VERcjg	MORPH=empty
li	le	DETdef	MORPH=empty
vaslez	vaslet	NOMcom	MORPH=empty
,	,	PONfbl	MORPH=empty
qui	qui	PROrel	MORPH=empty
tel	tel	DETind	MORPH=empty
duel	duel	NOMcom	MORPH=empty
fet	faire	VERcjg	MORPH=empty
qu'	que4	CONsub	MORPH=empty
a	a3	PRE	MORPH=empty
ses	son4	DETpos	MORPH=empty
mains	main2	NOMcom	MORPH=empty
ses	son4	DETpos	MORPH=empty
chevox	chevel	NOMcom	MORPH=empty
detret	detraire	VERppe	MORPH=empty
.	.	PONfrt	MORPH=empty
Et	et	CONcoo	MORPH=empty
Clamadex	Clamadeu	NOMpro	MORPH=empty
respont	respondre1	VERcjg	MORPH=empty
:	:	PONfbl	MORPH=empty
"	"	PONpxx	MORPH=empty
De	de	PRE	MORPH=empty
coi	coi2	PROint	MORPH=empty
?	?	PONfrt	MORPH=empty
"	"	PONpxx	MORPH=empty
Et	et	CONcoo	MORPH=empty
li	le	DETdef	MORPH=empty
vaslez	vaslet	NOMcom	MORPH=empty
respont	respondre1	VERcjg	MORPH=empty
:	:	PONfbl	MORPH=empty
"	"	PONpxx	MORPH=empty
Par	par	PRE	MORPH=empty
foi	foi	NOMcom	MORPH=empty
,	,	PONfbl	MORPH=empty
vostre	vostre	DETpos	MORPH=empty
seneschax	seneschal	NOMcom	MORPH=empty
est	estre1	VERcjg	MORPH=empty
conquis	conquerre	VERppe	MORPH=empty
d'	de	PRE	MORPH=empty
armes	arme	NOMcom	MORPH=empty
et	et	CONcoo	MORPH=empty
si	si	ADVgen	MORPH=empty
se	soi1	PROper	MORPH=empty
randra	rendre	VERcjg	MORPH=empty
pris	prendre	VERppe	MORPH=empty
au	a3+le	PRE.DETdef	MORPH=empty
roi	roi2	NOMcom	MORPH=empty
Artus	Artu	NOMpro	MORPH=empty
ou	où	PROrel	MORPH=empty
il	il	PROper	MORPH=empty
s'	soi1	PROper	MORPH=empty
an	en2	PROadv	MORPH=empty
va	aler	VERcjg	MORPH=empty
.	.	PONfrt	MORPH=empty
Qui	qui	PROint	MORPH=empty
a	avoir	VERcjg	MORPH=empty
ce	ce1	PROdem	MORPH=empty
fet	faire	VERppe	MORPH=empty
,	,	PONfbl	MORPH=empty
vaslez	vaslet	NOMcom	MORPH=empty
,	,	PONfbl	MORPH=empty
di	dire	VERcjg	MORPH=empty
va	aler	VERcjg	MORPH=empty
,	,	PONfbl	MORPH=empty
et	et	CONcoo	MORPH=empty
ce	ce1	PROdem	MORPH=empty
,	,	PONfbl	MORPH=empty
comant	coment1	ADVint	MORPH=empty
pot	pöoir	VERcjg	MORPH=empty
avenir	avenant	VERinf	MORPH=empty
?	?	PONfrt	MORPH=empty
Don	dont	PROint	MORPH=empty
pot	pöoir	VERcjg	MORPH=empty
li	le	DETdef	MORPH=empty
chevaliers	chevalier	NOMcom	MORPH=empty
venir	venir	VERinf	MORPH=empty
qui	qui	PROrel	MORPH=empty
si	si	ADVgen	MORPH=empty
prodome	pro	ADJqua	MORPH=empty
et	et	CONcoo	MORPH=empty
si	si	ADVgen	MORPH=empty
vaillant	valoir	VERppa	MORPH=empty
pot	pöoir	VERcjg	MORPH=empty
fere	faire	VERinf	MORPH=empty
d'	de	PRE	MORPH=empty
armes	arme	NOMcom	MORPH=empty
recreant	recroire	VERppa	MORPH=empty
?	?	PONfrt	MORPH=empty
"	"	PONpxx	MORPH=empty
Et	et	CONcoo	MORPH=empty
cil	cel	PROdem	MORPH=empty
respont	respondre1	VERcjg	MORPH=empty
:	:	PONfbl	MORPH=empty
"	"	PONpxx	MORPH=empty
Biax	bel1	ADJqua	MORPH=empty
sire	seignor	NOMcom	MORPH=empty
chiers	chier	ADJqua	MORPH=empty
,	,	PONfbl	MORPH=empty
ne	ne1	ADVneg	MORPH=empty
sai	savoir	VERcjg	MORPH=empty
qui	qui	PROrel	MORPH=empty
fu	estre1	VERcjg	MORPH=empty
li	le	DETdef	MORPH=empty
chevaliers	chevalier	NOMcom	MORPH=empty
,	,	PONfbl	MORPH=empty
mes	mais1	CONcoo	MORPH=empty
tant	tant	ADVgen	MORPH=empty
an	en2	PROadv	MORPH=empty
sai	savoir	VERcjg	MORPH=empty
que	que4	CONsub	MORPH=empty
je	je	PROper	MORPH=empty
le	il	PROper	MORPH=empty
vi	vëoir	VERcjg	MORPH=empty
que	que2	PROrel	MORPH=empty
fors	fors1	ADVgen	MORPH=empty
de	de	PRE	MORPH=empty
Biaurepaire	bel1repeire	NOMpro	MORPH=empty
issi	issir	VERcjg	MORPH=empty
armez	armer	VERppe	MORPH=empty
d'	de	PRE	MORPH=empty
unes	un	DETndf	MORPH=empty
armes	arme	NOMcom	MORPH=empty
vermoilles	vermeil1	ADJqua	MORPH=empty
.	.	PONfrt	MORPH=empty
Et	et	CONcoo	MORPH=empty
puis	puis	ADVgen	MORPH=empty
,	,	PONfbl	MORPH=empty
vaslez	vaslet	NOMcom	MORPH=empty
,	,	PONfbl	MORPH=empty
quar	car	ADVgen	MORPH=empty
me	je	PROper	MORPH=empty
consoilles	conseillier1	VERcjg	MORPH=empty
!	!	PONfrt	MORPH=empty
"	"	PONpxx	MORPH=empty
fet	faire	VERcjg	MORPH=empty
cil	cel	PROdem	MORPH=empty
qui	qui	PROrel	MORPH=empty
par	par	PRE	MORPH=empty
po	poi	ADVgen	MORPH=empty
n'	ne1	ADVneg	MORPH=empty
ist	issir	VERcjg	MORPH=empty
del	de+le	PRE.DETdef	MORPH=empty
san	sen2	NOMcom	MORPH=empty
.	.	PONfrt	MORPH=empty
"	"	PONpxx	MORPH=empty
Quoi	coi2	PROint	MORPH=empty
,	,	PONfbl	MORPH=empty
sire	seignor	NOMcom	MORPH=empty
?	?	PONfrt	MORPH=empty
Retornez	retorner	VERcjg	MORPH=empty
vos	vos	PROper	MORPH=empty
an	en2	PROadv	MORPH=empty
,	,	PONfbl	MORPH=empty
que	que4	CONcoo	MORPH=empty
,	,	PONfbl	MORPH=empty
se	se	CONsub	MORPH=empty
vos	vos	PROper	MORPH=empty
avant	avant	ADVgen	MORPH=empty
aleiez	aler	VERcjg	MORPH=empty
,	,	PONfbl	MORPH=empty
ja	ja	ADVgen	MORPH=empty
,	,	PONfbl	MORPH=empty
ce	ce1	PROdem	MORPH=empty
cuit	cuidier1	VERcjg	MORPH=empty
,	,	PONfbl	MORPH=empty
n'	ne1	ADVneg	MORPH=empty
esploitereiez	esploitier	VERcjg	MORPH=empty
.	.	PONfrt	MORPH=empty
"	"	PONpxx	MORPH=empty
A	a3	PRE	MORPH=empty
ce	ce2	DETdem	MORPH=empty
mot	mot	NOMcom	MORPH=empty
est	estre1	VERcjg	MORPH=empty
avant	avant	ADVgen	MORPH=empty
venuz	venir	VERppe	MORPH=empty
uns	un	DETndf	MORPH=empty
chevaliers	chevalier	NOMcom	MORPH=empty
auques	auques	ADVgen	MORPH=empty
chenuz	chenu	ADJqua	MORPH=empty
,	,	PONfbl	MORPH=empty
qui	qui	PROrel	MORPH=empty
estoit	estre1	VERcjg	MORPH=empty
mestres	maistre	NOMcom	MORPH=empty
Clamadeu	Clamadeu	NOMpro	MORPH=empty
:	:	PONfbl	MORPH=empty
"	"	PONpxx	MORPH=empty
Vaslez	vaslet	NOMcom	MORPH=empty
,	,	PONfbl	MORPH=empty
fet	faire	VERcjg	MORPH=empty
il	il	PROper	MORPH=empty
,	,	PONfbl	MORPH=empty
tu	tu	PROper	MORPH=empty
ne	ne1	ADVneg	MORPH=empty
diz	dire	VERcjg	MORPH=empty
preu	pro	NOMcom	MORPH=empty
.	.	PONfrt	MORPH=empty
Plus	plus	ADVgen	MORPH=empty
sage	sage	ADJqua	MORPH=empty
consoil	conseil	NOMcom	MORPH=empty
et	et	CONcoo	MORPH=empty
plus	plus	ADVgen	MORPH=empty
buen	bon	ADJqua	MORPH=empty
li	il	PROper	MORPH=empty
estuet	estovoir1	VERcjg	MORPH=empty
croire	croire	VERinf	MORPH=empty
que	que4	CONsub	MORPH=empty
le	le	DETdef	MORPH=empty
tuen	tuen	PROpos	MORPH=empty
.	.	PONfrt	MORPH=empty
S'	se	CONsub	MORPH=empty
il	il	PROper	MORPH=empty
te	tu	PROper	MORPH=empty
croit	croire	VERcjg	MORPH=empty
,	,	PONfbl	MORPH=empty
il	il	PROper	MORPH=empty
fera	faire	VERcjg	MORPH=empty
que	que4	CONsub	MORPH=empty
fos	fol3	NOMcom	MORPH=empty
;	;	PONfbl	MORPH=empty
einz	ainz	ADVgen	MORPH=empty
ira	aler	VERcjg	MORPH=empty
avant	avant	ADVgen	MORPH=empty
,	,	PONfbl	MORPH=empty
par	par	PRE	MORPH=empty
mon	mon1	DETpos	MORPH=empty
los	los1	NOMcom	MORPH=empty
.	.	PONfrt	MORPH=empty
"	"	PONpxx	MORPH=empty
Puis	puis	ADVgen	MORPH=empty
dist	dire	VERcjg	MORPH=empty
:	:	PONfbl	MORPH=empty
"	"	PONpxx	MORPH=empty
Sire	seignor	NOMcom	MORPH=empty
,	,	PONfbl	MORPH=empty
volez	voloir	VERcjg	MORPH=empty
savoir	savoir	VERinf	MORPH=empty
comant	coment1	ADVsub	MORPH=empty
vos	vos	PROper	MORPH=empty
porriez	pöoir	VERcjg	MORPH=empty
avoir	avoir	VERinf	MORPH=empty
le	le	DETdef	MORPH=empty
chevalier	chevalier	NOMcom	MORPH=empty
et	et	CONcoo	MORPH=empty
le	le	DETdef	MORPH=empty
chastel	chastel	NOMcom	MORPH=empty
?	?	PONfrt	MORPH=empty
Jel	je+il	PROper.PROper	MORPH=empty
vos	vos	PROper	MORPH=empty
dirai	dire	VERcjg	MORPH=empty
et	et	CONcoo	MORPH=empty
bien	bien1	ADVgen	MORPH=empty
et	et	CONcoo	MORPH=empty
bel	bel1	ADJqua	MORPH=empty
,	,	PONfbl	MORPH=empty
et	et	CONcoo	MORPH=empty
si	si	ADVgen	MORPH=empty
est	estre1	VERcjg	MORPH=empty
mout	mout	ADVgen	MORPH=empty
legier	legier2	ADJqua	MORPH=empty
a	a3	PRE	MORPH=empty
fere	faire	VERinf	MORPH=empty
.	.	PONfrt	MORPH=empty
Dedanz	dedenz	PRE	MORPH=empty
les	le	DETdef	MORPH=empty
murs	mur	NOMcom	MORPH=empty
de	de	PRE	MORPH=empty
Biaurepere	bel1repeire	NOMpro	MORPH=empty
n'	ne1	ADVneg	MORPH=empty
a	avoir	VERcjg	MORPH=empty
que	que2	PROrel	MORPH=empty
boivre	boivre	VERinf	MORPH=empty
ne	ne2	CONcoo	MORPH=empty
que	que2	PROrel	MORPH=empty
mangier	mangier	VERinf	MORPH=empty
,	,	PONfbl	MORPH=empty
si	si	ADVgen	MORPH=empty
sont	estre1	VERcjg	MORPH=empty
foible	foible	ADJqua	MORPH=empty
li	le	DETdef	MORPH=empty
chevalier	chevalier	NOMcom	MORPH=empty
,	,	PONfbl	MORPH=empty
et	et	CONcoo	MORPH=empty
nos	nos1	PROper	MORPH=empty
somes	estre1	VERcjg	MORPH=empty
et	et	CONcoo	MORPH=empty
fort	fort	ADJqua	MORPH=empty
et	et	CONcoo	MORPH=empty
sain	sain	ADJqua	MORPH=empty
,	,	PONfbl	MORPH=empty
si	si	ADVgen	MORPH=empty
n'	ne1	ADVneg	MORPH=empty
avomes	avoir	VERcjg	MORPH=empty
ne	ne2	CONcoo	MORPH=empty
soif	soi2	NOMcom	MORPH=empty
ne	ne2	CONcoo	MORPH=empty
fain	faim	NOMcom	MORPH=empty
,	,	PONfbl	MORPH=empty
si	si	ADVgen	MORPH=empty
porrons	pöoir	VERcjg	MORPH=empty
grant	grant	ADJqua	MORPH=empty
estor	estor2	NOMcom	MORPH=empty
sofrir	sofrir	VERinf	MORPH=empty
se	se	CONsub	MORPH=empty
cil	cel	PROdem	MORPH=empty
dedanz	dedenz	ADVgen	MORPH=empty
osent	oser	VERcjg	MORPH=empty
issir	issir	VERinf	MORPH=empty
a	a3	PRE	MORPH=empty
nos	nos1	PROper	MORPH=empty
ça	ça	ADVgen	MORPH=empty
defors	defors	ADVgen	MORPH=empty
asanbler	assembler	VERinf	MORPH=empty
.	.	PONfrt	MORPH=empty
.XX.	20	DETcar	MORPH=empty
chevaliers	chevalier	NOMcom	MORPH=empty
por	por2	PRE	MORPH=empty
cenbeler	cembel1er	VERinf	MORPH=empty
anvoierons	envoiier	VERcjg	MORPH=empty
devant	devant	PRE	MORPH=empty
la	le	DETdef	MORPH=empty
porte	porte1	NOMcom	MORPH=empty
.	.	PONfrt	MORPH=empty
Li	le	DETdef	MORPH=empty
chevaliers	chevalier	NOMcom	MORPH=empty
,	,	PONfbl	MORPH=empty
devant	devant	PRE	MORPH=empty
la	le	DETdef	MORPH=empty
porte	porte1	NOMcom	MORPH=empty
qui	qui	PROrel	MORPH=empty
se	soi1	PROper	MORPH=empty
deporte	deporter	VERcjg	MORPH=empty
a	a3	PRE	MORPH=empty
Blancheflor	Blancheflor	NOMpro	MORPH=empty
sa	son4	DETpos	MORPH=empty
dolce	douz	ADJqua	MORPH=empty
amie	ami	NOMcom	MORPH=empty
,	,	PONfbl	MORPH=empty
voldra	voloir	VERcjg	MORPH=empty
fere	faire	VERinf	MORPH=empty
chevalerie	chevalerie	NOMcom	MORPH=empty
plus	plus	ADVgen	MORPH=empty
que	que1	CONsub	MORPH=empty
il	il	PROper	MORPH=empty
sofrir	sofrir	VERinf	MORPH=empty
ne	ne1	ADVneg	MORPH=empty
porra	pöoir	VERcjg	MORPH=empty
;	;	PONfbl	MORPH=empty
si	si	ADVgen	MORPH=empty
ert	estre1	VERcjg	MORPH=empty
pris	prendre	VERppe	MORPH=empty
ou	o3	CONcoo	MORPH=empty
il	il	PROper	MORPH=empty
i	i2	PROadv	MORPH=empty
morra	morir	VERcjg	MORPH=empty
,	,	PONfbl	MORPH=empty
que	que4	CONcoo	MORPH=empty
po	poi	PROind	MORPH=empty
d'	de	PRE	MORPH=empty
aïde	äie	NOMcom	MORPH=empty
li	il	PROper	MORPH=empty
feront	faire	VERcjg	MORPH=empty
li	le	DETdef	MORPH=empty
chevalier	chevalier	NOMcom	MORPH=empty
,	,	PONfbl	MORPH=empty
qui	qui	PROrel	MORPH=empty
foible	foible	ADJqua	MORPH=empty
sont	estre1	VERcjg	MORPH=empty
.	.	PONfrt	MORPH=empty
Si	si	ADVgen	MORPH=empty
n'	ne1	ADVneg	MORPH=empty
i	i2	PROadv	MORPH=empty
feront	faire	VERcjg	MORPH=empty
li	le	DETdef	MORPH=empty
.xx.	20	PROcar	MORPH=empty
neant	nïent	PROind	MORPH=empty
,	,	PONfbl	MORPH=empty
mes	mais1	CONcoo	MORPH=empty
qu'	que4	CONsub	MORPH=empty
il	il	PROper	MORPH=empty
les	il	PROper	MORPH=empty
iront	aler	VERcjg	MORPH=empty
fauneant	faunoiier	VERppa	MORPH=empty
tant	tant	ADVgen	MORPH=empty
que	que4	CONsub	MORPH=empty
nos	nos1	PROper	MORPH=empty
par	par	PRE	MORPH=empty
ceste	cest	DETdem	MORPH=empty
valee	valee	NOMcom	MORPH=empty
vanrons	venir	VERcjg	MORPH=empty
sor	sor2	PRE	MORPH=empty
ax	il	PROper	MORPH=empty
si	si	ADVgen	MORPH=empty
an	en1	PRE	MORPH=empty
enblee	emblee	NOMcom	MORPH=empty
,	,	PONfbl	MORPH=empty
ses	si+il	ADVgen.PROper	MORPH=empty
aceindrons	aceindre	VERcjg	MORPH=empty
a	a3	PRE	MORPH=empty
la	le	DETdef	MORPH=empty
forsclose	forclose	NOMcom	MORPH=empty
.	.	PONfrt	MORPH=empty
Par	par	PRE	MORPH=empty
foi	foi	NOMcom	MORPH=empty
,	,	PONfbl	MORPH=empty
je	je	PROper	MORPH=empty
lo	löer1	VERcjg	MORPH=empty
bien	bien1	ADVgen	MORPH=empty
ceste	cest	DETdem	MORPH=empty
chose	chose	NOMcom	MORPH=empty
,	,	PONfbl	MORPH=empty
fet	faire	VERcjg	MORPH=empty
Clamadex	Clamadeu	NOMpro	MORPH=empty
,	,	PONfbl	MORPH=empty
que	que2	PROrel	MORPH=empty
vos	vos	PROper	MORPH=empty
me	je	PROper	MORPH=empty
dites	dire	VERcjg	MORPH=empty
.	.	PONfrt	MORPH=empty
Nos	nos1	PROper	MORPH=empty
avons	avoir	VERcjg	MORPH=empty
ci	ci	ADVgen	MORPH=empty
de	de	PRE	MORPH=empty
genz	gent1	NOMcom	MORPH=empty
eslites	eslire	VERppe	MORPH=empty
.v.	5	DETcar	MORPH=empty
.c.	100	DETcar	MORPH=empty
chevaliers	chevalier	NOMcom	MORPH=empty
toz	tot	ADVgen	MORPH=empty
armez	armer	VERppe	MORPH=empty
et	et	CONcoo	MORPH=empty
mil	mil1	DETcar	MORPH=empty
sergenz	serjant	NOMcom	MORPH=empty
bien	bien1	ADVgen	MORPH=empty
atornez	atorner	VERppe	MORPH=empty
,	,	PONfbl	MORPH=empty
si	si	ADVgen	MORPH=empty
les	il	PROper	MORPH=empty
panrons	prendre	VERcjg	MORPH=empty
come	come1	CONsub	MORPH=empty
gent	gent1	NOMcom	MORPH=empty
morte	morir	VERppe	MORPH=empty
.	.	PONfrt	MORPH=empty
"	"	PONpxx	MORPH=empty
.XX.	20	DETcar	MORPH=empty
chevaliers	chevalier	NOMcom	MORPH=empty
devant	devant	PRE	MORPH=empty
la	le	DETdef	MORPH=empty
porte	porte1	NOMcom	MORPH=empty
i	i2	PROadv	MORPH=empty
a	avoir	VERcjg	MORPH=empty
Clamadex	Clamadeu	NOMpro	MORPH=empty
anvoiez	envoiier	VERppe	MORPH=empty
,	,	PONfbl	MORPH=empty
qui	qui	PROrel	MORPH=empty
tindrent	tenir1	VERcjg	MORPH=empty
au	a3+le	PRE.DETdef	MORPH=empty
vant	vent	NOMcom	MORPH=empty
desploiez	desploiier	VERppe	MORPH=empty
les	le	DETdef	MORPH=empty
confanons	gonfanon	NOMcom	MORPH=empty
et	et	CONcoo	MORPH=empty
les	le	DETdef	MORPH=empty
banieres	baniere	NOMcom	MORPH=empty
,	,	PONfbl	MORPH=empty
qui	qui	PROrel	MORPH=empty
erent	estre1	VERcjg	MORPH=empty
de	de	PRE	MORPH=empty
maintes	maint	DETind	MORPH=empty
menieres	maniere	NOMcom	MORPH=empty
.	.	PONfrt	MORPH=empty
Et	et	CONcoo	MORPH=empty
quant	cant1	CONsub	MORPH=empty
cil	cel	PROdem	MORPH=empty
del	de+le	PRE.DETdef	MORPH=empty
chastel	chastel	NOMcom	MORPH=empty
les	il	PROper	MORPH=empty
virent	vëoir	VERcjg	MORPH=empty
,	,	PONfbl	MORPH=empty
les	le	DETdef	MORPH=empty
portes	porte1	NOMcom	MORPH=empty
a	a3	PRE	MORPH=empty
bandon	bandon	NOMcom	MORPH=empty
ovrirent	ovrir	VERcjg	MORPH=empty
,	,	PONfbl	MORPH=empty
que	que4	CONcoo	MORPH=empty
li	le	DETdef	MORPH=empty
vaslez	vaslet	NOMcom	MORPH=empty
le	il	PROper	MORPH=empty
volt	voloir	VERcjg	MORPH=empty
ensi	ainsi	ADVgen	MORPH=empty
,	,	PONfbl	MORPH=empty
qui	qui	PROrel	MORPH=empty
devant	devant	PRE	MORPH=empty
aus	il	PROper	MORPH=empty
toz	tot	PROind	MORPH=empty
s'	soi1	PROper	MORPH=empty
an	en2	PROadv	MORPH=empty
issi	issir	VERcjg	MORPH=empty
por	por2	PRE	MORPH=empty
asanbler	assembler	VERinf	MORPH=empty
as	a3+le	PRE.DETdef	MORPH=empty
chevaliers	chevalier	NOMcom	MORPH=empty
.	.	PONfrt	MORPH=empty
Come	come1	CONsub	MORPH=empty
hardiz	hardi	ADJqua	MORPH=empty
et	et	CONcoo	MORPH=empty
forz	fort	ADJqua	MORPH=empty
et	et	CONcoo	MORPH=empty
fiers	fier	ADJqua	MORPH=empty
les	il	PROper	MORPH=empty
a	avoir	VERcjg	MORPH=empty
entaschiez	entaschier	VERppe	MORPH=empty
toz	tot	PROind	MORPH=empty
ansanble	ensemble	ADVgen	MORPH=empty
.	.	PONfrt	MORPH=empty
Cui	cui	PROrel	MORPH=empty
il	il	PROper	MORPH=empty
ataint	ataindre	VERcjg	MORPH=empty
,	,	PONfbl	MORPH=empty
pas	pas	ADVneg	MORPH=empty
ne	ne1	ADVneg	MORPH=empty
li	il	PROper	MORPH=empty
sanble	sembler	VERcjg	MORPH=empty
que	que4	CONsub	MORPH=empty
il	il	PROper	MORPH=empty
soit	estre1	VERcjg	MORPH=empty
d'	de	PRE	MORPH=empty
armes	arme	NOMcom	MORPH=empty
aprantiz	aprentiz	NOMcom	MORPH=empty
.	.	PONfrt	MORPH=empty
Le	le	DETdef	MORPH=empty
jor	jor	NOMcom	MORPH=empty
i	i2	PROadv	MORPH=empty
fu	estre1	VERcjg	MORPH=empty
ses	son4	DETpos	MORPH=empty
fers	fer	NOMcom	MORPH=empty
santiz	sentir	VERppe	MORPH=empty
de	de	PRE	MORPH=empty
sa	son4	DETpos	MORPH=empty
lance	lance	NOMcom	MORPH=empty
an	en1	PRE	MORPH=empty
mainte	maint	DETind	MORPH=empty
boele	böele	NOMcom	MORPH=empty
.	.	PONfrt	MORPH=empty
Cui	cui	PROrel	MORPH=empty
perce	percier	VERcjg	MORPH=empty
piz	piz	NOMcom	MORPH=empty
et	et	CONcoo	MORPH=empty
cui	cui	PROrel	MORPH=empty
memele	mamele	NOMcom	MORPH=empty
,	,	PONfbl	MORPH=empty
cui	cui	PROrel	MORPH=empty
brise	brisier	VERcjg	MORPH=empty
braz	braz	NOMcom	MORPH=empty
et	et	CONcoo	MORPH=empty
cui	cui	PROrel	MORPH=empty
chanole	chanole	NOMcom	MORPH=empty
;	;	PONfbl	MORPH=empty
cestui	cest	PROdem	MORPH=empty
abat	abatre	VERcjg	MORPH=empty
,	,	PONfbl	MORPH=empty
cestui	cest	PROdem	MORPH=empty
afole	afoler1	VERcjg	MORPH=empty
;	;	PONfbl	MORPH=empty
les	le	DETdef	MORPH=empty
prisons	prison	NOMcom	MORPH=empty
et	et	CONcoo	MORPH=empty
les	le	DETdef	MORPH=empty
chevax	cheval	NOMcom	MORPH=empty
rant	rendre	VERcjg	MORPH=empty
et	et	CONcoo	MORPH=empty
si	si	ADVgen	MORPH=empty
les	il	PROper	MORPH=empty
baille	baillier	VERcjg	MORPH=empty
maintenant	maintenant	ADVgen	MORPH=empty
a	a3	PRE	MORPH=empty
ces	ce2	PROdem	MORPH=empty
qui	qui	PROrel	MORPH=empty
mestier	mestier	NOMcom	MORPH=empty
en	en2	PROadv	MORPH=empty
avoient	avoir	VERcjg	MORPH=empty
,	,	PONfbl	MORPH=empty
tant	tant	ADVgen	MORPH=empty
que	que4	CONsub	MORPH=empty
les	le	DETdef	MORPH=empty
granz	grant	ADJqua	MORPH=empty
batailles	bataille	NOMcom	MORPH=empty
voient	vëoir	VERcjg	MORPH=empty
qui	qui	PROrel	MORPH=empty
tot	tot	DETind	MORPH=empty
le	le	DETdef	MORPH=empty
val	val1	NOMcom	MORPH=empty
orent	avoir	VERcjg	MORPH=empty
monté	monter	VERppe	MORPH=empty
,	,	PONfbl	MORPH=empty
et	et	CONcoo	MORPH=empty
il	il	PROper	MORPH=empty
furent	estre1	VERcjg	MORPH=empty
.v.	5	DETcar	MORPH=empty
.c.	100	DETcar	MORPH=empty
conté	conter	VERppe	MORPH=empty
estre	estre4	PRE	MORPH=empty
les	le	DETdef	MORPH=empty
mil	mil1	DETcar	MORPH=empty
sergenz	serjant	NOMcom	MORPH=empty
qui	qui	PROrel	MORPH=empty
vindrent	venir	VERcjg	MORPH=empty
,	,	PONfbl	MORPH=empty
qui	qui	PROrel	MORPH=empty
grant	grant	ADJqua	MORPH=empty
partie	partie	NOMcom	MORPH=empty
del	de+le	PRE.DETdef	MORPH=empty
chanp	champ	NOMcom	MORPH=empty
tindrent	tenir1	VERcjg	MORPH=empty
vers	vers2	PRE	MORPH=empty
la	le	DETdef	MORPH=empty
porte	porte1	NOMcom	MORPH=empty
qui	qui	PROrel	MORPH=empty
fu	estre1	VERcjg	MORPH=empty
overte	ovrir	VERppe	MORPH=empty
.	.	PONfrt	MORPH=empty
Et	et	CONcoo	MORPH=empty
li	le	DETdef	MORPH=empty
autre	autre	PROind	MORPH=empty
voient	vëoir	VERcjg	MORPH=empty
la	le	DETdef	MORPH=empty
perte	perte	NOMcom	MORPH=empty
de	de	PRE	MORPH=empty
lor	lor2	DETpos	MORPH=empty
gent	gent1	NOMcom	MORPH=empty
afolee	afoler1	VERppe	MORPH=empty
et	et	CONcoo	MORPH=empty
morte	morir	VERppe	MORPH=empty
,	,	PONfbl	MORPH=empty
si	si	ADVgen	MORPH=empty
s'	soi1	PROper	MORPH=empty
an	en2	PROadv	MORPH=empty
vindrent	venir	VERcjg	MORPH=empty
droit	droit	ADJqua	MORPH=empty
a	a3	PRE	MORPH=empty
la	le	DETdef	MORPH=empty
porte	porte1	NOMcom	MORPH=empty
trestuit	trestot	ADVgen	MORPH=empty
sarré	serrer	VERppe	MORPH=empty
et	et	CONcoo	MORPH=empty
atirié	atirier	VERppe	MORPH=empty
,	,	PONfbl	MORPH=empty
et	et	CONcoo	MORPH=empty
cil	cel	PROdem	MORPH=empty
se	soi1	PROper	MORPH=empty
tindrent	tenir1	VERcjg	MORPH=empty
tuit	tot	PROind	MORPH=empty
rangié	rengier1	VERppe	MORPH=empty
an	en1	PRE	MORPH=empty
lor	lor2	DETpos	MORPH=empty
portes	porte1	NOMcom	MORPH=empty
sarreemant	serreement	ADVgen	MORPH=empty
,	,	PONfbl	MORPH=empty
ses	si+il	ADVgen.PROper	MORPH=empty
reçoivent	recevoir	VERcjg	MORPH=empty
hardiemant	hardïement	ADVgen	MORPH=empty
.	.	PONfrt	MORPH=empty
Mes	mais1	CONcoo	MORPH=empty
foible	foible	ADJqua	MORPH=empty
gent	gent1	NOMcom	MORPH=empty
et	et	CONcoo	MORPH=empty
petit	petit	ADJqua	MORPH=empty
furent	estre1	VERcjg	MORPH=empty
,	,	PONfbl	MORPH=empty
et	et	CONcoo	MORPH=empty
li	le	DETdef	MORPH=empty
autre	autre	PROind	MORPH=empty
de	de	PRE	MORPH=empty
force	force2	NOMcom	MORPH=empty
crurent	croistre	VERcjg	MORPH=empty
de	de	PRE	MORPH=empty
lor	lor2	DETpos	MORPH=empty
genz	gent1	NOMcom	MORPH=empty
qui	qui	PROrel	MORPH=empty
seüz	sivre	VERppe	MORPH=empty
les	il	PROper	MORPH=empty
orent	avoir	VERcjg	MORPH=empty
,	,	PONfbl	MORPH=empty
tant	tant	ADVgen	MORPH=empty
que	que4	CONsub	MORPH=empty
cil	cel	PROdem	MORPH=empty
sofrir	sofrir	VERinf	MORPH=empty
ne	ne1	ADVneg	MORPH=empty
les	il	PROper	MORPH=empty
porent	pöoir	VERcjg	MORPH=empty
,	,	PONfbl	MORPH=empty
mes	mais1	CONcoo	MORPH=empty
an	en1	PRE	MORPH=empty
lor	lor2	DETpos	MORPH=empty
chastel	chastel	NOMcom	MORPH=empty
se	soi1	PROper	MORPH=empty
retraient	retraire	VERcjg	MORPH=empty
.	.	PONfrt	MORPH=empty
Sor	sor2	PRE	MORPH=empty
la	le	DETdef	MORPH=empty
porte	porte1	NOMcom	MORPH=empty
ot	avoir	VERcjg	MORPH=empty
archiers	archier	NOMcom	MORPH=empty
qui	qui	PROrel	MORPH=empty
traient	traire	VERcjg	MORPH=empty
an	en1	PRE	MORPH=empty
la	le	DETdef	MORPH=empty
grant	grant	ADJqua	MORPH=empty
fole	fole	NOMcom	MORPH=empty
et	et	CONcoo	MORPH=empty
an	en1	PRE	MORPH=empty
la	le	DETdef	MORPH=empty
presse	presse	NOMcom	MORPH=empty
,	,	PONfbl	MORPH=empty
qui	qui	PROrel	MORPH=empty
mout	mout	ADVgen	MORPH=empty
ert	estre1	VERcjg	MORPH=empty
ardanz	ardre	VERppa	MORPH=empty
et	et	CONcoo	MORPH=empty
angresse	engrès	ADJqua	MORPH=empty
d'	de	PRE	MORPH=empty
antrer	entrer	VERinf	MORPH=empty
el	en1+le	PRE.DETdef	MORPH=empty
chastel	chastel	NOMcom	MORPH=empty
a	a3	PRE	MORPH=empty
bandon	bandon	NOMcom	MORPH=empty
,	,	PONfbl	MORPH=empty
tant	tant	ADVgen	MORPH=empty
c'	que4	CONsub	MORPH=empty
une	un	DETndf	MORPH=empty
flote	flote3	NOMcom	MORPH=empty
de	de	PRE	MORPH=empty
randon	randon	NOMcom	MORPH=empty
s'	soi1	PROper	MORPH=empty
est	estre1	VERcjg	MORPH=empty
dedanz	dedenz	ADVgen	MORPH=empty
a	a3	PRE	MORPH=empty
force	force2	NOMcom	MORPH=empty
anbatue	embatre	VERppe	MORPH=empty
.	.	PONfrt	MORPH=empty
Et	et	CONcoo	MORPH=empty
cil	cel	PROdem	MORPH=empty
dedanz	dedenz	ADVgen	MORPH=empty
ont	avoir	VERcjg	MORPH=empty
abatue	abatre	VERppe	MORPH=empty
une	un	DETndf	MORPH=empty
porte	porte1	NOMcom	MORPH=empty
sor	sor2	PRE	MORPH=empty
ces	ce2	PROdem	MORPH=empty
desoz	desoz	ADVgen	MORPH=empty
,	,	PONfbl	MORPH=empty
ques	que2+il	PROrel.PROper	MORPH=empty
ocit	ocire	VERcjg	MORPH=empty
et	et	CONcoo	MORPH=empty
esquaiche	escachier	VERcjg	MORPH=empty
toz	tot	DETind	MORPH=empty
cez	ce2	PROdem	MORPH=empty
que	que2	PROrel	MORPH=empty
consilt	consivre	VERcjg	MORPH=empty
an	en1	PRE	MORPH=empty
son	son4	DETpos	MORPH=empty
cheoir	chëoir	VERinf	MORPH=empty
.	.	PONfrt	MORPH=empty
Et	et	CONcoo	MORPH=empty
rien	rien	NOMcom	MORPH=empty
nule	nul	ADJind	MORPH=empty
ne	ne1	ADVneg	MORPH=empty
puet	pöoir	VERcjg	MORPH=empty
veoir	vëoir	VERinf	MORPH=empty
Clamadex	Clamadeu	NOMpro	MORPH=empty
don	dont	PROrel	MORPH=empty
soit	estre1	VERcjg	MORPH=empty
si	si	ADVgen	MORPH=empty
dolanz	dolent	ADJqua	MORPH=empty
,	,	PONfbl	MORPH=empty
que	que4	CONsub	MORPH=empty
mout	mout	ADVgen	MORPH=empty
a	avoir	VERcjg	MORPH=empty
la	le	DETdef	MORPH=empty
porte	porte1	NOMcom	MORPH=empty
colanz	coler1	VERppa	MORPH=empty
de	de	PRE	MORPH=empty
ses	son4	DETpos	MORPH=empty
genz	gent1	NOMcom	MORPH=empty
morz	morir	VERppe	MORPH=empty
,	,	PONfbl	MORPH=empty
et	et	CONcoo	MORPH=empty
lui	il	PROper	MORPH=empty
forsclos	forclore	VERppe	MORPH=empty
,	,	PONfbl	MORPH=empty
s'	si	ADVgen	MORPH=empty
estuet	estovoir1	VERcjg	MORPH=empty
qu'	que4	CONsub	MORPH=empty
il	il	PROper	MORPH=empty
remaingne	remanoir	VERcjg	MORPH=empty
a	a3	PRE	MORPH=empty
repos	repos	NOMcom	MORPH=empty
,	,	PONfbl	MORPH=empty
et	et	CONcoo	MORPH=empty
li	le	DETdef	MORPH=empty
asauz	assaut	NOMcom	MORPH=empty
en	en1	PRE	MORPH=empty
si	si	ADVgen	MORPH=empty
grant	grant	ADJqua	MORPH=empty
haste	haste2	NOMcom	MORPH=empty
ne	ne1	ADVneg	MORPH=empty
seroit	estre1	VERcjg	MORPH=empty
mes	mais1	ADVgen	MORPH=empty
que	que4	CONsub	MORPH=empty
peinne	peine	NOMcom	MORPH=empty
gaste	gast1	ADJqua	MORPH=empty
.	.	PONfrt	MORPH=empty
Et	et	CONcoo	MORPH=empty
ses	son4	DETpos	MORPH=empty
mestres	maistre	NOMcom	MORPH=empty
qui	qui	PROrel	MORPH=empty
le	il	PROper	MORPH=empty
consoille	conseillier1	VERcjg	MORPH=empty
dist	dire	VERcjg	MORPH=empty
:	:	PONfbl	MORPH=empty
"	"	PONpxx	MORPH=empty
Sire	seignor	NOMcom	MORPH=empty
,	,	PONfbl	MORPH=empty
il	il	PROimp	MORPH=empty
n'	ne1	ADVneg	MORPH=empty
est	estre1	VERcjg	MORPH=empty
mie	mie	ADVneg	MORPH=empty
mervoille	merveille	NOMcom	MORPH=empty
de	de	PRE	MORPH=empty
prodome	pro	NOMcom	MORPH=empty
,	,	PONfbl	MORPH=empty
s'	se	CONsub	MORPH=empty
il	il	PROimp	MORPH=empty
li	il	PROper	MORPH=empty
meschiet	meschëoir	VERcjg	MORPH=empty
.	.	PONfrt	MORPH=empty
Si	si	ADVgen	MORPH=empty
con	come1	CONsub	MORPH=empty
Damedeu	Damnedeu	NOMpro	MORPH=empty
plest	plaire	VERcjg	MORPH=empty
et	et	CONcoo	MORPH=empty
siet	sëoir	VERcjg	MORPH=empty
,	,	PONfbl	MORPH=empty
chiet	chëoir	VERcjg	MORPH=empty
bien	bien1	ADVgen	MORPH=empty
et	et	CONcoo	MORPH=empty
mal	mal1	ADJqua	MORPH=empty
,	,	PONfbl	MORPH=empty
bien	bien1	ADVgen	MORPH=empty
le	il	PROper	MORPH=empty
savomes	savoir	VERcjg	MORPH=empty
.	.	PONfrt	MORPH=empty
Perduz	perdre	VERppe	MORPH=empty
i	i2	PROadv	MORPH=empty
avez	avoir	VERcjg	MORPH=empty
de	de	PRE	MORPH=empty
voz	vostre	DETpos	MORPH=empty
homes	ome	NOMcom	MORPH=empty
,	,	PONfbl	MORPH=empty
mes	mais1	CONcoo	MORPH=empty
il	il	PROimp	MORPH=empty
n'	ne1	ADVneg	MORPH=empty
est	estre1	VERcjg	MORPH=empty
sainz	saint	NOMcom	MORPH=empty
qui	qui	PROrel	MORPH=empty
n'	ne1	ADVneg	MORPH=empty
ait	avoir	VERcjg	MORPH=empty
sa	son4	DETpos	MORPH=empty
feste	feste1	NOMcom	MORPH=empty
.	.	PONfrt	MORPH=empty
Cheoite	chëoir	VERppe	MORPH=empty
est	estre1	VERcjg	MORPH=empty
sor	sor2	PRE	MORPH=empty
vos	vos	PROper	MORPH=empty
la	le	DETdef	MORPH=empty
tanpeste	tempeste	NOMcom	MORPH=empty
,	,	PONfbl	MORPH=empty
si	si	ADVgen	MORPH=empty
sont	estre1	VERcjg	MORPH=empty
li	le	DETdef	MORPH=empty
vostre	vostre	PROpos	MORPH=empty
maheignié	mahaignier	VERppe	MORPH=empty
et	et	CONcoo	MORPH=empty
cil	cel	PROdem	MORPH=empty
dedanz	dedenz	ADVgen	MORPH=empty
ont	avoir	VERcjg	MORPH=empty
gaaignié	gäaignier1	VERppe	MORPH=empty
,	,	PONfbl	MORPH=empty
mes	mais1	CONcoo	MORPH=empty
il	il	PROper	MORPH=empty
reperdront	reperdre	VERcjg	MORPH=empty
,	,	PONfbl	MORPH=empty
ce	ce1	PROdem	MORPH=empty
sachiez	savoir	VERcjg	MORPH=empty
.	.	PONfrt	MORPH=empty
Les	le	DETdef	MORPH=empty
ialz	ueil	NOMcom	MORPH=empty
amedeus	ambedos	ADJcar	MORPH=empty
me	je	PROper	MORPH=empty
sachiez	sachier2	VERcjg	MORPH=empty
s'	se	CONsub	MORPH=empty
il	il	PROper	MORPH=empty
demorent	demorer	VERcjg	MORPH=empty
ceanz	çaienz	ADVgen	MORPH=empty
.v.	5	DETcar	MORPH=empty
jorz	jor	NOMcom	MORPH=empty
.	.	PONfrt	MORPH=empty
Vostre	vostre	PROpos	MORPH=empty
iert	estre1	VERcjg	MORPH=empty
li	le	DETdef	MORPH=empty
chastiax	chastel	NOMcom	MORPH=empty
et	et	CONcoo	MORPH=empty
la	le	DETdef	MORPH=empty
torz	tor2	NOMcom	MORPH=empty
,	,	PONfbl	MORPH=empty
qu'	que4	CONcoo	MORPH=empty
il	il	PROper	MORPH=empty
s'	soi1	PROper	MORPH=empty
an	en2	PROadv	MORPH=empty
istront	issir	VERcjg	MORPH=empty
tuit	tot	PROind	MORPH=empty
a	a3	PRE	MORPH=empty
merci	merci	NOMcom	MORPH=empty
.	.	PONfrt	MORPH=empty
Se	se	CONsub	MORPH=empty
vos	vos	PROper	MORPH=empty
volez	voloir	VERcjg	MORPH=empty
demorer	demorer	VERinf	MORPH=empty
ci	ci	ADVgen	MORPH=empty
tant	tant	ADVgen	MORPH=empty
solemant	solement2	ADVgen	MORPH=empty
hui	ui	ADVgen	MORPH=empty
et	et	CONcoo	MORPH=empty
demain	demain	ADVgen	MORPH=empty
,	,	PONfbl	MORPH=empty
li	le	DETdef	MORPH=empty
chastiax	chastel	NOMcom	MORPH=empty
iert	estre1	VERcjg	MORPH=empty
an	en1	PRE	MORPH=empty
vostre	vostre	DETpos	MORPH=empty
main	main2	NOMcom	MORPH=empty
;	;	PONfbl	MORPH=empty
neïs	nëis	ADVgen	MORPH=empty
cele	cel	PROdem	MORPH=empty
qui	qui	PROrel	MORPH=empty
tant	tant	ADVgen	MORPH=empty
vos	vos	PROper	MORPH=empty
a	avoir	VERcjg	MORPH=empty
refusé	refuser	VERppe	MORPH=empty
,	,	PONfbl	MORPH=empty
vos	vos	PROper	MORPH=empty
reprïera	repriier	VERcjg	MORPH=empty
que	que4	CONsub	MORPH=empty
vos	vos	PROper	MORPH=empty
por	por2	PRE	MORPH=empty
Deu	Dieu	NOMpro	MORPH=empty
la	il	PROper	MORPH=empty
daingniez	deignier	VERcjg	MORPH=empty
prandre	prendre	VERinf	MORPH=empty
.	.	PONfrt	MORPH=empty
"	"	PONpxx	MORPH=empty
Lors	lors	ADVgen	MORPH=empty
ont	avoir	VERcjg	MORPH=empty
fet	faire	VERppe	MORPH=empty
son	son4	DETpos	MORPH=empty
pavellon	paveillon	NOMcom	MORPH=empty
tandre	tendre1	VERcjg	MORPH=empty
et	et	CONcoo	MORPH=empty
toz	tot	DETind	MORPH=empty
ces	ce2	PROdem	MORPH=empty
qu'	que2	PROrel	MORPH=empty
aportez	aporter	VERppe	MORPH=empty
i	i2	PROadv	MORPH=empty
orent	avoir	VERcjg	MORPH=empty
,	,	PONfbl	MORPH=empty
et	et	CONcoo	MORPH=empty
li	le	DETdef	MORPH=empty
autre	autre	PROind	MORPH=empty
si	si	ADVgen	MORPH=empty
con	come1	CONsub	MORPH=empty
il	il	PROper	MORPH=empty
porent	pöoir	VERcjg	MORPH=empty
se	soi1	PROper	MORPH=empty
logierent	logier	VERcjg	MORPH=empty
et	et	CONcoo	MORPH=empty
atornerent	atorner	VERcjg	MORPH=empty
;	;	PONfbl	MORPH=empty
et	et	CONcoo	MORPH=empty
cil	cel	PROdem	MORPH=empty
dedanz	dedenz	ADVgen	MORPH=empty
se	soi1	PROper	MORPH=empty
desarmerent	desarmer	VERcjg	MORPH=empty
.	.	PONfrt	MORPH=empty
Les	le	DETdef	MORPH=empty
chevaliers	chevalier	NOMcom	MORPH=empty
qu'	que2	PROrel	MORPH=empty
il	il	PROper	MORPH=empty
orent	avoir	VERcjg	MORPH=empty
pris	prendre	VERppe	MORPH=empty
,	,	PONfbl	MORPH=empty
n'	ne2	CONcoo	MORPH=empty
an	en1	PRE	MORPH=empty
torz	tor2	NOMcom	MORPH=empty
n'	ne2	CONcoo	MORPH=empty
an	en1	PRE	MORPH=empty
fers	fer	NOMcom	MORPH=empty
ne	ne1	ADVneg	MORPH=empty
les	il	PROper	MORPH=empty
ont	avoir	VERcjg	MORPH=empty
mis	metre2	VERppe	MORPH=empty
,	,	PONfbl	MORPH=empty
mes	mais1	CONcoo	MORPH=empty
qu'	que4	CONsub	MORPH=empty
il	il	PROper	MORPH=empty
plevirent	plevir	VERcjg	MORPH=empty
solemant	solement2	ADVgen	MORPH=empty
come	come1	CONsub	MORPH=empty
chevalier	chevalier	NOMcom	MORPH=empty
lëaumant	lëaument	ADVgen	MORPH=empty
que	que4	CONsub	MORPH=empty
il	il	PROper	MORPH=empty
leal	lëal	ADJqua	MORPH=empty
prison	prison	NOMcom	MORPH=empty
tanroient	tenir1	VERcjg	MORPH=empty
,	,	PONfbl	MORPH=empty
et	et	CONcoo	MORPH=empty
ja	ja	ADVgen	MORPH=empty
nul	nul	DETind	MORPH=empty
mal	mal1	NOMcom	MORPH=empty
ne	ne1	ADVneg	MORPH=empty
lor	il	PROper	MORPH=empty
querroient	querre	VERcjg	MORPH=empty
.	.	PONfrt	MORPH=empty
Ensi	ainsi	ADVgen	MORPH=empty
furent	estre1	VERcjg	MORPH=empty
antr'	entre	PRE	MORPH=empty
ax	il	PROper	MORPH=empty
leanz	laienz	ADVgen	MORPH=empty
.	.	PONfrt	MORPH=empty
Ce	ce2	DETdem	MORPH=empty
jor	jor	NOMcom	MORPH=empty
meïsmes	mëisme	ADJind	MORPH=empty
uns	un	DETndf	MORPH=empty
granz	grant	ADJqua	MORPH=empty
vanz	vent	NOMcom	MORPH=empty
ot	avoir	VERcjg	MORPH=empty
par	par	PRE	MORPH=empty
mer	mer	NOMcom	MORPH=empty
chaciee	chacier	VERppe	MORPH=empty
une	un	DETndf	MORPH=empty
barge	barge	NOMcom	MORPH=empty
qui	qui	PROrel	MORPH=empty
de	de	PRE	MORPH=empty
fromant	forment2	NOMcom	MORPH=empty
portoit	porter	VERcjg	MORPH=empty
grant	grant	ADJqua	MORPH=empty
charge	charge	NOMcom	MORPH=empty
et	et	CONcoo	MORPH=empty
d'	de	PRE	MORPH=empty
altre	autre	DETind	MORPH=empty
vitaille	vitaille	NOMcom	MORPH=empty
estoit	estre1	VERcjg	MORPH=empty
plainne	plein	ADJqua	MORPH=empty
.	.	PONfrt	MORPH=empty
Si	si	ADVgen	MORPH=empty
con	come1	CONsub	MORPH=empty
Deu	Dieu	NOMpro	MORPH=empty
plot	plaire	VERcjg	MORPH=empty
,	,	PONfbl	MORPH=empty
antiere	entier	ADJqua	MORPH=empty
et	et	CONcoo	MORPH=empty
sainne	sain	ADJqua	MORPH=empty
est	estre1	VERcjg	MORPH=empty
devant	devant	PRE	MORPH=empty
le	le	DETdef	MORPH=empty
chastel	chastel	NOMcom	MORPH=empty
venue	venir	VERppe	MORPH=empty
;	;	PONfbl	MORPH=empty
et	et	CONcoo	MORPH=empty
quant	cant1	CONsub	MORPH=empty
cil	cel	PROdem	MORPH=empty
dedanz	dedenz	ADVgen	MORPH=empty
l'	il	PROper	MORPH=empty
ont	avoir	VERcjg	MORPH=empty
veüe	vëoir	VERppe	MORPH=empty
,	,	PONfbl	MORPH=empty
s'	si	ADVgen	MORPH=empty
anvoient	envoiier	VERcjg	MORPH=empty
savoir	savoir	VERinf	MORPH=empty
et	et	CONcoo	MORPH=empty
anquerre	enquerre	VERinf	MORPH=empty
qui	qui	PROrel	MORPH=empty
il	il	PROper	MORPH=empty
sont	estre1	VERcjg	MORPH=empty
et	et	CONcoo	MORPH=empty
que	que2	PROrel	MORPH=empty
il	il	PROper	MORPH=empty
vont	aler	VERcjg	MORPH=empty
querre	querre	VERinf	MORPH=empty
.	.	PONfrt	MORPH=empty
Atant	atant	ADVgen	MORPH=empty
del	de+le	PRE.DETdef	MORPH=empty
chastel	chastel	NOMcom	MORPH=empty
avalerent	avaler	VERcjg	MORPH=empty
cil	cel	PROdem	MORPH=empty
qui	qui	PROrel	MORPH=empty
ancontre	encontre1	ADVgen	MORPH=empty
lor	il	PROper	MORPH=empty
alerent	aler	VERcjg	MORPH=empty
,	,	PONfbl	MORPH=empty
si	si	ADVgen	MORPH=empty
demandent	demander	VERcjg	MORPH=empty
quex	quel1	DETrel	MORPH=empty
genz	gent1	NOMcom	MORPH=empty
il	il	PROper	MORPH=empty
sont	estre1	VERcjg	MORPH=empty
,	,	PONfbl	MORPH=empty
qu'	que2	PROrel	MORPH=empty
il	il	PROper	MORPH=empty
demandent	demander	VERcjg	MORPH=empty
et	et	CONcoo	MORPH=empty
ou	où	PROrel	MORPH=empty
il	il	PROper	MORPH=empty
vont	aler	VERcjg	MORPH=empty
.	.	PONfrt	MORPH=empty
Et	et	CONcoo	MORPH=empty
cil	cel	PROdem	MORPH=empty
dïent	dire	VERcjg	MORPH=empty
:	:	PONfbl	MORPH=empty
"	"	PONpxx	MORPH=empty
Marcheant	marchëant	NOMcom	MORPH=empty
somes	estre1	VERcjg	MORPH=empty
,	,	PONfbl	MORPH=empty
qui	qui	PROrel	MORPH=empty
vitaille	vitaille	NOMcom	MORPH=empty
a	a3	PRE	MORPH=empty
vandre	vendre	VERinf	MORPH=empty
amenomes	amener	VERcjg	MORPH=empty
.	.	PONfrt	MORPH=empty
Pain	pain	NOMcom	MORPH=empty
et	et	CONcoo	MORPH=empty
vin	vin	NOMcom	MORPH=empty
et	et	CONcoo	MORPH=empty
bacons	bacon	NOMcom	MORPH=empty
salez	saler	VERppe	MORPH=empty
et	et	CONcoo	MORPH=empty
pors	porc	NOMcom	MORPH=empty
et	et	CONcoo	MORPH=empty
bués	buef	NOMcom	MORPH=empty
avons	avoir	VERcjg	MORPH=empty
asez	assez	ADVgen	MORPH=empty
por	por2	PRE	MORPH=empty
vandre	vendre	VERinf	MORPH=empty
,	,	PONfbl	MORPH=empty
se	se	CONsub	MORPH=empty
besoinz	besoing	NOMcom	MORPH=empty
estoit	estre1	VERcjg	MORPH=empty
.	.	PONfrt	MORPH=empty
"	"	PONpxx	MORPH=empty
Et	et	CONcoo	MORPH=empty
cil	cel	PROdem	MORPH=empty
dïent	dire	VERcjg	MORPH=empty
:	:	PONfbl	MORPH=empty
"	"	PONpxx	MORPH=empty
Beneoiz	benëir	VERppe	MORPH=empty
soit	estre1	VERcjg	MORPH=empty
Dex	Dieu	NOMpro	MORPH=empty
,	,	PONfbl	MORPH=empty
qui	qui	PROrel	MORPH=empty
au	a3+le	PRE.DETdef	MORPH=empty
vant	vent	NOMcom	MORPH=empty
dona	doner	VERcjg	MORPH=empty
la	le	DETdef	MORPH=empty
force	force2	NOMcom	MORPH=empty
qui	qui	PROrel	MORPH=empty
ça	ça	ADVgen	MORPH=empty
vos	vos	PROper	MORPH=empty
amena	amener	VERcjg	MORPH=empty
a	a3	PRE	MORPH=empty
orce	orce	NOMcom	MORPH=empty
,	,	PONfbl	MORPH=empty
et	et	CONcoo	MORPH=empty
vos	vos	PROper	MORPH=empty
soiez	estre1	VERcjg	MORPH=empty
li	le	DETdef	MORPH=empty
bien	bien1	ADVgen	MORPH=empty
venu	venir	VERppe	MORPH=empty
!	!	PONfrt	MORPH=empty
Traiez	traire	VERcjg	MORPH=empty
fors	fors1	ADVgen	MORPH=empty
,	,	PONfbl	MORPH=empty
que	que4	CONcoo	MORPH=empty
tot	tot	PROind	MORPH=empty
est	estre1	VERcjg	MORPH=empty
vandu	vendre	VERppe	MORPH=empty
si	si	ADVgen	MORPH=empty
chier	chier	ADJqua	MORPH=empty
con	come1	CONsub	MORPH=empty
vos	vos	PROper	MORPH=empty
le	il	PROper	MORPH=empty
voldrez	voloir	VERcjg	MORPH=empty
vandre	vendre	VERinf	MORPH=empty
,	,	PONfbl	MORPH=empty
et	et	CONcoo	MORPH=empty
si	si	ADVgen	MORPH=empty
venez	venir	VERcjg	MORPH=empty
vostre	vostre	DETpos	MORPH=empty
argent	argent	NOMcom	MORPH=empty
prandre	prendre	VERinf	MORPH=empty
,	,	PONfbl	MORPH=empty
que	que4	CONcoo	MORPH=empty
ne	ne1	ADVneg	MORPH=empty
vos	vos	PROper	MORPH=empty
porrez	pöoir	VERcjg	MORPH=empty
desconbrer	descombrer	VERinf	MORPH=empty
de	de	PRE	MORPH=empty
recevoir	recevoir	VERinf	MORPH=empty
ne	ne2	CONcoo	MORPH=empty
de	de	PRE	MORPH=empty
nonbrer	nombrer	VERinf	MORPH=empty
plates	plate	NOMcom	MORPH=empty
d'	de	PRE	MORPH=empty
or	or1	NOMcom	MORPH=empty
ne	ne2	CONcoo	MORPH=empty
plates	plate	NOMcom	MORPH=empty
d'	de	PRE	MORPH=empty
argent	argent	NOMcom	MORPH=empty
que	que2	PROrel	MORPH=empty
vos	vos	PROper	MORPH=empty
donrons	doner	VERcjg	MORPH=empty
por	por2	PRE	MORPH=empty
le	le	DETdef	MORPH=empty
fromant	forment2	NOMcom	MORPH=empty
;	;	PONfbl	MORPH=empty
et	et	CONcoo	MORPH=empty
por	por2	PRE	MORPH=empty
le	le	DETdef	MORPH=empty
vin	vin	NOMcom	MORPH=empty
et	et	CONcoo	MORPH=empty
por	por2	PRE	MORPH=empty
la	le	DETdef	MORPH=empty
char	char2	NOMcom	MORPH=empty
vos	vos	PROper	MORPH=empty
donromes	doner	VERcjg	MORPH=empty
chargié	chargier	VERppe	MORPH=empty
.i.	un	DETndf	MORPH=empty
char	char1	NOMcom	MORPH=empty
,	,	PONfbl	MORPH=empty
ou	o3	CONcoo	MORPH=empty
plus	plus	ADVgen	MORPH=empty
,	,	PONfbl	MORPH=empty
se	se	CONsub	MORPH=empty
fere	faire	VERinf	MORPH=empty
le	il	PROper	MORPH=empty
besoigne	besoignier	VERcjg	MORPH=empty
.	.	PONfrt	MORPH=empty
"	"	PONpxx	MORPH=empty
Or	or4	ADVgen	MORPH=empty
ont	avoir	VERcjg	MORPH=empty
bien	bien1	ADVgen	MORPH=empty
fete	faire	VERppe	MORPH=empty
lor	lor2	DETpos	MORPH=empty
besoigne	besoigne	NOMcom	MORPH=empty
cil	cel	PROdem	MORPH=empty
qui	qui	PROrel	MORPH=empty
achatent	achater	VERcjg	MORPH=empty
et	et	CONcoo	MORPH=empty
qui	qui	PROrel	MORPH=empty
vandent	vendre	VERcjg	MORPH=empty
.	.	PONfrt	MORPH=empty
A	a3	PRE	MORPH=empty
la	le	DETdef	MORPH=empty
nef	nef2	NOMcom	MORPH=empty
deschargier	deschargier	VERinf	MORPH=empty
antandent	entendre	VERcjg	MORPH=empty
,	,	PONfbl	MORPH=empty
s'	si	ADVgen	MORPH=empty
an	en2	PROadv	MORPH=empty
font	faire	VERcjg	MORPH=empty
tot	tot	ADVgen	MORPH=empty
devant	devant	PRE	MORPH=empty
ax	il	PROper	MORPH=empty
porter	porter	VERinf	MORPH=empty
por	por2	PRE	MORPH=empty
cez	ce2	PROdem	MORPH=empty
dedanz	dedenz	ADVgen	MORPH=empty
reconforter	reconforter	VERinf	MORPH=empty
.	.	PONfrt	MORPH=empty
Qant	cant1	CONsub	MORPH=empty
cil	cel	PROdem	MORPH=empty
del	de+le	PRE.DETdef	MORPH=empty
chastel	chastel	NOMcom	MORPH=empty
venir	venir	VERinf	MORPH=empty
voient	vëoir	VERcjg	MORPH=empty
ces	ce2	PROdem	MORPH=empty
qui	qui	PROrel	MORPH=empty
la	le	DETdef	MORPH=empty
vitaille	vitaille	NOMcom	MORPH=empty
aportoient	aporter	VERcjg	MORPH=empty
,	,	PONfbl	MORPH=empty
croire	croire	VERinf	MORPH=empty
poez	pöoir	VERcjg	MORPH=empty
que	que4	CONsub	MORPH=empty
grant	grant	ADJqua	MORPH=empty
joie	joie	NOMcom	MORPH=empty
orent	avoir	VERcjg	MORPH=empty
,	,	PONfbl	MORPH=empty
et	et	CONcoo	MORPH=empty
au	a3+le	PRE.DETdef	MORPH=empty
plus	plus	ADVgen	MORPH=empty
tost	tost1	ADVgen	MORPH=empty
qu'	que1	CONsub	MORPH=empty
il	il	PROper	MORPH=empty
onques	onque	ADVgen	MORPH=empty
porent	pöoir	VERcjg	MORPH=empty
firent	faire	VERcjg	MORPH=empty
le	le	DETdef	MORPH=empty
mangier	mangier	VERinf	MORPH=empty
atorner	atorner	VERinf	MORPH=empty
.	.	PONfrt	MORPH=empty
Or	or4	ADVgen	MORPH=empty
puet	pöoir	VERcjg	MORPH=empty
longuemant	longement2	ADVgen	MORPH=empty
sejorner	sejorner	VERinf	MORPH=empty
Clamadex	Clamadeu	NOMpro	MORPH=empty
,	,	PONfbl	MORPH=empty
qui	qui	PROrel	MORPH=empty
muse	muser1	VERcjg	MORPH=empty
defors	defors	ADVgen	MORPH=empty
,	,	PONfbl	MORPH=empty
car	car	CONcoo	MORPH=empty
cil	cel	PROdem	MORPH=empty
dedanz	dedenz	ADVgen	MORPH=empty
ont	avoir	VERcjg	MORPH=empty
bués	buef	NOMcom	MORPH=empty
et	et	CONcoo	MORPH=empty
pors	porc	NOMcom	MORPH=empty
et	et	CONcoo	MORPH=empty
char	char2	NOMcom	MORPH=empty
salee	saler	VERppe	MORPH=empty
a	a3	PRE	MORPH=empty
grant	grant	ADJqua	MORPH=empty
foison	foison	NOMcom	MORPH=empty
,	,	PONfbl	MORPH=empty
et	et	CONcoo	MORPH=empty
pain	pain	NOMcom	MORPH=empty
et	et	CONcoo	MORPH=empty
vin	vin	NOMcom	MORPH=empty
et	et	CONcoo	MORPH=empty
veneison	venoison	NOMcom	MORPH=empty
.	.	PONfrt	MORPH=empty
Et	et	CONcoo	MORPH=empty
li	le	DETdef	MORPH=empty
queuz	queu2	NOMcom	MORPH=empty
ne	ne1	ADVneg	MORPH=empty
sont	estre1	VERcjg	MORPH=empty
pas	pas	ADVneg	MORPH=empty
oiseus	oisos	ADJqua	MORPH=empty
;	;	PONfbl	MORPH=empty
li	le	DETdef	MORPH=empty
garçon	garçon	NOMcom	MORPH=empty
alument	alumer	VERcjg	MORPH=empty
les	le	DETdef	MORPH=empty
feus	feu	NOMcom	MORPH=empty
es	en1+le	PRE.DETdef	MORPH=empty
cuisines	cuisine	NOMcom	MORPH=empty
au	a3+le	PRE.DETdef	MORPH=empty
mangier	mangier	VERinf	MORPH=empty
cuire	cuire	VERinf	MORPH=empty
.	.	PONfrt	MORPH=empty
Or	or4	ADVgen	MORPH=empty
se	soi1	PROper	MORPH=empty
puet	pöoir	VERcjg	MORPH=empty
longuemant	longement2	ADVgen	MORPH=empty
deduire	deduire	VERinf	MORPH=empty
delez	dalez	PRE	MORPH=empty
s'	son4	DETpos	MORPH=empty
amie	ami	NOMcom	MORPH=empty
tot	tot	ADVgen	MORPH=empty
a	a3	PRE	MORPH=empty
eise	aise	NOMcom	MORPH=empty
.	.	PONfrt	MORPH=empty
Cele	cel	PROdem	MORPH=empty
l'	il	PROper	MORPH=empty
acole	acoler	VERcjg	MORPH=empty
et	et	CONcoo	MORPH=empty
il	il	PROper	MORPH=empty
la	il	PROper	MORPH=empty
beise	baisier	VERcjg	MORPH=empty
;	;	PONfbl	MORPH=empty
si	si	ADVgen	MORPH=empty
fet	faire	VERcjg	MORPH=empty
li	le	DETdef	MORPH=empty
uns	un	PROind	MORPH=empty
de	de	PRE	MORPH=empty
l'	le	DETdef	MORPH=empty
autre	autre	PROind	MORPH=empty
joie	joie	NOMcom	MORPH=empty
.	.	PONfrt	MORPH=empty
La	le	DETdef	MORPH=empty
sale	sale1	NOMcom	MORPH=empty
ne	ne1	ADVneg	MORPH=empty
rest	restre	VERcjg	MORPH=empty
mie	mie	ADVneg	MORPH=empty
quoie	coi1	ADJqua	MORPH=empty
,	,	PONfbl	MORPH=empty
ençois	ainçois	ADVgen	MORPH=empty
i	i2	PROadv	MORPH=empty
a	avoir	VERcjg	MORPH=empty
mout	mout	DETind	MORPH=empty
joie	joie	NOMcom	MORPH=empty
et	et	CONcoo	MORPH=empty
bruit	bruit	NOMcom	MORPH=empty
.	.	PONfrt	MORPH=empty
Por	por2	PRE	MORPH=empty
le	le	DETdef	MORPH=empty
mangier	mangier	VERinf	MORPH=empty
font	faire	VERcjg	MORPH=empty
joie	joie	NOMcom	MORPH=empty
tuit	tot	PROind	MORPH=empty
,	,	PONfbl	MORPH=empty
que	que2	PROrel	MORPH=empty
mout	mout	ADVgen	MORPH=empty
avoient	avoir	VERcjg	MORPH=empty
covoitié	covoitier	VERppe	MORPH=empty
;	;	PONfbl	MORPH=empty
et	et	CONcoo	MORPH=empty
li	le	DETdef	MORPH=empty
queuz	queu2	NOMcom	MORPH=empty
ont	avoir	VERcjg	MORPH=empty
tant	tant	ADVgen	MORPH=empty
esploitié	esploitier	VERppe	MORPH=empty
que	que4	CONsub	MORPH=empty
au	a3+le	PRE.DETdef	MORPH=empty
mangier	mangier	VERinf	MORPH=empty
asseoir	asseoir	VERinf	MORPH=empty
font	faire	VERcjg	MORPH=empty
cez	ce2	PROdem	MORPH=empty
qui	qui	PROrel	MORPH=empty
mout	mout	ADVgen	MORPH=empty
grant	grant	ADJqua	MORPH=empty
mestier	mestier	NOMcom	MORPH=empty
an	en2	PROadv	MORPH=empty
ont	avoir	VERcjg	MORPH=empty
.	.	PONfrt	MORPH=empty
Qant	cant1	CONsub	MORPH=empty
mangié	mangier	VERppe	MORPH=empty
orent	avoir	VERcjg	MORPH=empty
,	,	PONfbl	MORPH=empty
si	si	ADVgen	MORPH=empty
se	soi1	PROper	MORPH=empty
lievent	lever	VERcjg	MORPH=empty
;	;	PONfbl	MORPH=empty
et	et	CONcoo	MORPH=empty
Clamadex	Clamadeu	NOMpro	MORPH=empty
et	et	CONcoo	MORPH=empty
ses	son4	DETpos	MORPH=empty
genz	gent1	NOMcom	MORPH=empty
crievent	crever	VERcjg	MORPH=empty
,	,	PONfbl	MORPH=empty
qui	qui	PROrel	MORPH=empty
la	le	DETdef	MORPH=empty
novele	novele	NOMcom	MORPH=empty
ja	ja	ADVgen	MORPH=empty
savoient	savoir	VERcjg	MORPH=empty
del	de+le	PRE.DETdef	MORPH=empty
bien	bien2	NOMcom	MORPH=empty
que	que2	PROrel	MORPH=empty
cil	cel	PROdem	MORPH=empty
dedanz	dedenz	ADVgen	MORPH=empty
avoient	avoir	VERcjg	MORPH=empty
;	;	PONfbl	MORPH=empty
si	si	ADVgen	MORPH=empty
dïent	dire	VERcjg	MORPH=empty
qu'	que4	CONsub	MORPH=empty
il	il	PROper	MORPH=empty
les	il	PROper	MORPH=empty
an	en2	PROadv	MORPH=empty
restuet	restovoir	VERcjg	MORPH=empty
raler	raler	VERinf	MORPH=empty
,	,	PONfbl	MORPH=empty
que	que4	CONcoo	MORPH=empty
li	le	DETdef	MORPH=empty
chastiax	chastel	NOMcom	MORPH=empty
ne	ne1	ADVneg	MORPH=empty
puet	pöoir	VERcjg	MORPH=empty
estre	estre1	VERinf	MORPH=empty
afamez	afamer	VERppe	MORPH=empty
an	en1	PRE	MORPH=empty
nule	nul	DETind	MORPH=empty
guise	guise	NOMcom	MORPH=empty
,	,	PONfbl	MORPH=empty
por	por2	PRE	MORPH=empty
neant	nïent	PROind	MORPH=empty
ont	avoir	VERcjg	MORPH=empty
la	le	DETdef	MORPH=empty
vile	vile	NOMcom	MORPH=empty
asise	asseoir	VERppe	MORPH=empty
.	.	PONfrt	MORPH=empty
Et	et	CONcoo	MORPH=empty
Clamadex	Clamadeu	NOMpro	MORPH=empty
,	,	PONfbl	MORPH=empty
qui	qui	PROrel	MORPH=empty
vis	vif	ADJqua	MORPH=empty
anrage	enragier	VERcjg	MORPH=empty
,	,	PONfbl	MORPH=empty
anvoie	envoiier	VERcjg	MORPH=empty
au	a3+le	PRE.DETdef	MORPH=empty
chastel	chastel	NOMcom	MORPH=empty
.i.	un	DETndf	MORPH=empty
message	message2	NOMcom	MORPH=empty
,	,	PONfbl	MORPH=empty
sanz	sans	PRE	MORPH=empty
los	los1	NOMcom	MORPH=empty
d'	de	PRE	MORPH=empty
autrui	autrui	PROind	MORPH=empty
et	et	CONcoo	MORPH=empty
sanz	sans	PRE	MORPH=empty
consoil	conseil	NOMcom	MORPH=empty
,	,	PONfbl	MORPH=empty
et	et	CONcoo	MORPH=empty
mande	mander	VERcjg	MORPH=empty
au	a3+le	PRE.DETdef	MORPH=empty
chevalier	chevalier	NOMcom	MORPH=empty
vermoil	vermeil1	ADJqua	MORPH=empty
que	que4	CONsub	MORPH=empty
jusqu'	jusque	PRE	MORPH=empty
a	a3	PRE	MORPH=empty
midi	midi	NOMcom	MORPH=empty
l'	le	DETdef	MORPH=empty
andemain	endemain	NOMcom	MORPH=empty
le	il	PROper	MORPH=empty
porra	pöoir	VERcjg	MORPH=empty
seul	sol1	ADJqua	MORPH=empty
trover	trover	VERinf	MORPH=empty
a	a3	PRE	MORPH=empty
plain	plain	ADJqua	MORPH=empty
por	por2	PRE	MORPH=empty
conbatre	combatre	VERinf	MORPH=empty
a	a3	PRE	MORPH=empty
lui	il	PROper	MORPH=empty
,	,	PONfbl	MORPH=empty
se	se	CONsub	MORPH=empty
il	il	PROper	MORPH=empty
ose	oser	VERcjg	MORPH=empty
.	.	PONfrt	MORPH=empty
Qant	cant1	CONsub	MORPH=empty
la	le	DETdef	MORPH=empty
pucele	pucele	NOMcom	MORPH=empty
ot	öir	VERcjg	MORPH=empty
ceste	cest	DETdem	MORPH=empty
chose	chose	NOMcom	MORPH=empty
qui	qui	PROrel	MORPH=empty
a	a3	PRE	MORPH=empty
son	son4	DETpos	MORPH=empty
ami	ami	NOMcom	MORPH=empty
est	estre1	VERcjg	MORPH=empty
nonciee	noncier1	VERppe	MORPH=empty
,	,	PONfbl	MORPH=empty
dolante	dolent	ADJqua	MORPH=empty
an	en2	PROadv	MORPH=empty
fu	estre1	VERcjg	MORPH=empty
et	et	CONcoo	MORPH=empty
correciee	corrocier	VERppe	MORPH=empty
,	,	PONfbl	MORPH=empty
que	que4	CONsub	MORPH=empty
cil	cel	PROdem	MORPH=empty
ancontre	encontre1	PRE	MORPH=empty
li	il	PROper	MORPH=empty
remande	remander	VERcjg	MORPH=empty
qu'	que4	CONsub	MORPH=empty
il	il	PROper	MORPH=empty
l'	il	PROper	MORPH=empty
avra	avoir	VERcjg	MORPH=empty
,	,	PONfbl	MORPH=empty
des	des2	ADVgen	MORPH=empty
qu'	que4	CONsub	MORPH=empty
il	il	PROper	MORPH=empty
la	il	PROper	MORPH=empty
demande	demander	VERcjg	MORPH=empty
,	,	PONfbl	MORPH=empty
la	le	DETdef	MORPH=empty
bataille	bataille	NOMcom	MORPH=empty
,	,	PONfbl	MORPH=empty
comant	coment1	ADVgen	MORPH=empty
qu'	que4	CONsub	MORPH=empty
il	il	PROper	MORPH=empty
praigne	prendre	VERcjg	MORPH=empty
.	.	PONfrt	MORPH=empty
Lors	lors	ADVgen	MORPH=empty
anforce	enforcier1	VERcjg	MORPH=empty
mout	mout	ADVgen	MORPH=empty
et	et	CONcoo	MORPH=empty
angraigne	engraignier2	VERcjg	MORPH=empty
li	le	DETdef	MORPH=empty
diax	duel	NOMcom	MORPH=empty
que	que2	PROrel	MORPH=empty
la	le	DETdef	MORPH=empty
pucele	pucele	NOMcom	MORPH=empty
an	en2	PROadv	MORPH=empty
fet	faire	VERcjg	MORPH=empty
,	,	PONfbl	MORPH=empty
mes	mais1	CONcoo	MORPH=empty
ja	ja	ADVgen	MORPH=empty
por	por2	PRE	MORPH=empty
duel	duel	NOMcom	MORPH=empty
que	que2	PROrel	MORPH=empty
ele	il	PROper	MORPH=empty
en	en2	PROadv	MORPH=empty
et	et	CONcoo	MORPH=empty
ne	ne1	ADVneg	MORPH=empty
remanra	remanoir	VERcjg	MORPH=empty
mie	mie	ADVneg	MORPH=empty
,	,	PONfbl	MORPH=empty
ce	ce1	PROdem	MORPH=empty
cuit	cuidier1	VERcjg	MORPH=empty
.	.	PONfrt	MORPH=empty
Mout	mout	ADVgen	MORPH=empty
li	il	PROper	MORPH=empty
prïent	priier	VERcjg	MORPH=empty
totes	tot	PROind	MORPH=empty
et	et	CONcoo	MORPH=empty
tuit	tot	PROind	MORPH=empty
que	que4	CONsub	MORPH=empty
il	il	PROper	MORPH=empty
conbatre	combatre	VERinf	MORPH=empty
a	a3	PRE	MORPH=empty
celui	cel	PROdem	MORPH=empty
n'	ne1	ADVneg	MORPH=empty
aille	aler	VERcjg	MORPH=empty
,	,	PONfbl	MORPH=empty
vers	vers2	PRE	MORPH=empty
cui	cui	PROrel	MORPH=empty
n'	ne1	ADVneg	MORPH=empty
ot	avoir	VERcjg	MORPH=empty
pooir	pöoir	VERinf	MORPH=empty
an	en1	PRE	MORPH=empty
bataille	bataille	NOMcom	MORPH=empty
nus	nul	DETind	MORPH=empty
chevaliers	chevalier	NOMcom	MORPH=empty
onques	onque	ADVgen	MORPH=empty
ancore	encore	ADVgen	MORPH=empty
.	.	PONfrt	MORPH=empty
"	"	PONpxx	MORPH=empty
Seignor	seignor	NOMcom	MORPH=empty
,	,	PONfbl	MORPH=empty
car	car	ADVgen	MORPH=empty
vos	vos	PROper	MORPH=empty
an	en2	PROadv	MORPH=empty
teisiez	taire	VERcjg	MORPH=empty
ore	or4	ADVgen	MORPH=empty
,	,	PONfbl	MORPH=empty
fet	faire	VERcjg	MORPH=empty
li	le	DETdef	MORPH=empty
vaslez	vaslet	NOMcom	MORPH=empty
,	,	PONfbl	MORPH=empty
si	si	ADVgen	MORPH=empty
ferez	faire	VERcjg	MORPH=empty
bien	bien1	ADVgen	MORPH=empty
,	,	PONfbl	MORPH=empty
que	que4	CONcoo	MORPH=empty
je	je	PROper	MORPH=empty
nel	ne1+il	ADVneg.PROper	MORPH=empty
leiroie	laiier2	VERcjg	MORPH=empty
por	por2	PRE	MORPH=empty
rien	rien	NOMcom	MORPH=empty
ne	ne2	CONcoo	MORPH=empty
por	por2	PRE	MORPH=empty
home	ome	NOMcom	MORPH=empty
de	de	PRE	MORPH=empty
tot	tot	DETind	MORPH=empty
le	le	DETdef	MORPH=empty
mont	monde1	NOMcom	MORPH=empty
.	.	PONfrt	MORPH=empty
"	"	PONpxx	MORPH=empty
Ensi	ainsi	ADVgen	MORPH=empty
la	le	DETdef	MORPH=empty
parole	parole	NOMcom	MORPH=empty
lor	il	PROper	MORPH=empty
ront	rompre	VERcjg	MORPH=empty
,	,	PONfbl	MORPH=empty
que	que4	CONsub	MORPH=empty
plus	plus	ADVgen	MORPH=empty
aparler	aparler	VERinf	MORPH=empty
ne	ne1	ADVneg	MORPH=empty
l'	il	PROper	MORPH=empty
an	en2	PROadv	MORPH=empty
osent	oser	VERcjg	MORPH=empty
,	,	PONfbl	MORPH=empty
einz	ainz	ADVgen	MORPH=empty
vont	aler	VERcjg	MORPH=empty
colchier	couchier	VERinf	MORPH=empty
,	,	PONfbl	MORPH=empty
si	si	ADVgen	MORPH=empty
se	soi1	PROper	MORPH=empty
reposent	reposer	VERcjg	MORPH=empty
jusqu'	jusque	PRE	MORPH=empty
au	a3+le	PRE.DETdef	MORPH=empty
main	main1	NOMcom	MORPH=empty
que	que4	CONsub	MORPH=empty
li	le	DETdef	MORPH=empty
solauz	soleil	NOMcom	MORPH=empty
lieve	lever	VERcjg	MORPH=empty
;	;	PONfbl	MORPH=empty
mes	mais1	CONcoo	MORPH=empty
de	de	PRE	MORPH=empty
lor	lor2	DETpos	MORPH=empty
seignor	seignor	NOMcom	MORPH=empty
mout	mout	ADVgen	MORPH=empty
lor	il	PROper	MORPH=empty
grieve	grever	VERcjg	MORPH=empty
qu'	que4	CONsub	MORPH=empty
il	il	PROper	MORPH=empty
nel	ne1+il	ADVneg.PROper	MORPH=empty
sevent	savoir	VERcjg	MORPH=empty
tant	tant	ADVgen	MORPH=empty
bel	bel1	ADJqua	MORPH=empty
prier	priier	VERinf	MORPH=empty
que	que4	CONsub	MORPH=empty
il	il	PROper	MORPH=empty
le	il	PROper	MORPH=empty
puisent	pöoir	VERcjg	MORPH=empty
chastier	chastiier	VERinf	MORPH=empty
.	.	PONfrt	MORPH=empty
Si	si	ADVgen	MORPH=empty
li	il	PROper	MORPH=empty
pria	priier	VERcjg	MORPH=empty
la	le	DETdef	MORPH=empty
nuit	nuit	NOMcom	MORPH=empty
s'	son4	DETpos	MORPH=empty
amie	ami	NOMcom	MORPH=empty
mout	mout	ADVgen	MORPH=empty
sovant	sovent	ADVgen	MORPH=empty
qu'	que4	CONsub	MORPH=empty
il	il	PROper	MORPH=empty
n'	ne1	ADVneg	MORPH=empty
i	i2	PROadv	MORPH=empty
alast	aler	VERcjg	MORPH=empty
mie	mie	ADVneg	MORPH=empty
,	,	PONfbl	MORPH=empty
a	a3	PRE	MORPH=empty
la	le	DETdef	MORPH=empty
bataille	bataille	NOMcom	MORPH=empty
,	,	PONfbl	MORPH=empty
ainz	ainz	ADVgen	MORPH=empty
fust	estre1	VERcjg	MORPH=empty
an	en1	PRE	MORPH=empty
pes	pais	NOMcom	MORPH=empty
,	,	PONfbl	MORPH=empty
que	que4	CONcoo	MORPH=empty
il	il	PROper	MORPH=empty
n'	ne1	ADVneg	MORPH=empty
avoient	avoir	VERcjg	MORPH=empty
garde	garde	NOMcom	MORPH=empty
mes	mais1	ADVgen	MORPH=empty
de	de	PRE	MORPH=empty
Clamadeu	Clamadeu	NOMpro	MORPH=empty
ne	ne2	CONcoo	MORPH=empty
de	de	PRE	MORPH=empty
sa	son4	DETpos	MORPH=empty
gent	gent1	NOMcom	MORPH=empty
.	.	PONfrt	MORPH=empty
Mes	mais1	CONcoo	MORPH=empty
tot	tot	DETind	MORPH=empty
ce	ce1	PROdem	MORPH=empty
ne	ne1	ADVneg	MORPH=empty
valut	valoir	VERcjg	MORPH=empty
neant	nïent	PROind	MORPH=empty
,	,	PONfbl	MORPH=empty
et	et	CONcoo	MORPH=empty
si	si	ADVgen	MORPH=empty
est	estre1	VERcjg	MORPH=empty
ce	ce1	PROdem	MORPH=empty
mervoille	merveille	NOMcom	MORPH=empty
estrange	estrange	ADJqua	MORPH=empty
qu'	que4	CONsub	MORPH=empty
il	il	PROimp	MORPH=empty
i	i2	PROadv	MORPH=empty
avoit	avoir	VERcjg	MORPH=empty
an	en1	PRE	MORPH=empty
la	le	DETdef	MORPH=empty
losange	losenge2	NOMcom	MORPH=empty
grant	grant	ADJqua	MORPH=empty
dolçor	douçor	NOMcom	MORPH=empty
,	,	PONfbl	MORPH=empty
qu'	que2	PROrel	MORPH=empty
ele	il	PROper	MORPH=empty
li	il	PROper	MORPH=empty
feisoit	faire	VERcjg	MORPH=empty
,	,	PONfbl	MORPH=empty
car	car	CONcoo	MORPH=empty
a	a3	PRE	MORPH=empty
chascun	chascun	DETind	MORPH=empty
mot	mot	NOMcom	MORPH=empty
le	il	PROper	MORPH=empty
beisoit	baisier	VERcjg	MORPH=empty
si	si	ADVgen	MORPH=empty
dolcemant	doucement	ADVgen	MORPH=empty
et	et	CONcoo	MORPH=empty
si	si	ADVgen	MORPH=empty
soef	söef	ADJqua	MORPH=empty
que	que4	CONsub	MORPH=empty
ele	il	PROper	MORPH=empty
li	il	PROper	MORPH=empty
metoit	metre2	VERcjg	MORPH=empty
la	le	DETdef	MORPH=empty
clef	clef	NOMcom	MORPH=empty
d'	de	PRE	MORPH=empty
amor	amor	NOMcom	MORPH=empty
an	en1	PRE	MORPH=empty
la	le	DETdef	MORPH=empty
serre	serre2	NOMcom	MORPH=empty
del	de+le	PRE.DETdef	MORPH=empty
cuer	cuer2	NOMcom	MORPH=empty
,	,	PONfbl	MORPH=empty
n'	ne2	CONcoo	MORPH=empty
onques	onque	ADVgen	MORPH=empty
ne	ne1	ADVneg	MORPH=empty
pot	pöoir	VERcjg	MORPH=empty
estre	estre1	VERinf	MORPH=empty
a	a3	PRE	MORPH=empty
nul	nul	DETind	MORPH=empty
fuer	fuer2	NOMcom	MORPH=empty
que	que4	CONsub	MORPH=empty
ele	il	PROper	MORPH=empty
l'	il	PROper	MORPH=empty
an	en2	PROadv	MORPH=empty
poïst	pöoir	VERcjg	MORPH=empty
retrere	retraire	VERinf	MORPH=empty
que	que4	CONsub	MORPH=empty
la	le	DETdef	MORPH=empty
bataille	bataille	NOMcom	MORPH=empty
n'	ne1	ADVneg	MORPH=empty
alast	aler	VERcjg	MORPH=empty
fere	faire	VERinf	MORPH=empty
,	,	PONfbl	MORPH=empty
einz	ainz	ADVgen	MORPH=empty
a	avoir	VERcjg	MORPH=empty
ses	son4	DETpos	MORPH=empty
armes	arme	NOMcom	MORPH=empty
demandees	demander	VERppe	MORPH=empty
.	.	PONfrt	MORPH=empty
Cil	cel	PROdem	MORPH=empty
cui	cui	PROrel	MORPH=empty
il	il	PROper	MORPH=empty
les	il	PROper	MORPH=empty
ot	avoir	VERcjg	MORPH=empty
comandees	comander	VERppe	MORPH=empty
les	il	PROper	MORPH=empty
aporta	aporter	VERcjg	MORPH=empty
plus	plus	ADVgen	MORPH=empty
tost	tost1	ADVgen	MORPH=empty
qu'	que1	CONsub	MORPH=empty
il	il	PROper	MORPH=empty
pot	pöoir	VERcjg	MORPH=empty
.	.	PONfrt	MORPH=empty
A	a3	PRE	MORPH=empty
lui	il	PROper	MORPH=empty
armer	armer	VERinf	MORPH=empty
mout	mout	ADVgen	MORPH=empty
grant	grant	ADJqua	MORPH=empty
duel	duel	NOMcom	MORPH=empty
ot	avoir	VERcjg	MORPH=empty
,	,	PONfbl	MORPH=empty
que	que4	CONsub	MORPH=empty
toz	tot	PROind	MORPH=empty
et	et	CONcoo	MORPH=empty
totes	tot	PROind	MORPH=empty
an	en2	PROadv	MORPH=empty
pesa	peser	VERcjg	MORPH=empty
,	,	PONfbl	MORPH=empty
et	et	CONcoo	MORPH=empty
il	il	PROper	MORPH=empty
toz	tot	PROind	MORPH=empty
et	et	CONcoo	MORPH=empty
totes	tot	PROind	MORPH=empty
les	il	PROper	MORPH=empty
a	avoir	VERcjg	MORPH=empty
comandees	comander	VERppe	MORPH=empty
au	a3+le	PRE.DETdef	MORPH=empty
roi	roi2	NOMcom	MORPH=empty
des	de+le	PRE.DETdef	MORPH=empty
rois	roi2	NOMcom	MORPH=empty
,	,	PONfbl	MORPH=empty
puis	puis	ADVgen	MORPH=empty
monta	monter	VERcjg	MORPH=empty
el	en1+le	PRE.DETdef	MORPH=empty
cheval	cheval	NOMcom	MORPH=empty
norrois	norois	ADJqua	MORPH=empty
que	que2	PROrel	MORPH=empty
l'	le	DETdef	MORPH=empty
an	on	PROind	MORPH=empty
li	il	PROper	MORPH=empty
avoit	avoir	VERcjg	MORPH=empty
amené	amener	VERppe	MORPH=empty
;	;	PONfbl	MORPH=empty
puis	puis	ADVgen	MORPH=empty
n'	ne1	ADVneg	MORPH=empty
a	avoir	VERcjg	MORPH=empty
gaires	gaire	ADVgen	MORPH=empty
antr'	entre	PRE	MORPH=empty
ax	il	PROper	MORPH=empty
esté	estre1	VERppe	MORPH=empty
,	,	PONfbl	MORPH=empty
einz	ainz	ADVgen	MORPH=empty
s'	soi1	PROper	MORPH=empty
an	en2	PROadv	MORPH=empty
parti	partir	VERcjg	MORPH=empty
isnelemant	isnelement	ADVgen	MORPH=empty
,	,	PONfbl	MORPH=empty
si	si	ADVgen	MORPH=empty
les	il	PROper	MORPH=empty
leissa	laissier	VERcjg	MORPH=empty
lor	lor2	DETpos	MORPH=empty
duel	duel	NOMcom	MORPH=empty
feisant	faire	VERppa	MORPH=empty
.	.	PONfrt	MORPH=empty
Qant	cant1	CONsub	MORPH=empty
Clamadex	Clamadeu	NOMpro	MORPH=empty
venir	venir	VERinf	MORPH=empty
le	il	PROper	MORPH=empty
voit	vëoir	VERcjg	MORPH=empty
,	,	PONfbl	MORPH=empty
qui	qui	PROrel	MORPH=empty
conbatre	combatre	VERinf	MORPH=empty
a	a3	PRE	MORPH=empty
lui	il	PROper	MORPH=empty
se	soi1	PROper	MORPH=empty
devoit	devoir	VERcjg	MORPH=empty
,	,	PONfbl	MORPH=empty
si	si	ADVgen	MORPH=empty
ot	avoir	VERcjg	MORPH=empty
an	en1	PRE	MORPH=empty
lui	il	PROper	MORPH=empty
si	si	ADVgen	MORPH=empty
fol	fol3	ADJqua	MORPH=empty
cuidier	cuidier1	VERinf	MORPH=empty
qu'	que4	CONsub	MORPH=empty
il	il	PROper	MORPH=empty
li	il	PROper	MORPH=empty
cuida	cuidier1	VERcjg	MORPH=empty
fere	faire	VERinf	MORPH=empty
voidier	vuidier	VERinf	MORPH=empty
mout	mout	ADVgen	MORPH=empty
tost	tost1	ADVgen	MORPH=empty
les	le	DETdef	MORPH=empty
arçons	arçon	NOMcom	MORPH=empty
de	de	PRE	MORPH=empty
la	le	DETdef	MORPH=empty
sele	sele	NOMcom	MORPH=empty
.	.	PONfrt	MORPH=empty
La	le	DETdef	MORPH=empty
lande	lande1	NOMcom	MORPH=empty
fu	estre1	VERcjg	MORPH=empty
igaus	igal	ADJqua	MORPH=empty
et	et	CONcoo	MORPH=empty
bele	bel1	ADJqua	MORPH=empty
,	,	PONfbl	MORPH=empty
n'	ne2	CONcoo	MORPH=empty
il	il	PROimp	MORPH=empty
n'	ne1	ADVneg	MORPH=empty
i	i2	PROadv	MORPH=empty
ot	avoir	VERcjg	MORPH=empty
qu'	que4	CONsub	MORPH=empty
as	il	PROper	MORPH=empty
.ii.	2	PROcar	MORPH=empty
solemant	solement2	ADVgen	MORPH=empty
,	,	PONfbl	MORPH=empty
que	que4	CONcoo	MORPH=empty
Clamadex	Clamadeu	NOMpro	MORPH=empty
tote	tot	DETind	MORPH=empty
sa	son4	DETpos	MORPH=empty
gent	gent1	NOMcom	MORPH=empty
ot	avoir	VERcjg	MORPH=empty
departie	departir	VERppe	MORPH=empty
et	et	CONcoo	MORPH=empty
anvoiee	envoiier	VERppe	MORPH=empty
.	.	PONfrt	MORPH=empty
Chascuns	chascun	PROind	MORPH=empty
ot	avoir	VERcjg	MORPH=empty
sa	son4	DETpos	MORPH=empty
lance	lance	NOMcom	MORPH=empty
apoiee	apoiier	VERppe	MORPH=empty
desor	desor	PRE	MORPH=empty
la	le	DETdef	MORPH=empty
sele	sele	NOMcom	MORPH=empty
,	,	PONfbl	MORPH=empty
sor	sor2	PRE	MORPH=empty
le	le	DETdef	MORPH=empty
fautre	fautre	NOMcom	MORPH=empty
,	,	PONfbl	MORPH=empty
et	et	CONcoo	MORPH=empty
point	poindre	VERcjg	MORPH=empty
li	le	DETdef	MORPH=empty
uns	un	PROind	MORPH=empty
ancontre	encontre1	PRE	MORPH=empty
l'	le	DETdef	MORPH=empty
autre	autre	PROind	MORPH=empty
sanz	sans	PRE	MORPH=empty
desfiance	desfïance	NOMcom	MORPH=empty
et	et	CONcoo	MORPH=empty
sanz	sans	PRE	MORPH=empty
aresne	araisne	NOMcom	MORPH=empty
.	.	PONfrt	MORPH=empty
Fer	fer	NOMcom	MORPH=empty
tranchant	trenchier1	VERppa	MORPH=empty
et	et	CONcoo	MORPH=empty
lance	lance	NOMcom	MORPH=empty
de	de	PRE	MORPH=empty
fresne	fraisne	NOMcom	MORPH=empty
avoit	avoir	VERcjg	MORPH=empty
chascuns	chascun	PROind	MORPH=empty
,	,	PONfbl	MORPH=empty
grosse	gros	ADJqua	MORPH=empty
et	et	CONcoo	MORPH=empty
poignal	poignal	ADJqua	MORPH=empty
;	;	PONfbl	MORPH=empty
si	si	ADVgen	MORPH=empty
alerent	aler	VERcjg	MORPH=empty
tost	tost1	ADVgen	MORPH=empty
li	le	DETdef	MORPH=empty
cheval	cheval	NOMcom	MORPH=empty
,	,	PONfbl	MORPH=empty
et	et	CONcoo	MORPH=empty
li	le	DETdef	MORPH=empty
chevalier	chevalier	NOMcom	MORPH=empty
furent	estre1	VERcjg	MORPH=empty
fort	fort	ADJqua	MORPH=empty
,	,	PONfbl	MORPH=empty
si	si	ADVgen	MORPH=empty
s'	soi1	PROper	MORPH=empty
antrehaoient	entrehäir	VERcjg	MORPH=empty
de	de	PRE	MORPH=empty
mort	mort	NOMcom	MORPH=empty
;	;	PONfbl	MORPH=empty
si	si	ADVgen	MORPH=empty
se	soi1	PROper	MORPH=empty
fierent	ferir	VERcjg	MORPH=empty
que	que4	CONsub	MORPH=empty
les	le	DETdef	MORPH=empty
eis	ais	NOMcom	MORPH=empty
croissent	croissir	VERcjg	MORPH=empty
des	de+le	PRE.DETdef	MORPH=empty
escuz	escu	NOMcom	MORPH=empty
,	,	PONfbl	MORPH=empty
et	et	CONcoo	MORPH=empty
les	le	DETdef	MORPH=empty
lances	lance	NOMcom	MORPH=empty
froissent	froissier	VERcjg	MORPH=empty
,	,	PONfbl	MORPH=empty
si	si	ADVgen	MORPH=empty
porte	porter	VERcjg	MORPH=empty
li	le	DETdef	MORPH=empty
uns	un	PROind	MORPH=empty
l'	le	DETdef	MORPH=empty
autre	autre	PROind	MORPH=empty
jus	jus1	ADVgen	MORPH=empty
;	;	PONfbl	MORPH=empty
mes	mais1	CONcoo	MORPH=empty
tost	tost1	ADVgen	MORPH=empty
refurent	restre	VERcjg	MORPH=empty
sailli	salir2	VERppe	MORPH=empty
sus	sus	ADVgen	MORPH=empty
,	,	PONfbl	MORPH=empty
si	si	ADVgen	MORPH=empty
s'	soi1	PROper	MORPH=empty
antrevienent	entrevenir	VERcjg	MORPH=empty
d'	de	PRE	MORPH=empty
un	un	DETndf	MORPH=empty
estal	estal1	NOMcom	MORPH=empty
et	et	CONcoo	MORPH=empty
se	soi1	PROper	MORPH=empty
conbatent	combatre	VERcjg	MORPH=empty
par	par	PRE	MORPH=empty
igal	igal	ADJqua	MORPH=empty
as	a3+le	PRE.DETdef	MORPH=empty
espees	espee	NOMcom	MORPH=empty
mout	mout	ADVgen	MORPH=empty
longuemant	longement2	ADVgen	MORPH=empty
.	.	PONfrt	MORPH=empty
Asez	assez	ADVgen	MORPH=empty
vos	vos	PROper	MORPH=empty
deïsse	dire	VERcjg	MORPH=empty
comant	coment1	ADVsub	MORPH=empty
,	,	PONfbl	MORPH=empty
se	se	CONsub	MORPH=empty
je	je	PROper	MORPH=empty
m'	je	PROper	MORPH=empty
an	en2	PROadv	MORPH=empty
volsisse	voloir	VERcjg	MORPH=empty
antremetre	entremetre	VERinf	MORPH=empty
,	,	PONfbl	MORPH=empty
mes	mais1	CONcoo	MORPH=empty
por	por2	PRE	MORPH=empty
ce	ce1	PROdem	MORPH=empty
n'	ne1	ADVneg	MORPH=empty
i	i2	PROadv	MORPH=empty
voel	voloir	VERcjg	MORPH=empty
painne	peine	NOMcom	MORPH=empty
metre	metre2	VERinf	MORPH=empty
qu'	que4	CONsub	MORPH=empty
altant	autant	ADVgen	MORPH=empty
valt	valoir	VERcjg	MORPH=empty
uns	un	DETcar	MORPH=empty
moz	mot	NOMcom	MORPH=empty
come	come1	CONsub	MORPH=empty
vint	vint	PROcar	MORPH=empty
.	.	PONfrt	MORPH=empty
An	en1	PRE	MORPH=empty
la	le	DETdef	MORPH=empty
fin	fin1	NOMcom	MORPH=empty
Clamadeu	Clamadeu	NOMpro	MORPH=empty
covint	covenir	VERcjg	MORPH=empty
venir	venir	VERinf	MORPH=empty
a	a3	PRE	MORPH=empty
merci	merci	NOMcom	MORPH=empty
mau	mal1	ADJqua	MORPH=empty
gré	gré2	NOMcom	MORPH=empty
suen	suen	ADJpos	MORPH=empty
;	;	PONfbl	MORPH=empty
si	si	ADVgen	MORPH=empty
li	il	PROper	MORPH=empty
creanta	crëanter	VERcjg	MORPH=empty
tot	tot	DETind	MORPH=empty
son	son4	DETpos	MORPH=empty
buen	bon	ADJqua	MORPH=empty
si	si	ADVgen	MORPH=empty
con	come1	CONsub	MORPH=empty
li	le	DETdef	MORPH=empty
seneschax	seneschal	NOMcom	MORPH=empty
ot	avoir	VERcjg	MORPH=empty
fet	faire	VERppe	MORPH=empty
,	,	PONfbl	MORPH=empty
qu'	que4	CONsub	MORPH=empty
i	i2	PROadv	MORPH=empty
ne	ne1	ADVneg	MORPH=empty
se	soi1	PROper	MORPH=empty
meïst	metre2	VERcjg	MORPH=empty
por	por2	PRE	MORPH=empty
nul	nul	DETind	MORPH=empty
plet	plait	NOMcom	MORPH=empty
an	en1	PRE	MORPH=empty
prison	prison	NOMcom	MORPH=empty
dedanz	dedenz	PRE	MORPH=empty
Biaurepaire	bel1repeire	NOMpro	MORPH=empty
ne	ne2	CONcoo	MORPH=empty
que	que4	CONsub	MORPH=empty
ses	son4	DETpos	MORPH=empty
seneschax	seneschal	NOMcom	MORPH=empty
volt	voloir	VERcjg	MORPH=empty
faire	faire	VERinf	MORPH=empty
,	,	PONfbl	MORPH=empty
ne	ne2	CONcoo	MORPH=empty
por	por2	PRE	MORPH=empty
tot	tot	DETind	MORPH=empty
l'	le	DETdef	MORPH=empty
empire	empire	NOMcom	MORPH=empty
de	de	PRE	MORPH=empty
Rome	Rome	NOMpro	MORPH=empty
ne	ne1	ADVneg	MORPH=empty
ralast	raler	VERcjg	MORPH=empty
il	il	PROper	MORPH=empty
chiés	chiés	PRE	MORPH=empty
le	le	DETdef	MORPH=empty
prodome	pro	NOMcom	MORPH=empty
qui	qui	PROrel	MORPH=empty
ot	avoir	VERcjg	MORPH=empty
le	le	DETdef	MORPH=empty
chastel	chastel	NOMcom	MORPH=empty
bien	bien1	ADVgen	MORPH=empty
seant	sëoir	VERppa	MORPH=empty
.	.	PONfrt	MORPH=empty
Mes	mais1	CONcoo	MORPH=empty
ce	ce1	PROdem	MORPH=empty
li	il	PROper	MORPH=empty
vint	venir	VERcjg	MORPH=empty
bien	bien1	ADVgen	MORPH=empty
a	a3	PRE	MORPH=empty
creant	crëant	NOMcom	MORPH=empty
que	que4	CONsub	MORPH=empty
an	en1	PRE	MORPH=empty
la	le	DETdef	MORPH=empty
prison	prison	NOMcom	MORPH=empty
se	soi1	PROper	MORPH=empty
metroit	metre2	VERcjg	MORPH=empty
le	le	DETdef	MORPH=empty
roi	roi2	NOMcom	MORPH=empty
Artus	Artu	NOMpro	MORPH=empty
et	et	CONcoo	MORPH=empty
si	si	ADVgen	MORPH=empty
diroit	dire	VERcjg	MORPH=empty
a	a3	PRE	MORPH=empty
la	le	DETdef	MORPH=empty
pucele	pucele	NOMcom	MORPH=empty
son	son4	DETpos	MORPH=empty
message	message1	NOMcom	MORPH=empty
,	,	PONfbl	MORPH=empty
que	que2	PROrel	MORPH=empty
Kex	Keu	NOMpro	MORPH=empty
feri	ferir	VERcjg	MORPH=empty
par	par	PRE	MORPH=empty
son	son4	DETpos	MORPH=empty
oltrage	outrage	NOMcom	MORPH=empty
,	,	PONfbl	MORPH=empty
dont	dont	PROrel	MORPH=empty
il	il	PROper	MORPH=empty
li	il	PROper	MORPH=empty
fist	faire	VERcjg	MORPH=empty
si	si	ADVgen	MORPH=empty
tres	très	ADVgen	MORPH=empty
grant	grant	ADJqua	MORPH=empty
duel	duel	NOMcom	MORPH=empty
,	,	PONfbl	MORPH=empty
mes	mais1	CONcoo	MORPH=empty
il	il	PROper	MORPH=empty
la	il	PROper	MORPH=empty
vangera	vengier	VERcjg	MORPH=empty
son	son4	DETpos	MORPH=empty
vuel	vuel	NOMcom	MORPH=empty
,	,	PONfbl	MORPH=empty
se	se	CONsub	MORPH=empty
Dex	Dieu	NOMpro	MORPH=empty
l'	il	PROper	MORPH=empty
an	en2	PROadv	MORPH=empty
vialt	voloir	VERcjg	MORPH=empty
force	force2	NOMcom	MORPH=empty
doner	doner	VERinf	MORPH=empty
.	.	PONfrt	MORPH=empty
Aprés	après	PRE	MORPH=empty
ce	ce1	PROdem	MORPH=empty
li	il	PROper	MORPH=empty
fet	faire	VERcjg	MORPH=empty
creanter	crëanter	VERinf	MORPH=empty
que	que4	CONsub	MORPH=empty
l'	le	DETdef	MORPH=empty
andemain	endemain	NOMcom	MORPH=empty
,	,	PONfbl	MORPH=empty
einz	ainz	ADVgen	MORPH=empty
qu'	que4	CONsub	MORPH=empty
il	il	PROper	MORPH=empty
soit	estre1	VERcjg	MORPH=empty
jorz	jor	NOMcom	MORPH=empty
,	,	PONfbl	MORPH=empty
tuit	tot	DETind	MORPH=empty
cil	cel	PROdem	MORPH=empty
qui	qui	PROrel	MORPH=empty
sont	estre1	VERcjg	MORPH=empty
dedanz	dedenz	PRE	MORPH=empty
ses	son4	DETpos	MORPH=empty
torz	tor2	NOMcom	MORPH=empty
s'	soi1	PROper	MORPH=empty
an	en2	PROadv	MORPH=empty
revandront	revenir	VERcjg	MORPH=empty
trestuit	trestot	ADVgen	MORPH=empty
delivre	delivre1	ADJqua	MORPH=empty
,	,	PONfbl	MORPH=empty
ne	ne2	CONcoo	MORPH=empty
ja	ja	ADVgen	MORPH=empty
mes	mais1	ADVgen	MORPH=empty
jor	jor	NOMcom	MORPH=empty
qu'	que2	PROrel	MORPH=empty
il	il	PROper	MORPH=empty
ait	avoir	VERcjg	MORPH=empty
a	a3	PRE	MORPH=empty
vivre	vivre1	VERinf	MORPH=empty
n'	ne1	ADVneg	MORPH=empty
avra	avoir	VERcjg	MORPH=empty
devant	devant	PRE	MORPH=empty
le	le	DETdef	MORPH=empty
chastel	chastel	NOMcom	MORPH=empty
ost	ost	NOMcom	MORPH=empty
,	,	PONfbl	MORPH=empty
s'	se	CONsub	MORPH=empty
il	il	PROper	MORPH=empty
onques	onque	ADVgen	MORPH=empty
puet	pöoir	VERcjg	MORPH=empty
,	,	PONfbl	MORPH=empty
qu'	que4	CONsub	MORPH=empty
il	il	PROper	MORPH=empty
ne	ne1	ADVneg	MORPH=empty
l'	il	PROper	MORPH=empty
an	en2	PROadv	MORPH=empty
ost	oster2	VERcjg	MORPH=empty
,	,	PONfbl	MORPH=empty
ne	ne2	CONcoo	MORPH=empty
par	par	PRE	MORPH=empty
ses	son4	DETpos	MORPH=empty
homes	ome	NOMcom	MORPH=empty
ne	ne2	CONcoo	MORPH=empty
par	par	PRE	MORPH=empty
lui	il	PROper	MORPH=empty
n'	ne1	ADVneg	MORPH=empty
avra	avoir	VERcjg	MORPH=empty
la	le	DETdef	MORPH=empty
dameisele	damoisele	NOMcom	MORPH=empty
enui	enui	NOMcom	MORPH=empty
.	.	PONfrt	MORPH=empty
Ensi	ainsi	ADVgen	MORPH=empty
Clamadex	Clamadeu	NOMpro	MORPH=empty
s'	soi1	PROper	MORPH=empty
an	en2	PROadv	MORPH=empty
ala	aler	VERcjg	MORPH=empty
an	en1	PRE	MORPH=empty
sa	son4	DETpos	MORPH=empty
terre	terre	NOMcom	MORPH=empty
;	;	PONfbl	MORPH=empty
et	et	CONcoo	MORPH=empty
quant	cant1	CONsub	MORPH=empty
il	il	PROper	MORPH=empty
vint	venir	VERcjg	MORPH=empty
la	là	ADVgen	MORPH=empty
,	,	PONfbl	MORPH=empty
comande	comander	VERcjg	MORPH=empty
que	que4	CONsub	MORPH=empty
tuit	tot	DETind	MORPH=empty
li	le	DETdef	MORPH=empty
prison	prison	NOMcom	MORPH=empty
fussent	estre1	VERcjg	MORPH=empty
gitié	jeter	VERppe	MORPH=empty
fors	fors1	ADVgen	MORPH=empty
de	de	PRE	MORPH=empty
prison	prison	NOMcom	MORPH=empty
,	,	PONfbl	MORPH=empty
si	si	ADVgen	MORPH=empty
s'	soi1	PROper	MORPH=empty
an	en2	PROadv	MORPH=empty
alassent	aler	VERcjg	MORPH=empty
trestuit	trestot	PROind	MORPH=empty
quite	quite	ADJqua	MORPH=empty
.	.	PONfrt	MORPH=empty
Qant	cant1	CONsub	MORPH=empty
il	il	PROper	MORPH=empty
ot	avoir	VERcjg	MORPH=empty
la	le	DETdef	MORPH=empty
parole	parole	NOMcom	MORPH=empty
dite	dire	VERppe	MORPH=empty
,	,	PONfbl	MORPH=empty
si	si	ADVgen	MORPH=empty
fu	estre1	VERcjg	MORPH=empty
ses	son4	DETpos	MORPH=empty
comandemanz	comandement	NOMcom	MORPH=empty
fez	faire	VERppe	MORPH=empty
.	.	PONfrt	MORPH=empty
Ez	ez	ADVgen	MORPH=empty
vos	vos	PROper	MORPH=empty
les	le	DETdef	MORPH=empty
prisons	prison	NOMcom	MORPH=empty
ja	ja	ADVgen	MORPH=empty
fors	fors1	ADVgen	MORPH=empty
trez	traire	VERppe	MORPH=empty
,	,	PONfbl	MORPH=empty
si	si	ADVgen	MORPH=empty
s'	soi1	PROper	MORPH=empty
an	en2	PROadv	MORPH=empty
alerent	aler	VERcjg	MORPH=empty
demanois	demanois	ADVgen	MORPH=empty
et	et	CONcoo	MORPH=empty
porterent	porter	VERcjg	MORPH=empty
tot	tot	DETind	MORPH=empty
lor	lor2	DETpos	MORPH=empty
hernois	harnois	NOMcom	MORPH=empty
,	,	PONfbl	MORPH=empty
que	que4	CONsub	MORPH=empty
rien	rien	PROind	MORPH=empty
n'	ne1	ADVneg	MORPH=empty
en	en2	PROadv	MORPH=empty
i	i2	PROadv	MORPH=empty
ot	avoir	VERcjg	MORPH=empty
detenue	detenir	VERppe	MORPH=empty
.	.	PONfrt	MORPH=empty
D'	de	PRE	MORPH=empty
autre	autre	DETind	MORPH=empty
part	part1	NOMcom	MORPH=empty
sa	son4	DETpos	MORPH=empty
voie	voie	NOMcom	MORPH=empty
a	avoir	VERcjg	MORPH=empty
tenue	tenir1	VERppe	MORPH=empty
Clamadex	Clamadeu	NOMpro	MORPH=empty
,	,	PONfbl	MORPH=empty
qui	qui	PROrel	MORPH=empty
toz	tot	DETind	MORPH=empty
seus	sol1	ADJqua	MORPH=empty
chemine	cheminer	VERcjg	MORPH=empty
.	.	PONfrt	MORPH=empty
Costume	costume	NOMcom	MORPH=empty
estoit	estre1	VERcjg	MORPH=empty
an	en1	PRE	MORPH=empty
cel	cel	DETdem	MORPH=empty
termine	termine	NOMcom	MORPH=empty
,	,	PONfbl	MORPH=empty
ce	ce1	PROdem	MORPH=empty
trovons	trover	VERcjg	MORPH=empty
escrit	escrire	VERppe	MORPH=empty
an	en1	PRE	MORPH=empty
la	le	DETdef	MORPH=empty
letre	letre	NOMcom	MORPH=empty
,	,	PONfbl	MORPH=empty
que	que4	CONsub	MORPH=empty
chevaliers	chevalier	NOMcom	MORPH=empty
se	soi1	PROper	MORPH=empty
devoit	devoir	VERcjg	MORPH=empty
metre	metre2	VERinf	MORPH=empty
an	en1	PRE	MORPH=empty
prison	prison	NOMcom	MORPH=empty
atot	atot	PRE	MORPH=empty
son	son4	DETpos	MORPH=empty
ator	ator	NOMcom	MORPH=empty
si	si	ADVgen	MORPH=empty
con	come1	CONsub	MORPH=empty
il	il	PROper	MORPH=empty
partoit	partir	VERcjg	MORPH=empty
de	de	PRE	MORPH=empty
l'	le	DETdef	MORPH=empty
estor	estor2	NOMcom	MORPH=empty
ou	où	PROrel	MORPH=empty
il	il	PROper	MORPH=empty
conquis	conquerre	VERppe	MORPH=empty
avoit	avoir	VERcjg	MORPH=empty
esté	estre1	VERppe	MORPH=empty
,	,	PONfbl	MORPH=empty
que	que4	CONcoo	MORPH=empty
ja	ja	ADVgen	MORPH=empty
rien	rien	PROind	MORPH=empty
n'	ne1	ADVneg	MORPH=empty
i	i2	PROadv	MORPH=empty
eüst	avoir	VERcjg	MORPH=empty
osté	oster2	VERppe	MORPH=empty
ne	ne2	CONcoo	MORPH=empty
nule	nul	DETind	MORPH=empty
rien	rien	NOMcom	MORPH=empty
n'	ne1	ADVneg	MORPH=empty
i	i2	PROadv	MORPH=empty
eüst	avoir	VERcjg	MORPH=empty
mise	metre2	VERppe	MORPH=empty
.	.	PONfrt	MORPH=empty
Clamadex	Clamadeu	NOMpro	MORPH=empty
tot	tot	ADVgen	MORPH=empty
an	en1	PRE	MORPH=empty
itel	itel	DETind	MORPH=empty
guise	guise	NOMcom	MORPH=empty
se	soi1	PROper	MORPH=empty
met	metre2	VERcjg	MORPH=empty
aprés	après	PRE	MORPH=empty
Anguinguerron	Anguingueron	NOMpro	MORPH=empty
tot	tot	ADVgen	MORPH=empty
droit	droit	ADJqua	MORPH=empty
anvers	envers2	PRE	MORPH=empty
Disnadaron	Dinasdaron	NOMpro	MORPH=empty
,	,	PONfbl	MORPH=empty
ou	où	PROrel	MORPH=empty
li	le	DETdef	MORPH=empty
rois	roi2	NOMcom	MORPH=empty
Artus	Artu	NOMpro	MORPH=empty
cort	cort1	NOMcom	MORPH=empty
tenoit	tenir1	VERcjg	MORPH=empty
.	.	PONfrt	MORPH=empty
D'	de	PRE	MORPH=empty
autre	autre	DETind	MORPH=empty
part	part1	NOMcom	MORPH=empty
,	,	PONfbl	MORPH=empty
grant	grant	ADJqua	MORPH=empty
joie	joie	NOMcom	MORPH=empty
ravoit	ravoir2	VERcjg	MORPH=empty
el	en1+le	PRE.DETdef	MORPH=empty
chastel	chastel	NOMcom	MORPH=empty
,	,	PONfbl	MORPH=empty
ou	où	PROrel	MORPH=empty
sont	estre1	VERcjg	MORPH=empty
retorné	retorner	VERppe	MORPH=empty
cil	cel	PROdem	MORPH=empty
qui	qui	PROrel	MORPH=empty
avoient	avoir	VERcjg	MORPH=empty
demoré	demorer	VERppe	MORPH=empty
longuemant	longement2	ADVgen	MORPH=empty
an	en1	PRE	MORPH=empty
prison	prison	NOMcom	MORPH=empty
trop	trop	ADVgen	MORPH=empty
male	mal1	ADJqua	MORPH=empty
.	.	PONfrt	MORPH=empty
De	de	PRE	MORPH=empty
joie	joie	NOMcom	MORPH=empty
bruit	bruire	VERcjg	MORPH=empty
tote	tot	DETind	MORPH=empty
la	le	DETdef	MORPH=empty
sale	sale1	NOMcom	MORPH=empty
et	et	CONcoo	MORPH=empty
li	le	DETdef	MORPH=empty
ostel	ostel	NOMcom	MORPH=empty
as	a3+le	PRE.DETdef	MORPH=empty
chevaliers	chevalier	NOMcom	MORPH=empty
;	;	PONfbl	MORPH=empty
as	a3+le	PRE.DETdef	MORPH=empty
eglises	eglise	NOMcom	MORPH=empty
et	et	CONcoo	MORPH=empty
as	a3+le	PRE.DETdef	MORPH=empty
mostiers	mostier	NOMcom	MORPH=empty
sonent	soner	VERcjg	MORPH=empty
de	de	PRE	MORPH=empty
joie	joie	NOMcom	MORPH=empty
tuit	tot	DETind	MORPH=empty
li	le	DETdef	MORPH=empty
sain	seing	NOMcom	MORPH=empty
,	,	PONfbl	MORPH=empty
n'	ne2	CONcoo	MORPH=empty
il	il	PROimp	MORPH=empty
n'	ne1	ADVneg	MORPH=empty
i	i2	PROadv	MORPH=empty
a	avoir	VERcjg	MORPH=empty
moinne	moine1	NOMcom	MORPH=empty
ne	ne2	CONcoo	MORPH=empty
nonain	none1	NOMcom	MORPH=empty
qui	qui	PROrel	MORPH=empty
Damedeu	Damnedeu	NOMpro	MORPH=empty
ne	ne1	ADVneg	MORPH=empty
rande	rendre	VERcjg	MORPH=empty
graces	grace	NOMcom	MORPH=empty
.	.	PONfrt	MORPH=empty
Par	par	PRE	MORPH=empty
les	le	DETdef	MORPH=empty
rues	rüe2	NOMcom	MORPH=empty
et	et	CONcoo	MORPH=empty
par	par	PRE	MORPH=empty
les	le	DETdef	MORPH=empty
places	place	NOMcom	MORPH=empty
vont	aler	VERcjg	MORPH=empty
querolant	caroler	VERppa	MORPH=empty
totes	tot	PROind	MORPH=empty
et	et	CONcoo	MORPH=empty
tuit	tot	PROind	MORPH=empty
.	.	PONfrt	MORPH=empty
Mout	mout	ADVgen	MORPH=empty
orent	avoir	VERcjg	MORPH=empty
el	en1+le	PRE.DETdef	MORPH=empty
chastel	chastel	NOMcom	MORPH=empty
grant	grant	ADJqua	MORPH=empty
bruit	bruit	NOMcom	MORPH=empty
,	,	PONfbl	MORPH=empty
que	que4	CONcoo	MORPH=empty
nus	nul	PROind	MORPH=empty
nes	ne1+il	ADVneg.PROper	MORPH=empty
asaut	assalir	VERcjg	MORPH=empty
ne	ne2	CONcoo	MORPH=empty
guerroie	guerroiier2	VERcjg	MORPH=empty
.	.	PONfrt	MORPH=empty
Mes	mais1	CONcoo	MORPH=empty
Aguinguerrons	Anguingueron	NOMpro	MORPH=empty
tote	tot	DETind	MORPH=empty
voie	voie	NOMcom	MORPH=empty
s'	soi1	PROper	MORPH=empty
an	en2	PROadv	MORPH=empty
vet	aler	VERcjg	MORPH=empty
,	,	PONfbl	MORPH=empty
et	et	CONcoo	MORPH=empty
Clamadex	Clamadeu	NOMpro	MORPH=empty
aprés	après	ADVgen	MORPH=empty
,	,	PONfbl	MORPH=empty
et	et	CONcoo	MORPH=empty
jut	jesir	VERcjg	MORPH=empty
.iii.	3	DETcar	MORPH=empty
nuiz	nuit	NOMcom	MORPH=empty
tot	tot	ADVgen	MORPH=empty
pres	près	ADVgen	MORPH=empty
a	a3	PRE	MORPH=empty
pres	près	ADVgen	MORPH=empty
an	en1	PRE	MORPH=empty
l'	le	DETdef	MORPH=empty
ostel	ostel	NOMcom	MORPH=empty
ou	où	PROrel	MORPH=empty
il	il	PROper	MORPH=empty
ot	avoir	VERcjg	MORPH=empty
geü	jesir	VERppe	MORPH=empty
.	.	PONfrt	MORPH=empty
Bien	bien1	ADVgen	MORPH=empty
l'	il	PROper	MORPH=empty
a	avoir	VERcjg	MORPH=empty
par	par	PRE	MORPH=empty
ses	son4	DETpos	MORPH=empty
escloz	esclo	NOMcom	MORPH=empty
seü	sivre	VERppe	MORPH=empty
jusqu'	jusque	PRE	MORPH=empty
a	a3	PRE	MORPH=empty
Disnadaron	Dinasdaron	NOMpro	MORPH=empty
an	en1	PRE	MORPH=empty
Gales	Gales	NOMpro	MORPH=empty
,	,	PONfbl	MORPH=empty
ou	où	PROrel	MORPH=empty
li	le	DETdef	MORPH=empty
rois	roi2	NOMcom	MORPH=empty
Artus	Artu	NOMpro	MORPH=empty
an	en1	PRE	MORPH=empty
ses	son4	DETpos	MORPH=empty
sales	sale1	NOMcom	MORPH=empty
cort	cort1	NOMcom	MORPH=empty
mout	mout	ADVgen	MORPH=empty
esforciee	esforcier1	VERppe	MORPH=empty
tenoit	tenir1	VERcjg	MORPH=empty
.	.	PONfrt	MORPH=empty
Et	et	CONcoo	MORPH=empty
Clamadex	Clamadeu	NOMpro	MORPH=empty
leanz	laienz	ADVgen	MORPH=empty
venoit	venir	VERcjg	MORPH=empty
toz	tot	ADVgen	MORPH=empty
seus	sol1	ADJqua	MORPH=empty
,	,	PONfbl	MORPH=empty
si	si	ADVgen	MORPH=empty
armez	armer	VERppe	MORPH=empty
con	come1	CONsub	MORPH=empty
il	il	PROper	MORPH=empty
fut	estre1	VERcjg	MORPH=empty
,	,	PONfbl	MORPH=empty
et	et	CONcoo	MORPH=empty
Anguinguerrons	Anguingueron	NOMpro	MORPH=empty
le	il	PROper	MORPH=empty
conut	conoistre	VERcjg	MORPH=empty
,	,	PONfbl	MORPH=empty
qui	qui	PROrel	MORPH=empty
son	son4	DETpos	MORPH=empty
message	message1	NOMcom	MORPH=empty
avoit	avoir	VERcjg	MORPH=empty
ja	ja	ADVgen	MORPH=empty
fet	faire	VERppe	MORPH=empty
a	a3	PRE	MORPH=empty
cort	cort1	NOMcom	MORPH=empty
et	et	CONcoo	MORPH=empty
conté	conter	VERppe	MORPH=empty
et	et	CONcoo	MORPH=empty
retret	retraire	VERppe	MORPH=empty
des	des2	PRE	MORPH=empty
l'	le	DETdef	MORPH=empty
autre	autre	ADJind	MORPH=empty
jor	jor	NOMcom	MORPH=empty
qu'	que2	PROrel	MORPH=empty
il	il	PROper	MORPH=empty
fu	estre1	VERcjg	MORPH=empty
venuz	venir	VERppe	MORPH=empty
,	,	PONfbl	MORPH=empty
et	et	CONcoo	MORPH=empty
s'	si	ADVgen	MORPH=empty
estoit	estre1	VERcjg	MORPH=empty
a	a3	PRE	MORPH=empty
cort	cort1	NOMcom	MORPH=empty
retenuz	retenir	VERppe	MORPH=empty
et	et	CONcoo	MORPH=empty
de	de	PRE	MORPH=empty
mesniee	maisniee	NOMcom	MORPH=empty
et	et	CONcoo	MORPH=empty
de	de	PRE	MORPH=empty
consoil	conseil	NOMcom	MORPH=empty
.	.	PONfrt	MORPH=empty
Son	son4	DETpos	MORPH=empty
seignor	seignor	NOMcom	MORPH=empty
taint	teindre	VERppe	MORPH=empty
de	de	PRE	MORPH=empty
sanc	sanc	NOMcom	MORPH=empty
vermoil	vermeil1	ADJqua	MORPH=empty
vit	vëoir	VERcjg	MORPH=empty
covert	covrir	VERppe	MORPH=empty
,	,	PONfbl	MORPH=empty
nel	ne1+il	ADVneg.PROper	MORPH=empty
mesconut	mesconoistre	VERcjg	MORPH=empty
pas	pas	ADVneg	MORPH=empty
,	,	PONfbl	MORPH=empty
ençois	ainçois	ADVgen	MORPH=empty
dit	dire	VERcjg	MORPH=empty
tot	tot	ADVgen	MORPH=empty
en	en1	PRE	MORPH=empty
es	es2	PROdem	MORPH=empty
le	le	DETdef	MORPH=empty
pas	pas	NOMcom	MORPH=empty
:	:	PONfbl	MORPH=empty
"	"	PONpxx	MORPH=empty
Seignor	seignor	NOMcom	MORPH=empty
,	,	PONfbl	MORPH=empty
seignor	seignor	NOMcom	MORPH=empty
,	,	PONfbl	MORPH=empty
veez	vëoir	VERcjg	MORPH=empty
mervoilles	merveille	NOMcom	MORPH=empty
!	!	PONfrt	MORPH=empty
Li	le	DETdef	MORPH=empty
vaslez	vaslet	NOMcom	MORPH=empty
as	a3+le	PRE.DETdef	MORPH=empty
armes	arme	NOMcom	MORPH=empty
vermoilles	vermeil1	ADJqua	MORPH=empty
anvoie	envoiier	VERcjg	MORPH=empty
ça	ça	ADVgen	MORPH=empty
,	,	PONfbl	MORPH=empty
si	si	ADVgen	MORPH=empty
m'	je	PROper	MORPH=empty
an	en2	PROadv	MORPH=empty
creez	croire	VERcjg	MORPH=empty
,	,	PONfbl	MORPH=empty
cel	cel	DETdem	MORPH=empty
chevalier	chevalier	NOMcom	MORPH=empty
que	que2	PROrel	MORPH=empty
vos	vos	PROper	MORPH=empty
veez	vëoir	VERcjg	MORPH=empty
.	.	PONfrt	MORPH=empty
Il	il	PROper	MORPH=empty
l'	il	PROper	MORPH=empty
a	avoir	VERcjg	MORPH=empty
conquis	conquerre	VERppe	MORPH=empty
,	,	PONfbl	MORPH=empty
j'	je	PROper	MORPH=empty
an	en2	PROadv	MORPH=empty
sui	estre1	VERcjg	MORPH=empty
toz	tot	ADVgen	MORPH=empty
cerz	cert	ADJqua	MORPH=empty
,	,	PONfbl	MORPH=empty
a	a3	PRE	MORPH=empty
ce	ce1	PROdem	MORPH=empty
qu'	que4	CONsub	MORPH=empty
il	il	PROper	MORPH=empty
est	estre1	VERcjg	MORPH=empty
de	de	PRE	MORPH=empty
sanc	sanc	NOMcom	MORPH=empty
coverz	covrir	VERppe	MORPH=empty
.	.	PONfrt	MORPH=empty
Je	je	PROper	MORPH=empty
conuis	conoistre	VERcjg	MORPH=empty
bien	bien1	ADVgen	MORPH=empty
le	le	DETdef	MORPH=empty
sanc	sanc	NOMcom	MORPH=empty
de	de	PRE	MORPH=empty
ci	ci	ADVgen	MORPH=empty
et	et	CONcoo	MORPH=empty
lui	il	PROper	MORPH=empty
meïsmes	mëisme	ADJind	MORPH=empty
autresi	autresi	ADVgen	MORPH=empty
,	,	PONfbl	MORPH=empty
qu'	que4	CONcoo	MORPH=empty
il	il	PROper	MORPH=empty
est	estre1	VERcjg	MORPH=empty
mes	mon1	DETpos	MORPH=empty
sire	seignor	NOMcom	MORPH=empty
et	et	CONcoo	MORPH=empty
je	je	PROper	MORPH=empty
ses	son4	DETpos	MORPH=empty
hom	ome	NOMcom	MORPH=empty
.	.	PONfrt	MORPH=empty
Clamadex	Clamadeu	NOMpro	MORPH=empty
des	de+le	PRE.DETdef	MORPH=empty
Illes	isle	NOMcom	MORPH=empty
a	avoir	VERcjg	MORPH=empty
non	nom	NOMcom	MORPH=empty
,	,	PONfbl	MORPH=empty
et	et	CONcoo	MORPH=empty
je	je	PROper	MORPH=empty
cuidoie	cuidier1	VERcjg	MORPH=empty
que	que4	CONsub	MORPH=empty
il	il	PROper	MORPH=empty
fust	estre1	VERcjg	MORPH=empty
chevaliers	chevalier	NOMcom	MORPH=empty
tex	tel	ADJind	MORPH=empty
que	que4	CONsub	MORPH=empty
il	il	PROper	MORPH=empty
n'	ne1	ADVneg	MORPH=empty
eüst	avoir	VERcjg	MORPH=empty
meillor	meillor	ADJqua	MORPH=empty
an	en1	PRE	MORPH=empty
l'	le	DETdef	MORPH=empty
empire	empire	NOMcom	MORPH=empty
de	de	PRE	MORPH=empty
Rome	Rome	NOMpro	MORPH=empty
.	.	PONfrt	MORPH=empty
Mes	mais1	CONcoo	MORPH=empty
il	il	PROimp	MORPH=empty
meschiet	meschëoir	VERcjg	MORPH=empty
a	a3	PRE	MORPH=empty
maint	maint	DETind	MORPH=empty
prodome	pro	NOMcom	MORPH=empty
.	.	PONfrt	MORPH=empty
"	"	PONpxx	MORPH=empty
Ensi	ainsi	ADVgen	MORPH=empty
Anguinguerrons	Anguingueron	NOMpro	MORPH=empty
parla	parler	VERcjg	MORPH=empty
,	,	PONfbl	MORPH=empty
tant	tant	ADVgen	MORPH=empty
que	que4	CONsub	MORPH=empty
Clamadex	Clamadeu	NOMpro	MORPH=empty
parvint	parvenir	VERcjg	MORPH=empty
la	là	ADVgen	MORPH=empty
,	,	PONfbl	MORPH=empty
et	et	CONcoo	MORPH=empty
li	le	DETdef	MORPH=empty
uns	un	PROind	MORPH=empty
contre	contre	PRE	MORPH=empty
l'	le	DETdef	MORPH=empty
autre	autre	PROind	MORPH=empty
cort	corir	VERcjg	MORPH=empty
,	,	PONfbl	MORPH=empty
si	si	ADVgen	MORPH=empty
s'	soi1	PROper	MORPH=empty
antrancontrent	entr'encontrer	VERcjg	MORPH=empty
an	en1	PRE	MORPH=empty
la	le	DETdef	MORPH=empty
cort	cort1	NOMcom	MORPH=empty
.	.	PONfrt	MORPH=empty
Ce	ce1	PROdem	MORPH=empty
fu	estre1	VERcjg	MORPH=empty
a	a3	PRE	MORPH=empty
une	un	DETndf	MORPH=empty
Pantecoste	Pentecoste	NOMpro	MORPH=empty
,	,	PONfbl	MORPH=empty
que	que4	CONsub	MORPH=empty
la	le	DETdef	MORPH=empty
reïne	röine1	NOMcom	MORPH=empty
sist	sëoir	VERcjg	MORPH=empty
dejoste	dejoste	PRE	MORPH=empty
le	le	DETdef	MORPH=empty
roi	roi2	NOMcom	MORPH=empty
Artus	Artu	NOMpro	MORPH=empty
au	a3+le	PRE.DETdef	MORPH=empty
chief	chief1	NOMcom	MORPH=empty
d'	de	PRE	MORPH=empty
un	un	DETndf	MORPH=empty
dois	dois	NOMcom	MORPH=empty
.	.	PONfrt	MORPH=empty
Asez	assez	ADVgen	MORPH=empty
i	i2	PROadv	MORPH=empty
ot	avoir	VERcjg	MORPH=empty
contes	conte1	NOMcom	MORPH=empty
et	et	CONcoo	MORPH=empty
rois	roi2	NOMcom	MORPH=empty
,	,	PONfbl	MORPH=empty
si	si	ADVgen	MORPH=empty
ot	avoir	VERcjg	MORPH=empty
reïnes	röine1	NOMcom	MORPH=empty
et	et	CONcoo	MORPH=empty
contesses	contesse	NOMcom	MORPH=empty
;	;	PONfbl	MORPH=empty
et	et	CONcoo	MORPH=empty
fu	estre1	VERcjg	MORPH=empty
aprés	après	PRE	MORPH=empty
totes	tot	DETind	MORPH=empty
les	le	DETdef	MORPH=empty
messes	messe	NOMcom	MORPH=empty
,	,	PONfbl	MORPH=empty
que	que4	CONsub	MORPH=empty
issu	issir	VERppe	MORPH=empty
furent	estre1	VERcjg	MORPH=empty
del	de+le	PRE.DETdef	MORPH=empty
mostier	mostier	NOMcom	MORPH=empty
les	le	DETdef	MORPH=empty
dames	dame	NOMcom	MORPH=empty
et	et	CONcoo	MORPH=empty
li	le	DETdef	MORPH=empty
chevalier	chevalier	NOMcom	MORPH=empty
.	.	PONfrt	MORPH=empty
Et	et	CONcoo	MORPH=empty
Kex	Keu	NOMpro	MORPH=empty
parmi	parmi	PRE	MORPH=empty
la	le	DETdef	MORPH=empty
sale	sale1	NOMcom	MORPH=empty
vint	venir	VERcjg	MORPH=empty
,	,	PONfbl	MORPH=empty
trestoz	trestot	ADVgen	MORPH=empty
desafublez	desafubler	VERppe	MORPH=empty
,	,	PONfbl	MORPH=empty
et	et	CONcoo	MORPH=empty
tint	tenir1	VERcjg	MORPH=empty
an	en1	PRE	MORPH=empty
sa	son4	DETpos	MORPH=empty
main	main2	NOMcom	MORPH=empty
destre	destre	ADJqua	MORPH=empty
.i.	un	DETndf	MORPH=empty
bastonet	bastonet	NOMcom	MORPH=empty
,	,	PONfbl	MORPH=empty
el	en1+le	PRE.DETdef	MORPH=empty
chief	chief1	NOMcom	MORPH=empty
.i.	un	DETndf	MORPH=empty
chapel	chapel2	NOMcom	MORPH=empty
de	de	PRE	MORPH=empty
bonet	bonet	NOMcom	MORPH=empty
,	,	PONfbl	MORPH=empty
don	dont	PROrel	MORPH=empty
li	le	DETdef	MORPH=empty
chevol	chevel	NOMcom	MORPH=empty
estoient	estre1	VERcjg	MORPH=empty
blont	blont	ADJqua	MORPH=empty
,	,	PONfbl	MORPH=empty
n'	ne1	ADVneg	MORPH=empty
ot	avoir	VERcjg	MORPH=empty
plus	plus	ADVgen	MORPH=empty
bel	bel1	ADJqua	MORPH=empty
chevalier	chevalier	NOMcom	MORPH=empty
el	en1+le	PRE.DETdef	MORPH=empty
mont	monde1	NOMcom	MORPH=empty
,	,	PONfbl	MORPH=empty
et	et	CONcoo	MORPH=empty
fu	estre1	VERcjg	MORPH=empty
treciez	trecier2	VERppe	MORPH=empty
a	a3	PRE	MORPH=empty
une	un	DETndf	MORPH=empty
tresce	trece	NOMcom	MORPH=empty
.	.	PONfrt	MORPH=empty
Mes	mais1	CONcoo	MORPH=empty
sa	son4	DETpos	MORPH=empty
biauté	biauté	NOMcom	MORPH=empty
et	et	CONcoo	MORPH=empty
sa	son4	DETpos	MORPH=empty
proesce	pröece	NOMcom	MORPH=empty
anpiroient	empirier	VERcjg	MORPH=empty
si	son4	DETpos	MORPH=empty
felon	felon	ADJqua	MORPH=empty
gap	gap	NOMcom	MORPH=empty
.	.	PONfrt	MORPH=empty
Sa	son4	DETpos	MORPH=empty
cote	cote2	NOMcom	MORPH=empty
fu	estre1	VERcjg	MORPH=empty
d'	de	PRE	MORPH=empty
un	un	DETndf	MORPH=empty
riche	riche	ADJqua	MORPH=empty
drap	drap	NOMcom	MORPH=empty
de	de	PRE	MORPH=empty
soie	soie2	NOMcom	MORPH=empty
tote	tot	ADVgen	MORPH=empty
coloree	colorer	VERppe	MORPH=empty
;	;	PONfbl	MORPH=empty
ceinz	ceindre	VERppe	MORPH=empty
fu	estre1	VERcjg	MORPH=empty
d'	de	PRE	MORPH=empty
une	un	DETndf	MORPH=empty
ceinture	ceinture	NOMcom	MORPH=empty
ovree	ovrer	VERppe	MORPH=empty
,	,	PONfbl	MORPH=empty
don	dont	PROrel	MORPH=empty
la	le	DETdef	MORPH=empty
boclete	boclete	NOMcom	MORPH=empty
et	et	CONcoo	MORPH=empty
tuit	tot	DETind	MORPH=empty
li	le	DETdef	MORPH=empty
manbre	membre	NOMcom	MORPH=empty
estoient	estre1	VERcjg	MORPH=empty
d'	de	PRE	MORPH=empty
or	or1	NOMcom	MORPH=empty
,	,	PONfbl	MORPH=empty
bien	bien1	ADVgen	MORPH=empty
m'	je	PROper	MORPH=empty
an	en2	PROadv	MORPH=empty
remanbre	remembrer	VERcjg	MORPH=empty
,	,	PONfbl	MORPH=empty
et	et	CONcoo	MORPH=empty
l'	le	DETdef	MORPH=empty
estoire	estoire1	NOMcom	MORPH=empty
ensi	ainsi	ADVgen	MORPH=empty
le	il	PROper	MORPH=empty
tesmoingne	tesmoignier	VERcjg	MORPH=empty
.	.	PONfrt	MORPH=empty
Chascuns	chascun	PROind	MORPH=empty
de	de	PRE	MORPH=empty
sa	son4	DETpos	MORPH=empty
voie	voie	NOMcom	MORPH=empty
s'	soi1	PROper	MORPH=empty
esloingne	esloignier	VERcjg	MORPH=empty
si	si	ADVgen	MORPH=empty
con	come1	CONsub	MORPH=empty
il	il	PROper	MORPH=empty
vint	venir	VERcjg	MORPH=empty
parmi	parmi	PRE	MORPH=empty
la	le	DETdef	MORPH=empty
sale	sale1	NOMcom	MORPH=empty
;	;	PONfbl	MORPH=empty
ses	son4	DETpos	MORPH=empty
felons	felon	ADJqua	MORPH=empty
gas	gap	NOMcom	MORPH=empty
,	,	PONfbl	MORPH=empty
sa	son4	DETpos	MORPH=empty
lengue	langue1	NOMcom	MORPH=empty
male	mal1	ADJqua	MORPH=empty
redotent	redoter1	VERcjg	MORPH=empty
tuit	tot	PROind	MORPH=empty
,	,	PONfbl	MORPH=empty
si	si	ADVgen	MORPH=empty
li	il	PROper	MORPH=empty
font	faire	VERcjg	MORPH=empty
rote	rote4	NOMcom	MORPH=empty
:	:	PONfbl	MORPH=empty
n'	ne1	ADVneg	MORPH=empty
est	estre1	VERcjg	MORPH=empty
mie	mie	ADVneg	MORPH=empty
sages	sage	ADJqua	MORPH=empty
qui	qui	PROrel	MORPH=empty
ne	ne1	ADVneg	MORPH=empty
dote	doter2	VERcjg	MORPH=empty
,	,	PONfbl	MORPH=empty
ou	o3	CONcoo	MORPH=empty
soit	estre1	VERcjg	MORPH=empty
a	a3	PRE	MORPH=empty
gas	gap	NOMcom	MORPH=empty
ou	o3	CONcoo	MORPH=empty
soit	estre1	VERcjg	MORPH=empty
a	a3	PRE	MORPH=empty
certes	certes	ADVgen	MORPH=empty
,	,	PONfbl	MORPH=empty
felenies	felonie	NOMcom	MORPH=empty
trop	trop	ADVgen	MORPH=empty
descovertes	descovrir	VERppe	MORPH=empty
.	.	PONfrt	MORPH=empty
Ses	son4	DETpos	MORPH=empty
felons	felon	ADJqua	MORPH=empty
gas	gap	NOMcom	MORPH=empty
tant	tant	ADVgen	MORPH=empty
redotoient	redoter1	VERcjg	MORPH=empty
trestuit	trestot	DETind	MORPH=empty
cil	cel	PROdem	MORPH=empty
qui	qui	PROrel	MORPH=empty
leanz	laienz	ADVgen	MORPH=empty
estoient	estre1	VERcjg	MORPH=empty
c'	que4	CONsub	MORPH=empty
onques	onque	ADVgen	MORPH=empty
nus	nul	PROind	MORPH=empty
a	a3	PRE	MORPH=empty
lui	il	PROper	MORPH=empty
ne	ne1	ADVneg	MORPH=empty
parla	parler	VERcjg	MORPH=empty
.	.	PONfrt	MORPH=empty
Et	et	CONcoo	MORPH=empty
il	il	PROper	MORPH=empty
devant	devant	PRE	MORPH=empty
toz	tot	PROind	MORPH=empty
s'	soi1	PROper	MORPH=empty
an	en2	PROadv	MORPH=empty
ala	aler	VERcjg	MORPH=empty
jusque	jusque	PRE	MORPH=empty
la	là	ADVgen	MORPH=empty
ou	où	PROrel	MORPH=empty
li	le	DETdef	MORPH=empty
rois	roi2	NOMcom	MORPH=empty
seoit	sëoir	VERcjg	MORPH=empty
,	,	PONfbl	MORPH=empty
et	et	CONcoo	MORPH=empty
dist	dire	VERcjg	MORPH=empty
:	:	PONfbl	MORPH=empty
"	"	PONpxx	MORPH=empty
Sire	seignor	NOMcom	MORPH=empty
,	,	PONfbl	MORPH=empty
s'	se	CONsub	MORPH=empty
il	il	PROimp	MORPH=empty
vos	vos	PROper	MORPH=empty
pleisoit	plaire	VERcjg	MORPH=empty
,	,	PONfbl	MORPH=empty
vos	vos	PROper	MORPH=empty
mangerez	mangier	VERcjg	MORPH=empty
des	des2	PRE	MORPH=empty
ore	or4	ADVgen	MORPH=empty
mes	mais1	ADVgen	MORPH=empty
.	.	PONfrt	MORPH=empty
Kex	Keu	NOMpro	MORPH=empty
,	,	PONfbl	MORPH=empty
dist	dire	VERcjg	MORPH=empty
li	le	DETdef	MORPH=empty
rois	roi2	NOMcom	MORPH=empty
,	,	PONfbl	MORPH=empty
leissiez	laissier	VERcjg	MORPH=empty
m'	je	PROper	MORPH=empty
an	en1	PRE	MORPH=empty
pes	pais	NOMcom	MORPH=empty
,	,	PONfbl	MORPH=empty
que	que4	CONcoo	MORPH=empty
ja	ja	ADVgen	MORPH=empty
par	par	PRE	MORPH=empty
les	le	DETdef	MORPH=empty
ialz	ueil	NOMcom	MORPH=empty
de	de	PRE	MORPH=empty
ma	mon1	DETpos	MORPH=empty
teste	teste	NOMcom	MORPH=empty
ne	ne1	ADVneg	MORPH=empty
mangerai	mangier	VERcjg	MORPH=empty
a	a3	PRE	MORPH=empty
si	si	ADVgen	MORPH=empty
grant	grant	ADJqua	MORPH=empty
feste	feste1	NOMcom	MORPH=empty
,	,	PONfbl	MORPH=empty
por	por2	PRE	MORPH=empty
que	que4	CONsub	MORPH=empty
cort	cort1	NOMcom	MORPH=empty
anforciee	enforcier1	VERppe	MORPH=empty
tiegne	tenir1	VERcjg	MORPH=empty
,	,	PONfbl	MORPH=empty
tant	tant	ADVgen	MORPH=empty
qu'	que4	CONsub	MORPH=empty
a	a3	PRE	MORPH=empty
ma	mon1	DETpos	MORPH=empty
cort	cort1	NOMcom	MORPH=empty
novele	novele	NOMcom	MORPH=empty
viegne	venir	VERcjg	MORPH=empty
.	.	PONfrt	MORPH=empty
"	"	PONpxx	MORPH=empty
Ensi	ainsi	ADVgen	MORPH=empty
parloient	parler	VERcjg	MORPH=empty
andemantre	endementre	ADVgen	MORPH=empty
,	,	PONfbl	MORPH=empty
et	et	CONcoo	MORPH=empty
Clamadex	Clamadeu	NOMpro	MORPH=empty
an	en1	PRE	MORPH=empty
la	le	DETdef	MORPH=empty
cort	cort1	NOMcom	MORPH=empty
antre	entrer	VERcjg	MORPH=empty
,	,	PONfbl	MORPH=empty
qui	qui	PROrel	MORPH=empty
vint	venir	VERcjg	MORPH=empty
prison	prison	NOMcom	MORPH=empty
a	a3	PRE	MORPH=empty
cort	cort1	NOMcom	MORPH=empty
tenir	tenir1	VERinf	MORPH=empty
,	,	PONfbl	MORPH=empty
armez	armer	VERppe	MORPH=empty
si	si	ADVgen	MORPH=empty
con	come1	CONsub	MORPH=empty
il	il	PROper	MORPH=empty
dut	devoir	VERcjg	MORPH=empty
venir	venir	VERinf	MORPH=empty
,	,	PONfbl	MORPH=empty
et	et	CONcoo	MORPH=empty
dist	dire	VERcjg	MORPH=empty
:	:	PONfbl	MORPH=empty
"	"	PONpxx	MORPH=empty
Dex	Dieu	NOMpro	MORPH=empty
saut	sauver	VERcjg	MORPH=empty
et	et	CONcoo	MORPH=empty
beneïe	benëir	VERcjg	MORPH=empty
le	le	DETdef	MORPH=empty
meillor	meillor	ADJqua	MORPH=empty
roi	roi2	NOMcom	MORPH=empty
qui	qui	PROrel	MORPH=empty
soit	estre1	VERcjg	MORPH=empty
an	en1	PRE	MORPH=empty
vie	vie1	NOMcom	MORPH=empty
,	,	PONfbl	MORPH=empty
le	le	DETdef	MORPH=empty
plus	plus	ADVgen	MORPH=empty
franc	franc1	ADJqua	MORPH=empty
et	et	CONcoo	MORPH=empty
le	le	DETdef	MORPH=empty
plus	plus	ADVgen	MORPH=empty
gentil	gentil	ADJqua	MORPH=empty
,	,	PONfbl	MORPH=empty
si	si	ADVgen	MORPH=empty
le	il	PROper	MORPH=empty
tesmoignent	tesmoignier	VERcjg	MORPH=empty
trestuit	trestot	DETind	MORPH=empty
cil	cel	PROdem	MORPH=empty
devant	devant	PRE	MORPH=empty
cui	cui	PROrel	MORPH=empty
ont	avoir	VERcjg	MORPH=empty
esté	estre1	VERppe	MORPH=empty
retraites	retraire	VERppe	MORPH=empty
les	le	DETdef	MORPH=empty
granz	grant	ADJqua	MORPH=empty
proesces	pröece	NOMcom	MORPH=empty
qu'	que2	PROrel	MORPH=empty
il	il	PROper	MORPH=empty
a	avoir	VERcjg	MORPH=empty
faites	faire	VERppe	MORPH=empty
!	!	PONfrt	MORPH=empty
Or	or4	ADVgen	MORPH=empty
antandez	entendre	VERcjg	MORPH=empty
,	,	PONfbl	MORPH=empty
fet	faire	VERcjg	MORPH=empty
il	il	PROper	MORPH=empty
,	,	PONfbl	MORPH=empty
biau	bel1	ADJqua	MORPH=empty
sire	seignor	NOMcom	MORPH=empty
,	,	PONfbl	MORPH=empty
que	que4	CONcoo	MORPH=empty
mon	mon1	DETpos	MORPH=empty
mesage	message1	NOMcom	MORPH=empty
vos	vos	PROper	MORPH=empty
voel	voloir	VERcjg	MORPH=empty
dire	dire	VERinf	MORPH=empty
.	.	PONfrt	MORPH=empty
Ce	ce1	PROdem	MORPH=empty
poise	peser	VERcjg	MORPH=empty
moi	je	PROper	MORPH=empty
,	,	PONfbl	MORPH=empty
mes	mais1	CONcoo	MORPH=empty
tote	tot	DETind	MORPH=empty
voie	voie	NOMcom	MORPH=empty
reconuis	reconoistre	VERcjg	MORPH=empty
ge	je	PROper	MORPH=empty
que	que4	CONsub	MORPH=empty
ça	ça	ADVgen	MORPH=empty
m'	je	PROper	MORPH=empty
anvoie	envoiier	VERcjg	MORPH=empty
uns	un	DETndf	MORPH=empty
chevaliers	chevalier	NOMcom	MORPH=empty
qui	qui	PROrel	MORPH=empty
m'	je	PROper	MORPH=empty
a	avoir	VERcjg	MORPH=empty
conquis	conquerre	VERppe	MORPH=empty
.	.	PONfrt	MORPH=empty
De	de	PRE	MORPH=empty
par	par	PRE	MORPH=empty
lui	il	PROper	MORPH=empty
m'	je	PROper	MORPH=empty
estuet	estovoir1	VERcjg	MORPH=empty
randre	rendre	VERinf	MORPH=empty
pris	prendre	VERppe	MORPH=empty
a	a3	PRE	MORPH=empty
vos	vos	PROper	MORPH=empty
,	,	PONfbl	MORPH=empty
que	que4	CONcoo	MORPH=empty
nel	ne1+il	ADVneg.PROper	MORPH=empty
puis	pöoir	VERcjg	MORPH=empty
amander	amender	VERinf	MORPH=empty
.	.	PONfrt	MORPH=empty
Mes	mais1	CONcoo	MORPH=empty
qui	qui	PROrel	MORPH=empty
me	je	PROper	MORPH=empty
voldroit	voloir	VERcjg	MORPH=empty
demander	demander	VERinf	MORPH=empty
se	se	CONsub	MORPH=empty
je	je	PROper	MORPH=empty
sai	savoir	VERcjg	MORPH=empty
comant	coment1	ADVsub	MORPH=empty
il	il	PROper	MORPH=empty
a	avoir	VERcjg	MORPH=empty
non	nom	NOMcom	MORPH=empty
,	,	PONfbl	MORPH=empty
je	je	PROper	MORPH=empty
li	il	PROper	MORPH=empty
respondroie	respondre1	VERcjg	MORPH=empty
que	que4	CONsub	MORPH=empty
non	non	ADVneg	MORPH=empty
,	,	PONfbl	MORPH=empty
mes	mais1	CONcoo	MORPH=empty
tex	tel	DETind	MORPH=empty
noveles	novele	NOMcom	MORPH=empty
vos	vos	PROper	MORPH=empty
an	en2	PROadv	MORPH=empty
cont	conter	VERcjg	MORPH=empty
que	que4	CONsub	MORPH=empty
ses	son4	DETpos	MORPH=empty
armes	arme	NOMcom	MORPH=empty
vermoilles	vermeil1	ADJqua	MORPH=empty
sont	estre1	VERcjg	MORPH=empty
et	et	CONcoo	MORPH=empty
si	si	ADVgen	MORPH=empty
li	il	PROper	MORPH=empty
donastes	doner	VERcjg	MORPH=empty
,	,	PONfbl	MORPH=empty
ce	ce1	PROdem	MORPH=empty
dist	dire	VERcjg	MORPH=empty
.	.	PONfrt	MORPH=empty
Amis	ami	NOMcom	MORPH=empty
,	,	PONfbl	MORPH=empty
se	se	CONsub	MORPH=empty
Damedex	Damnedeu	NOMpro	MORPH=empty
m'	je	PROper	MORPH=empty
aïst	aidier	VERcjg	MORPH=empty
,	,	PONfbl	MORPH=empty
fet	faire	VERcjg	MORPH=empty
li	le	DETdef	MORPH=empty
rois	roi2	NOMcom	MORPH=empty
,	,	PONfbl	MORPH=empty
di	dire	VERcjg	MORPH=empty
moi	je	PROper	MORPH=empty
verité	verité	NOMcom	MORPH=empty
,	,	PONfbl	MORPH=empty
se	se	CONsub	MORPH=empty
il	il	PROper	MORPH=empty
est	estre1	VERcjg	MORPH=empty
an	en1	PRE	MORPH=empty
sa	son4	DETpos	MORPH=empty
poësté	pöesté	NOMcom	MORPH=empty
,	,	PONfbl	MORPH=empty
delivres	delivre1	ADJqua	MORPH=empty
et	et	CONcoo	MORPH=empty
heitiez	haitier	VERppe	MORPH=empty
et	et	CONcoo	MORPH=empty
sains	sain	ADJqua	MORPH=empty
.	.	PONfrt	MORPH=empty
Oïl	öil	ADVgen	MORPH=empty
,	,	PONfbl	MORPH=empty
toz	tot	ADVgen	MORPH=empty
an	en2	PROadv	MORPH=empty
soiez	estre1	VERcjg	MORPH=empty
certains	certain	ADJqua	MORPH=empty
,	,	PONfbl	MORPH=empty
fet	faire	VERcjg	MORPH=empty
Clamadex	Clamadeu	NOMpro	MORPH=empty
,	,	PONfbl	MORPH=empty
biax	bel1	ADJqua	MORPH=empty
sire	seignor	NOMcom	MORPH=empty
chiers	chier	ADJqua	MORPH=empty
,	,	PONfbl	MORPH=empty
con	come1	CONsub	MORPH=empty
li	le	DETdef	MORPH=empty
plus	plus	ADVgen	MORPH=empty
vaillanz	valoir	VERppa	MORPH=empty
chevaliers	chevalier	NOMcom	MORPH=empty
a	a3	PRE	MORPH=empty
cui	cui	PROrel	MORPH=empty
je	je	PROper	MORPH=empty
onques	onque	ADVgen	MORPH=empty
m'	je	PROper	MORPH=empty
acointasse	acointier	VERcjg	MORPH=empty
,	,	PONfbl	MORPH=empty
et	et	CONcoo	MORPH=empty
si	si	ADVgen	MORPH=empty
me	je	PROper	MORPH=empty
dist	dire	VERcjg	MORPH=empty
que	que4	CONsub	MORPH=empty
je	je	PROper	MORPH=empty
parlasse	parler	VERcjg	MORPH=empty
a	a3	PRE	MORPH=empty
la	le	DETdef	MORPH=empty
pucele	pucele	NOMcom	MORPH=empty
qui	qui	PROrel	MORPH=empty
li	il	PROper	MORPH=empty
rist	rire	VERcjg	MORPH=empty
,	,	PONfbl	MORPH=empty
dont	dont	PROrel	MORPH=empty
Kex	Keu	NOMpro	MORPH=empty
si	si	ADVgen	MORPH=empty
grant	grant	ADJqua	MORPH=empty
honte	honte	NOMcom	MORPH=empty
li	il	PROper	MORPH=empty
fist	faire	VERcjg	MORPH=empty
c'	que4	CONsub	MORPH=empty
une	un	DETndf	MORPH=empty
joee	jöee	NOMcom	MORPH=empty
li	il	PROper	MORPH=empty
dona	doner	VERcjg	MORPH=empty
.	.	PONfrt	MORPH=empty
Mes	mais1	CONcoo	MORPH=empty
il	il	PROper	MORPH=empty
dist	dire	VERcjg	MORPH=empty
qu'	que4	CONsub	MORPH=empty
il	il	PROper	MORPH=empty
la	il	PROper	MORPH=empty
vangera	vengier	VERcjg	MORPH=empty
,	,	PONfbl	MORPH=empty
se	se	CONsub	MORPH=empty
Damedex	Damnedeu	NOMpro	MORPH=empty
le	il	PROper	MORPH=empty
li	il	PROper	MORPH=empty
consant	consentir	VERcjg	MORPH=empty
.	.	PONfrt	MORPH=empty
"	"	PONpxx	MORPH=empty
Qant	cant1	CONsub	MORPH=empty
li	le	DETdef	MORPH=empty
fos	fol3	ADJqua	MORPH=empty
la	le	DETdef	MORPH=empty
parole	parole	NOMcom	MORPH=empty
antant	entendre	VERcjg	MORPH=empty
,	,	PONfbl	MORPH=empty
de	de	PRE	MORPH=empty
joie	joie	NOMcom	MORPH=empty
saut	salir2	VERcjg	MORPH=empty
et	et	CONcoo	MORPH=empty
si	si	ADVgen	MORPH=empty
s'	soi1	PROper	MORPH=empty
escrie	escrïer	VERcjg	MORPH=empty
:	:	PONfbl	MORPH=empty
"	"	PONpxx	MORPH=empty
Danz	Damnedeu	NOMcom	MORPH=empty
rois	roi2	NOMcom	MORPH=empty
,	,	PONfbl	MORPH=empty
se	se	CONsub	MORPH=empty
Dex	Dieu	NOMpro	MORPH=empty
me	je	PROper	MORPH=empty
beneïe	benëir	VERcjg	MORPH=empty
,	,	PONfbl	MORPH=empty
or	or4	ADVgen	MORPH=empty
iert	estre1	VERcjg	MORPH=empty
bien	bien1	ADVgen	MORPH=empty
vangiee	vengier	VERppe	MORPH=empty
la	le	DETdef	MORPH=empty
bufe	bufe	NOMcom	MORPH=empty
,	,	PONfbl	MORPH=empty
et	et	CONcoo	MORPH=empty
si	si	ADVgen	MORPH=empty
nel	ne1+il	ADVneg.PROper	MORPH=empty
tenez	tenir1	VERcjg	MORPH=empty
mie	mie	ADVneg	MORPH=empty
a	a3	PRE	MORPH=empty
trufe	trufe	NOMcom	MORPH=empty
,	,	PONfbl	MORPH=empty
que	que4	CONcoo	MORPH=empty
le	le	DETdef	MORPH=empty
braz	braz	NOMcom	MORPH=empty
brisié	brisier	VERppe	MORPH=empty
en	en2	PROadv	MORPH=empty
avra	avoir	VERcjg	MORPH=empty
,	,	PONfbl	MORPH=empty
ja	ja	ADVgen	MORPH=empty
si	si	ADVgen	MORPH=empty
garder	garder	VERinf	MORPH=empty
ne	ne1	ADVneg	MORPH=empty
s'	soi1	PROper	MORPH=empty
an	en2	PROadv	MORPH=empty
savra	savoir	VERcjg	MORPH=empty
,	,	PONfbl	MORPH=empty
et	et	CONcoo	MORPH=empty
desnoee	desnöer	VERppe	MORPH=empty
la	le	DETdef	MORPH=empty
chanole	chanole	NOMcom	MORPH=empty
.	.	PONfrt	MORPH=empty
"	"	PONpxx	MORPH=empty
Kex	Keu	NOMpro	MORPH=empty
,	,	PONfbl	MORPH=empty
qui	qui	PROrel	MORPH=empty
antant	entendre	VERcjg	MORPH=empty
ceste	cest	DETdem	MORPH=empty
parole	parole	NOMcom	MORPH=empty
,	,	PONfbl	MORPH=empty
le	il	PROper	MORPH=empty
tient	tenir1	VERcjg	MORPH=empty
a	a3	PRE	MORPH=empty
mout	mout	ADVgen	MORPH=empty
grant	grant	ADJqua	MORPH=empty
musardie	musardie	NOMcom	MORPH=empty
;	;	PONfbl	MORPH=empty
et	et	CONcoo	MORPH=empty
sachiez	savoir	VERcjg	MORPH=empty
que	que4	CONsub	MORPH=empty
par	par	PRE	MORPH=empty
coardie	cöardie	NOMcom	MORPH=empty
nel	ne1+il	ADVneg.PROper	MORPH=empty
lait	laiier2	VERcjg	MORPH=empty
il	il	PROper	MORPH=empty
pas	pas	ADVneg	MORPH=empty
qu'	que4	CONsub	MORPH=empty
il	il	PROper	MORPH=empty
ne	ne1	ADVneg	MORPH=empty
l'	il	PROper	MORPH=empty
esfronte	esfronter	VERcjg	MORPH=empty
,	,	PONfbl	MORPH=empty
mes	mais1	CONcoo	MORPH=empty
por	por2	PRE	MORPH=empty
le	le	DETdef	MORPH=empty
roi	roi2	NOMcom	MORPH=empty
et	et	CONcoo	MORPH=empty
por	por2	PRE	MORPH=empty
sa	son4	DETpos	MORPH=empty
honte	honte	NOMcom	MORPH=empty
.	.	PONfrt	MORPH=empty
Li	le	DETdef	MORPH=empty
rois	roi2	NOMcom	MORPH=empty
en	en2	PROadv	MORPH=empty
a	avoir	VERcjg	MORPH=empty
croslé	croler	VERppe	MORPH=empty
le	le	DETdef	MORPH=empty
chief	chief1	NOMcom	MORPH=empty
et	et	CONcoo	MORPH=empty
dist	dire	VERcjg	MORPH=empty
:	:	PONfbl	MORPH=empty
"	"	PONpxx	MORPH=empty
Ha	ha	INJ	MORPH=empty
!	!	PONfrt	MORPH=empty
Kex	Keu	NOMpro	MORPH=empty
,	,	PONfbl	MORPH=empty
mout	mout	ADVgen	MORPH=empty
m'	je	PROper	MORPH=empty
an	en2	PROadv	MORPH=empty
est	estre1	VERcjg	MORPH=empty
grief	grief	ADJqua	MORPH=empty
qant	cant1	CONsub	MORPH=empty
il	il	PROper	MORPH=empty
n'	ne1	ADVneg	MORPH=empty
est	estre1	VERcjg	MORPH=empty
ceanz	çaienz	ADVgen	MORPH=empty
avoec	avuec	PRE	MORPH=empty
moi	je	PROper	MORPH=empty
.	.	PONfrt	MORPH=empty
Par	par	PRE	MORPH=empty
la	le	DETdef	MORPH=empty
fole	fol3	ADJqua	MORPH=empty
lengue	langue1	NOMcom	MORPH=empty
de	de	PRE	MORPH=empty
toi	tu	PROper	MORPH=empty
s'	soi1	PROper	MORPH=empty
an	en2	PROadv	MORPH=empty
ala	aler	VERcjg	MORPH=empty
il	il	PROper	MORPH=empty
,	,	PONfbl	MORPH=empty
don	dont	PROrel	MORPH=empty
mout	mout	ADVgen	MORPH=empty
me	je	PROper	MORPH=empty
grieve	grever	VERcjg	MORPH=empty
.	.	PONfrt	MORPH=empty
"	"	PONpxx	MORPH=empty
A	a3	PRE	MORPH=empty
cest	cest	DETdem	MORPH=empty
mot	mot	NOMcom	MORPH=empty
an	en1	PRE	MORPH=empty
estant	ester	VERppa	MORPH=empty
se	soi1	PROper	MORPH=empty
lieve	lever	VERcjg	MORPH=empty
Girflez	Girflet	NOMpro	MORPH=empty
,	,	PONfbl	MORPH=empty
cui	cui	PROrel	MORPH=empty
li	le	DETdef	MORPH=empty
rois	roi2	NOMcom	MORPH=empty
le	il	PROper	MORPH=empty
comande	comander	VERcjg	MORPH=empty
,	,	PONfbl	MORPH=empty
et	et	CONcoo	MORPH=empty
messire	seignor	NOMcom	MORPH=empty
Yvains	Yvain	NOMpro	MORPH=empty
,	,	PONfbl	MORPH=empty
qui	qui	PROrel	MORPH=empty
amande	amender	VERcjg	MORPH=empty
toz	tot	DETind	MORPH=empty
cez	ce2	PROdem	MORPH=empty
qui	qui	PROrel	MORPH=empty
a	a3	PRE	MORPH=empty
lui	il	PROper	MORPH=empty
s'	soi1	PROper	MORPH=empty
aconpaignent	acompagnier	VERcjg	MORPH=empty
.	.	PONfrt	MORPH=empty
Et	et	CONcoo	MORPH=empty
si	si	ADVgen	MORPH=empty
comande	comander	VERcjg	MORPH=empty
qu'	que4	CONsub	MORPH=empty
il	il	PROper	MORPH=empty
an	en2	PROadv	MORPH=empty
maignent	mener	VERcjg	MORPH=empty
le	le	DETdef	MORPH=empty
chevalier	chevalier	NOMcom	MORPH=empty
,	,	PONfbl	MORPH=empty
si	si	ADVgen	MORPH=empty
le	il	PROper	MORPH=empty
conduient	conduire	VERcjg	MORPH=empty
anz	enz	ADVgen	MORPH=empty
es	en1+le	PRE.DETdef	MORPH=empty
chanbres	chambre1	NOMcom	MORPH=empty
ou	où	PROrel	MORPH=empty
se	soi1	PROper	MORPH=empty
deduient	deduire	VERcjg	MORPH=empty
les	le	DETdef	MORPH=empty
dameiseles	damoisele	NOMcom	MORPH=empty
la	le	DETdef	MORPH=empty
reïne	röine1	NOMcom	MORPH=empty
.	.	PONfrt	MORPH=empty
Et	et	CONcoo	MORPH=empty
li	le	DETdef	MORPH=empty
chevaliers	chevalier	NOMcom	MORPH=empty
lor	il	PROper	MORPH=empty
ancline	encliner	VERcjg	MORPH=empty
.	.	PONfrt	MORPH=empty
Cil	cel	PROdem	MORPH=empty
cui	cui	PROrel	MORPH=empty
li	le	DETdef	MORPH=empty
rois	roi2	NOMcom	MORPH=empty
l'	il	PROper	MORPH=empty
ot	avoir	VERcjg	MORPH=empty
comandé	comander	VERppe	MORPH=empty
l'	il	PROper	MORPH=empty
an	en2	PROadv	MORPH=empty
ont	avoir	VERcjg	MORPH=empty
anz	enz	ADVgen	MORPH=empty
es	en1+le	PRE.DETdef	MORPH=empty
chanbres	chambre1	NOMcom	MORPH=empty
mené	mener	VERppe	MORPH=empty
,	,	PONfbl	MORPH=empty
si	si	ADVgen	MORPH=empty
li	il	PROper	MORPH=empty
mostrerent	mostrer	VERcjg	MORPH=empty
la	le	DETdef	MORPH=empty
pucele	pucele	NOMcom	MORPH=empty
,	,	PONfbl	MORPH=empty
et	et	CONcoo	MORPH=empty
il	il	PROper	MORPH=empty
li	il	PROper	MORPH=empty
conte	conter	VERcjg	MORPH=empty
la	le	DETdef	MORPH=empty
novele	novele	NOMcom	MORPH=empty
tele	tel	ADJind	MORPH=empty
con	come1	CONsub	MORPH=empty
oïr	öir	VERinf	MORPH=empty
la	il	PROper	MORPH=empty
voloit	voloir	VERcjg	MORPH=empty
,	,	PONfbl	MORPH=empty
que	que4	CONsub	MORPH=empty
de	de	PRE	MORPH=empty
la	le	DETdef	MORPH=empty
bufe	bufe	NOMcom	MORPH=empty
se	soi1	PROper	MORPH=empty
doloit	doloir	VERcjg	MORPH=empty
qui	qui	PROrel	MORPH=empty
li	il	PROper	MORPH=empty
fu	estre1	VERcjg	MORPH=empty
an	en1	PRE	MORPH=empty
la	le	DETdef	MORPH=empty
joe	jöe	NOMcom	MORPH=empty
asise	asseoir	VERppe	MORPH=empty
.	.	PONfrt	MORPH=empty
De	de	PRE	MORPH=empty
la	le	DETdef	MORPH=empty
bufe	bufe	NOMcom	MORPH=empty
que	que2	PROrel	MORPH=empty
ele	il	PROper	MORPH=empty
ot	avoir	VERcjg	MORPH=empty
prise	prendre	VERppe	MORPH=empty
estoit	estre1	VERcjg	MORPH=empty
ele	il	PROper	MORPH=empty
bien	bien1	ADVgen	MORPH=empty
respassee	respasser	VERppe	MORPH=empty
,	,	PONfbl	MORPH=empty
mes	mais1	CONcoo	MORPH=empty
obliee	oblïer	VERppe	MORPH=empty
ne	ne2	CONcoo	MORPH=empty
passee	passer1	VERppe	MORPH=empty
la	le	DETdef	MORPH=empty
honte	honte	NOMcom	MORPH=empty
n'	ne1	ADVneg	MORPH=empty
avoit	avoir	VERcjg	MORPH=empty
ele	il	PROper	MORPH=empty
mie	mie	ADVneg	MORPH=empty
,	,	PONfbl	MORPH=empty
que	que4	CONcoo	MORPH=empty
mout	mout	ADVgen	MORPH=empty
est	estre1	VERcjg	MORPH=empty
malvés	mauvais	ADJqua	MORPH=empty
qui	qui	PROrel	MORPH=empty
oblie	oblïer	VERcjg	MORPH=empty
,	,	PONfbl	MORPH=empty
s'	se	CONsub	MORPH=empty
an	on	PROind	MORPH=empty
li	il	PROper	MORPH=empty
fet	faire	VERcjg	MORPH=empty
honte	honte	NOMcom	MORPH=empty
ne	ne2	CONcoo	MORPH=empty
leidure	laidure	NOMcom	MORPH=empty
.	.	PONfrt	MORPH=empty
Dolors	dolor	NOMcom	MORPH=empty
trespasse	trespasser	VERcjg	MORPH=empty
et	et	CONcoo	MORPH=empty
honte	honte	NOMcom	MORPH=empty
dure	durer	VERcjg	MORPH=empty
an	en1	PRE	MORPH=empty
home	ome	NOMcom	MORPH=empty
viguereus	vigoros	ADJqua	MORPH=empty
et	et	CONcoo	MORPH=empty
roide	roit1	ADJqua	MORPH=empty
,	,	PONfbl	MORPH=empty
et	et	CONcoo	MORPH=empty
el	en1+le	PRE.DETdef	MORPH=empty
malvés	mauvais	ADJqua	MORPH=empty
muert	morir	VERcjg	MORPH=empty
et	et	CONcoo	MORPH=empty
refroide	refroidier	VERcjg	MORPH=empty
.	.	PONfrt	MORPH=empty
Clamadex	Clamadeu	NOMpro	MORPH=empty
a	avoir	VERcjg	MORPH=empty
fet	faire	VERppe	MORPH=empty
son	son4	DETpos	MORPH=empty
message	message1	NOMcom	MORPH=empty
,	,	PONfbl	MORPH=empty
puis	puis	ADVgen	MORPH=empty
l'	il	PROper	MORPH=empty
a	avoir	VERcjg	MORPH=empty
retenu	retenir	VERppe	MORPH=empty
son	son4	DETpos	MORPH=empty
aage	ëage	NOMcom	MORPH=empty
li	le	DETdef	MORPH=empty
rois	roi2	NOMcom	MORPH=empty
de	de	PRE	MORPH=empty
cort	cort1	NOMcom	MORPH=empty
et	et	CONcoo	MORPH=empty
de	de	PRE	MORPH=empty
mesniee	maisniee	NOMcom	MORPH=empty
.	.	PONfrt	MORPH=empty
Et	et	CONcoo	MORPH=empty
cil	cel	PROdem	MORPH=empty
qui	qui	PROrel	MORPH=empty
avoit	avoir	VERcjg	MORPH=empty
desreniee	deraisnier	VERppe	MORPH=empty
vers	vers2	PRE	MORPH=empty
lui	il	PROper	MORPH=empty
la	le	DETdef	MORPH=empty
terre	terre	NOMcom	MORPH=empty
a	a3	PRE	MORPH=empty
la	le	DETdef	MORPH=empty
pucele	pucele	NOMcom	MORPH=empty
,	,	PONfbl	MORPH=empty
Blancheflor	Blancheflor	NOMpro	MORPH=empty
,	,	PONfbl	MORPH=empty
s'	son4	DETpos	MORPH=empty
amie	ami	NOMcom	MORPH=empty
la	le	DETdef	MORPH=empty
bele	bel1	ADJqua	MORPH=empty
,	,	PONfbl	MORPH=empty
delez	dalez	PRE	MORPH=empty
li	il	PROper	MORPH=empty
s'	soi1	PROper	MORPH=empty
aeise	aaisier	VERcjg	MORPH=empty
et	et	CONcoo	MORPH=empty
delite	delitier	VERcjg	MORPH=empty
.	.	PONfrt	MORPH=empty
Et	et	CONcoo	MORPH=empty
si	si	ADVgen	MORPH=empty
fu	estre1	VERcjg	MORPH=empty
soe	suen	ADJpos	MORPH=empty
tote	tot	ADVgen	MORPH=empty
quite	quite	ADJqua	MORPH=empty
,	,	PONfbl	MORPH=empty
et	et	CONcoo	MORPH=empty
la	le	DETdef	MORPH=empty
terre	terre	NOMcom	MORPH=empty
,	,	PONfbl	MORPH=empty
s'	se	CONsub	MORPH=empty
il	il	PROimp	MORPH=empty
li	il	PROper	MORPH=empty
pleüst	plaire	VERcjg	MORPH=empty
que	que4	CONsub	MORPH=empty
son	son4	DETpos	MORPH=empty
coraige	corage	NOMcom	MORPH=empty
aillors	aillors	ADVgen	MORPH=empty
n'	ne1	ADVneg	MORPH=empty
eüst	avoir	VERcjg	MORPH=empty
.	.	PONfrt	MORPH=empty
Mes	mais1	CONcoo	MORPH=empty
a	a3	PRE	MORPH=empty
autres	autre	DETind	MORPH=empty
choses	chose	NOMcom	MORPH=empty
li	il	PROper	MORPH=empty
tint	tenir1	VERcjg	MORPH=empty
:	:	PONfbl	MORPH=empty
de	de	PRE	MORPH=empty
sa	son4	DETpos	MORPH=empty
mere	mere	NOMcom	MORPH=empty
li	il	PROper	MORPH=empty
resovint	resovenir	VERcjg	MORPH=empty
que	que2	PROrel	MORPH=empty
il	il	PROper	MORPH=empty
vit	vëoir	VERcjg	MORPH=empty
pasmee	pasmer	VERppe	MORPH=empty
cheoir	chëoir	VERinf	MORPH=empty
;	;	PONfbl	MORPH=empty
talant	talent	NOMcom	MORPH=empty
a	avoir	VERcjg	MORPH=empty
qu'	que4	CONsub	MORPH=empty
il	il	PROper	MORPH=empty
l'	il	PROper	MORPH=empty
aille	aler	VERcjg	MORPH=empty
veoir	vëoir	VERinf	MORPH=empty
.	.	PONfrt	MORPH=empty
Ele	il	PROper	MORPH=empty
li	il	PROper	MORPH=empty
vee	vëer	VERcjg	MORPH=empty
et	et	CONcoo	MORPH=empty
li	il	PROper	MORPH=empty
desfant	defendre	VERcjg	MORPH=empty
et	et	CONcoo	MORPH=empty
comande	comander	VERcjg	MORPH=empty
a	a3	PRE	MORPH=empty
tote	tot	DETind	MORPH=empty
gent	gent1	NOMcom	MORPH=empty
que	que4	CONsub	MORPH=empty
il	il	PROper	MORPH=empty
de	de	PRE	MORPH=empty
remenoir	remanoir	VERinf	MORPH=empty
li	il	PROper	MORPH=empty
prïent	priier	VERcjg	MORPH=empty
,	,	PONfbl	MORPH=empty
mes	mais1	CONcoo	MORPH=empty
n'	ne1	ADVneg	MORPH=empty
a	avoir	VERcjg	MORPH=empty
mestier	mestier	NOMcom	MORPH=empty
ce	ce1	PROdem	MORPH=empty
que	que2	PROrel	MORPH=empty
il	il	PROper	MORPH=empty
dïent	dire	VERcjg	MORPH=empty
fors	fors1	ADVgen	MORPH=empty
qu'	que4	CONsub	MORPH=empty
il	il	PROper	MORPH=empty
lor	il	PROper	MORPH=empty
met	metre2	VERcjg	MORPH=empty
an	en1	PRE	MORPH=empty
covenant	covenant	NOMcom	MORPH=empty
,	,	PONfbl	MORPH=empty
s'	se	CONsub	MORPH=empty
il	il	PROper	MORPH=empty
trueve	trover	VERcjg	MORPH=empty
sa	son4	DETpos	MORPH=empty
mere	mere	NOMcom	MORPH=empty
vivant	vivre1	VERppa	MORPH=empty
,	,	PONfbl	MORPH=empty
que	que4	CONsub	MORPH=empty
avoec	avuec	PRE	MORPH=empty
lui	il	PROper	MORPH=empty
l'	il	PROper	MORPH=empty
an	en2	PROadv	MORPH=empty
amanra	amener	VERcjg	MORPH=empty
et	et	CONcoo	MORPH=empty
d'	de	PRE	MORPH=empty
iluec	iluec	ADVgen	MORPH=empty
en	en1	PRE	MORPH=empty
avant	avant	ADVgen	MORPH=empty
tanra	tenir1	VERcjg	MORPH=empty
la	le	DETdef	MORPH=empty
terre	terre	NOMcom	MORPH=empty
,	,	PONfbl	MORPH=empty
ce	ce1	PROdem	MORPH=empty
sachiez	savoir	VERcjg	MORPH=empty
de	de	PRE	MORPH=empty
fi	fi2	ADJqua	MORPH=empty
,	,	PONfbl	MORPH=empty
et	et	CONcoo	MORPH=empty
se	se	CONsub	MORPH=empty
ele	il	PROper	MORPH=empty
est	estre1	VERcjg	MORPH=empty
morte	morir	VERppe	MORPH=empty
,	,	PONfbl	MORPH=empty
autresi	autresi	ADVgen	MORPH=empty
.	.	PONfrt	MORPH=empty
Ensi	ainsi	ADVgen	MORPH=empty
a	a3	PRE	MORPH=empty
la	le	DETdef	MORPH=empty
voie	voie	NOMcom	MORPH=empty
se	soi1	PROper	MORPH=empty
met	metre2	VERcjg	MORPH=empty
et	et	CONcoo	MORPH=empty
le	le	DETdef	MORPH=empty
revenir	revenir	VERinf	MORPH=empty
lor	il	PROper	MORPH=empty
promet	prometre	VERcjg	MORPH=empty
,	,	PONfbl	MORPH=empty
si	si	ADVgen	MORPH=empty
lesse	laissier	VERcjg	MORPH=empty
s'	son4	DETpos	MORPH=empty
amie	ami	NOMcom	MORPH=empty
la	le	DETdef	MORPH=empty
gente	gent2	ADJqua	MORPH=empty
mout	mout	ADVgen	MORPH=empty
correciee	corrocier	VERppe	MORPH=empty
et	et	CONcoo	MORPH=empty
mout	mout	ADVgen	MORPH=empty
dolante	dolent	ADJqua	MORPH=empty
,	,	PONfbl	MORPH=empty
et	et	CONcoo	MORPH=empty
toz	tot	DETind	MORPH=empty
les	le	DETdef	MORPH=empty
autres	autre	PROind	MORPH=empty
avoec	avuec	PRE	MORPH=empty
li	il	PROper	MORPH=empty
.	.	PONfrt	MORPH=empty
Qant	cant1	CONsub	MORPH=empty
il	il	PROper	MORPH=empty
fors	fors1	ADVgen	MORPH=empty
de	de	PRE	MORPH=empty
la	le	DETdef	MORPH=empty
vile	vile	NOMcom	MORPH=empty
issi	issir	VERcjg	MORPH=empty
,	,	PONfbl	MORPH=empty
il	il	PROper	MORPH=empty
ot	avoir	VERcjg	MORPH=empty
autel	autel1	DETind	MORPH=empty
procession	processïon	NOMcom	MORPH=empty
con	come1	CONsub	MORPH=empty
s'	se	CONsub	MORPH=empty
il	il	PROper	MORPH=empty
fust	estre1	VERcjg	MORPH=empty
jor	jor	NOMcom	MORPH=empty
d'	de	PRE	MORPH=empty
Acenssion	Acension	NOMcom	MORPH=empty
.	.	PONfrt	MORPH=empty
Alé	aler	VERppe	MORPH=empty
i	i2	PROadv	MORPH=empty
furent	estre1	VERcjg	MORPH=empty
tuit	tot	PROind	MORPH=empty
li	le	DETdef	MORPH=empty
moinne	moine1	NOMcom	MORPH=empty
com	come1	CONsub	MORPH=empty
a	a3	PRE	MORPH=empty
.i.	un	DETndf	MORPH=empty
jor	jor	NOMcom	MORPH=empty
de	de	PRE	MORPH=empty
diemoinne	dïemaine	NOMcom	MORPH=empty
,	,	PONfbl	MORPH=empty
chapes	chape	NOMcom	MORPH=empty
de	de	PRE	MORPH=empty
pailes	paile	NOMcom	MORPH=empty
afublees	afubler	VERppe	MORPH=empty
,	,	PONfbl	MORPH=empty
et	et	CONcoo	MORPH=empty
totes	tot	DETind	MORPH=empty
les	le	DETdef	MORPH=empty
nonains	none1	NOMcom	MORPH=empty
velees	veler1	VERppe	MORPH=empty
.	.	PONfrt	MORPH=empty
Et	et	CONcoo	MORPH=empty
disoient	dire	VERcjg	MORPH=empty
celes	cel	PROdem	MORPH=empty
et	et	CONcoo	MORPH=empty
cil	cel	PROdem	MORPH=empty
:	:	PONfbl	MORPH=empty
"	"	PONpxx	MORPH=empty
Sire	seignor	NOMcom	MORPH=empty
,	,	PONfbl	MORPH=empty
qui	qui	PROrel	MORPH=empty
nos	nos1	PROper	MORPH=empty
a	avoir	VERcjg	MORPH=empty
tret	traire	VERppe	MORPH=empty
d'	de	PRE	MORPH=empty
essil	essil	NOMcom	MORPH=empty
et	et	CONcoo	MORPH=empty
ramenez	ramener	VERcjg	MORPH=empty
an	en1	PRE	MORPH=empty
noz	nostre	DETpos	MORPH=empty
meisons	maison	NOMcom	MORPH=empty
,	,	PONfbl	MORPH=empty
n'	ne1	ADVneg	MORPH=empty
est	estre1	VERcjg	MORPH=empty
mervoille	merveille	NOMcom	MORPH=empty
se	se	CONsub	MORPH=empty
nos	nos1	PROper	MORPH=empty
plorons	plorer	VERcjg	MORPH=empty
qant	cant1	CONsub	MORPH=empty
tu	tu	PROper	MORPH=empty
si	si	ADVgen	MORPH=empty
tost	tost1	ADVgen	MORPH=empty
lessier	laissier	VERinf	MORPH=empty
nos	nos1	PROper	MORPH=empty
viax	voloir	VERcjg	MORPH=empty
.	.	PONfrt	MORPH=empty
Mout	mout	ADVgen	MORPH=empty
doit	devoir	VERcjg	MORPH=empty
estre	estre1	VERinf	MORPH=empty
granz	grant	ADJqua	MORPH=empty
nostre	nostre	DETpos	MORPH=empty
diax	duel	NOMcom	MORPH=empty
,	,	PONfbl	MORPH=empty
si	si	ADVgen	MORPH=empty
est	estre1	VERcjg	MORPH=empty
il	il	PROper	MORPH=empty
si	si	ADVgen	MORPH=empty
que	que4	CONsub	MORPH=empty
plus	plus	ADVgen	MORPH=empty
ne	ne1	ADVneg	MORPH=empty
puet	pöoir	VERcjg	MORPH=empty
.	.	PONfrt	MORPH=empty
"	"	PONpxx	MORPH=empty
Et	et	CONcoo	MORPH=empty
il	il	PROper	MORPH=empty
lor	il	PROper	MORPH=empty
dit	dire	VERcjg	MORPH=empty
:	:	PONfbl	MORPH=empty
"	"	PONpxx	MORPH=empty
Ne	ne1	ADVneg	MORPH=empty
vos	vos	PROper	MORPH=empty
estuet	estovoir1	VERcjg	MORPH=empty
doter	doter2	VERinf	MORPH=empty
,	,	PONfbl	MORPH=empty
ce	ce1	PROdem	MORPH=empty
sachiez	savoir	VERcjg	MORPH=empty
,	,	PONfbl	MORPH=empty
nule	nul	DETind	MORPH=empty
rien	rien	NOMcom	MORPH=empty
.	.	PONfrt	MORPH=empty
Ne	ne1	ADVneg	MORPH=empty
cuidiez	cuidier1	VERcjg	MORPH=empty
vos	vos	PROper	MORPH=empty
que	que4	CONsub	MORPH=empty
ce	ce1	PROdem	MORPH=empty
soit	estre1	VERcjg	MORPH=empty
bien	bien1	ADVgen	MORPH=empty
que	que4	CONsub	MORPH=empty
je	je	PROper	MORPH=empty
ma	mon1	DETpos	MORPH=empty
mere	mere	NOMcom	MORPH=empty
veoir	vëoir	VERinf	MORPH=empty
vois	aler	VERcjg	MORPH=empty
,	,	PONfbl	MORPH=empty
qui	qui	PROrel	MORPH=empty
sole	sol1	ADJqua	MORPH=empty
remest	remanoir	VERcjg	MORPH=empty
an	en1	PRE	MORPH=empty
.i.	un	DETndf	MORPH=empty
bois	bois	NOMcom	MORPH=empty
qui	qui	PROrel	MORPH=empty
la	le	DETdef	MORPH=empty
Gaste	gast1	ADJqua	MORPH=empty
Forez	forest	NOMcom	MORPH=empty
a	avoir	VERcjg	MORPH=empty
non	nom	NOMcom	MORPH=empty
?	?	PONfrt	MORPH=empty
Je	je	PROper	MORPH=empty
revandrai	revenir	VERcjg	MORPH=empty
,	,	PONfbl	MORPH=empty
ou	o3	CONcoo	MORPH=empty
vive	vif	ADJqua	MORPH=empty
ou	o3	CONcoo	MORPH=empty
non	non	ADVneg	MORPH=empty
,	,	PONfbl	MORPH=empty
que	que4	CONcoo	MORPH=empty
por	por2	PRE	MORPH=empty
rien	rien	PROind	MORPH=empty
ne	ne1	ADVneg	MORPH=empty
le	il	PROper	MORPH=empty
lesserai	laissier	VERcjg	MORPH=empty
.	.	PONfrt	MORPH=empty
Se	se	CONsub	MORPH=empty
ele	il	PROper	MORPH=empty
est	estre1	VERcjg	MORPH=empty
vive	vif	ADJqua	MORPH=empty
,	,	PONfbl	MORPH=empty
g'	je	PROper	MORPH=empty
en	en2	PROadv	MORPH=empty
ferai	faire	VERcjg	MORPH=empty
nonain	none1	NOMcom	MORPH=empty
velee	veler1	VERppe	MORPH=empty
an	en1	PRE	MORPH=empty
vostre	vostre	DETpos	MORPH=empty
eglise	eglise	NOMcom	MORPH=empty
;	;	PONfbl	MORPH=empty
se	se	CONsub	MORPH=empty
ele	il	PROper	MORPH=empty
est	estre1	VERcjg	MORPH=empty
morte	morir	VERppe	MORPH=empty
,	,	PONfbl	MORPH=empty
le	le	DETdef	MORPH=empty
servise	servise	NOMcom	MORPH=empty
ferez	faire	VERcjg	MORPH=empty
por	por2	PRE	MORPH=empty
s'	son4	DETpos	MORPH=empty
ame	ame	NOMcom	MORPH=empty
chascun	chascun	DETind	MORPH=empty
an	an	NOMcom	MORPH=empty
,	,	PONfbl	MORPH=empty
que	que4	CONsub	MORPH=empty
Dex	Dieu	NOMpro	MORPH=empty
el	en1+le	PRE.DETdef	MORPH=empty
sain	sein	NOMcom	MORPH=empty
saint	saint	ADJqua	MORPH=empty
Abrahan	Abrahan	NOMpro	MORPH=empty
la	il	PROper	MORPH=empty
mete	metre2	VERcjg	MORPH=empty
avoec	avuec	PRE	MORPH=empty
les	le	DETdef	MORPH=empty
bones	bon	ADJqua	MORPH=empty
ames	ame	NOMcom	MORPH=empty
.	.	PONfrt	MORPH=empty
Et	et	CONcoo	MORPH=empty
vos	vos	PROper	MORPH=empty
,	,	PONfbl	MORPH=empty
seignor	seignor	NOMcom	MORPH=empty
moinne	moine1	NOMcom	MORPH=empty
,	,	PONfbl	MORPH=empty
et	et	CONcoo	MORPH=empty
vos	vos	PROper	MORPH=empty
,	,	PONfbl	MORPH=empty
dames	dame	NOMcom	MORPH=empty
,	,	PONfbl	MORPH=empty
il	il	PROimp	MORPH=empty
ne	ne1	ADVneg	MORPH=empty
vos	vos	PROper	MORPH=empty
doit	devoir	VERcjg	MORPH=empty
grever	grever	VERinf	MORPH=empty
de	de	PRE	MORPH=empty
rien	rien	PROind	MORPH=empty
,	,	PONfbl	MORPH=empty
que	que4	CONcoo	MORPH=empty
je	je	PROper	MORPH=empty
vos	vos	PROper	MORPH=empty
ferai	faire	VERcjg	MORPH=empty
asez	assez	ADVgen	MORPH=empty
bien	bien2	NOMcom	MORPH=empty
por	por2	PRE	MORPH=empty
s'	son4	DETpos	MORPH=empty
ame	ame	NOMcom	MORPH=empty
,	,	PONfbl	MORPH=empty
se	se	CONsub	MORPH=empty
Dex	Dieu	NOMpro	MORPH=empty
me	je	PROper	MORPH=empty
ramoinne	ramener	VERcjg	MORPH=empty
.	.	PONfrt	MORPH=empty
"	"	PONpxx	MORPH=empty
Atant	atant	ADVgen	MORPH=empty
se	soi1	PROper	MORPH=empty
departent	departir	VERcjg	MORPH=empty
li	le	DETdef	MORPH=empty
moinne	moine1	NOMcom	MORPH=empty
et	et	CONcoo	MORPH=empty
les	le	DETdef	MORPH=empty
nonains	none1	NOMcom	MORPH=empty
et	et	CONcoo	MORPH=empty
tuit	tot	DETind	MORPH=empty
li	le	DETdef	MORPH=empty
autre	autre	PROind	MORPH=empty
;	;	PONfbl	MORPH=empty
et	et	CONcoo	MORPH=empty
il	il	PROper	MORPH=empty
s'	soi1	PROper	MORPH=empty
an	en2	PROadv	MORPH=empty
vet	aler	VERcjg	MORPH=empty
,	,	PONfbl	MORPH=empty
lance	lance	NOMcom	MORPH=empty
sor	sor2	PRE	MORPH=empty
fautre	fautre	NOMcom	MORPH=empty
,	,	PONfbl	MORPH=empty
toz	tot	ADVgen	MORPH=empty
armez	armer	VERppe	MORPH=empty
si	si	ADVgen	MORPH=empty
con	come1	CONsub	MORPH=empty
il	il	PROper	MORPH=empty
i	i2	PROadv	MORPH=empty
vint	venir	VERcjg	MORPH=empty
.	.	PONfrt	MORPH=empty
Et	et	CONcoo	MORPH=empty
tote	tot	DETind	MORPH=empty
jor	jor	NOMcom	MORPH=empty
sa	son4	DETpos	MORPH=empty
voie	voie	NOMcom	MORPH=empty
tint	tenir1	VERcjg	MORPH=empty
,	,	PONfbl	MORPH=empty
qu'	que4	CONsub	MORPH=empty
il	il	PROper	MORPH=empty
n'	ne1	ADVneg	MORPH=empty
ancontra	encontrer	VERcjg	MORPH=empty
rien	rien	PROind	MORPH=empty
terriene	terrïen	ADJqua	MORPH=empty
,	,	PONfbl	MORPH=empty
ne	ne2	CONcoo	MORPH=empty
crestien	crestiien	ADJqua	MORPH=empty
ne	ne2	CONcoo	MORPH=empty
crestiene	crestiien	ADJqua	MORPH=empty
qui	qui	PROrel	MORPH=empty
li	il	PROper	MORPH=empty
seüst	savoir	VERcjg	MORPH=empty
voie	voie	NOMcom	MORPH=empty
anseignier	enseignier	VERinf	MORPH=empty
.	.	PONfrt	MORPH=empty
Et	et	CONcoo	MORPH=empty
il	il	PROper	MORPH=empty
ne	ne1	ADVneg	MORPH=empty
fine	finer	VERcjg	MORPH=empty
de	de	PRE	MORPH=empty
prier	priier	VERinf	MORPH=empty
au	a3+le	PRE.DETdef	MORPH=empty
roi	roi2	NOMcom	MORPH=empty
de	de	PRE	MORPH=empty
gloire	gloire	NOMcom	MORPH=empty
,	,	PONfbl	MORPH=empty
le	le	DETdef	MORPH=empty
suen	suen	ADJpos	MORPH=empty
pere	pere1	NOMcom	MORPH=empty
,	,	PONfbl	MORPH=empty
que	que4	CONsub	MORPH=empty
il	il	PROper	MORPH=empty
li	il	PROper	MORPH=empty
doint	doner	VERcjg	MORPH=empty
veoir	vëoir	VERinf	MORPH=empty
sa	son4	DETpos	MORPH=empty
mere	mere	NOMcom	MORPH=empty
.	.	PONfrt	MORPH=empty
Et	et	CONcoo	MORPH=empty
itant	itant	ADVgen	MORPH=empty
dura	durer	VERcjg	MORPH=empty
sa	son4	DETpos	MORPH=empty
proiere	priiere	NOMcom	MORPH=empty
que	que4	CONsub	MORPH=empty
il	il	PROper	MORPH=empty
vint	venir	VERcjg	MORPH=empty
sor	sor2	PRE	MORPH=empty
une	un	DETndf	MORPH=empty
riviere	riviere	NOMcom	MORPH=empty
,	,	PONfbl	MORPH=empty
a	a3	PRE	MORPH=empty
l'	le	DETdef	MORPH=empty
avalee	avalee	NOMcom	MORPH=empty
d'	de	PRE	MORPH=empty
une	un	DETndf	MORPH=empty
angarde	angarde	NOMcom	MORPH=empty
.	.	PONfrt	MORPH=empty
L'	le	DETdef	MORPH=empty
eve	aigue	NOMcom	MORPH=empty
roide	roit1	ADJqua	MORPH=empty
et	et	CONcoo	MORPH=empty
parfonde	parfont	ADJqua	MORPH=empty
esgarde	esgarder	VERcjg	MORPH=empty
et	et	CONcoo	MORPH=empty
ne	ne1	ADVneg	MORPH=empty
s'	soi1	PROper	MORPH=empty
ose	oser	VERcjg	MORPH=empty
metre	metre2	VERinf	MORPH=empty
dedanz	dedenz	ADVgen	MORPH=empty
,	,	PONfbl	MORPH=empty
et	et	CONcoo	MORPH=empty
dist	dire	VERcjg	MORPH=empty
:	:	PONfbl	MORPH=empty
"	"	PONpxx	MORPH=empty
Ha	ha	INJ	MORPH=empty
!	!	PONfrt	MORPH=empty
sire	seignor	NOMcom	MORPH=empty
Dex	Dieu	NOMpro	MORPH=empty
puissanz	poissant	ADJqua	MORPH=empty
,	,	PONfbl	MORPH=empty
qui	qui	PROrel	MORPH=empty
ceste	cest	DETdem	MORPH=empty
eve	aigue	NOMcom	MORPH=empty
passee	passer1	VERppe	MORPH=empty
avroit	avoir	VERcjg	MORPH=empty
de	de	PRE	MORPH=empty
la	là	ADVgen	MORPH=empty
ma	mon1	DETpos	MORPH=empty
mere	mere	NOMcom	MORPH=empty
troveroit	trover	VERcjg	MORPH=empty
,	,	PONfbl	MORPH=empty
mien	mien	DETpos	MORPH=empty
esciantre	escïentre	NOMcom	MORPH=empty
,	,	PONfbl	MORPH=empty
sainne	sain	ADJqua	MORPH=empty
et	et	CONcoo	MORPH=empty
vive	vif	ADJqua	MORPH=empty
.	.	PONfrt	MORPH=empty
"	"	PONpxx	MORPH=empty
Ensi	ainsi	ADVgen	MORPH=empty
s'	soi1	PROper	MORPH=empty
an	en2	PROadv	MORPH=empty
va	aler	VERcjg	MORPH=empty
selonc	selonc	PRE	MORPH=empty
la	le	DETdef	MORPH=empty
rive	rive	NOMcom	MORPH=empty
tant	tant	ADVgen	MORPH=empty
que	que4	CONsub	MORPH=empty
a	a3	PRE	MORPH=empty
une	un	DETndf	MORPH=empty
roche	roche3	NOMcom	MORPH=empty
aproiche	aprochier	VERcjg	MORPH=empty
et	et	CONcoo	MORPH=empty
que	que4	CONsub	MORPH=empty
l'	le	DETdef	MORPH=empty
eve	aigue	NOMcom	MORPH=empty
a	a3	PRE	MORPH=empty
la	le	DETdef	MORPH=empty
roche	roche3	NOMcom	MORPH=empty
toiche	tochier	VERcjg	MORPH=empty
,	,	PONfbl	MORPH=empty
que	que4	CONsub	MORPH=empty
il	il	PROper	MORPH=empty
ne	ne1	ADVneg	MORPH=empty
pot	pöoir	VERcjg	MORPH=empty
aler	aler	VERinf	MORPH=empty
avant	avant	ADVgen	MORPH=empty
.	.	PONfrt	MORPH=empty
Et	et	CONcoo	MORPH=empty
il	il	PROper	MORPH=empty
vit	vëoir	VERcjg	MORPH=empty
par	par	PRE	MORPH=empty
l'	le	DETdef	MORPH=empty
eve	aigue	NOMcom	MORPH=empty
avalant	avaler	VERcjg	MORPH=empty
une	un	DETndf	MORPH=empty
nef	nef2	NOMcom	MORPH=empty
qui	qui	PROrel	MORPH=empty
d'	de	PRE	MORPH=empty
amont	amont	ADVgen	MORPH=empty
venoit	venir	VERcjg	MORPH=empty
;	;	PONfbl	MORPH=empty
.ii.	2	DETcar	MORPH=empty
homes	ome	NOMcom	MORPH=empty
an	en1	PRE	MORPH=empty
la	le	DETdef	MORPH=empty
nef	nef2	NOMcom	MORPH=empty
avoit	avoir	VERcjg	MORPH=empty
.	.	PONfrt	MORPH=empty
Li	le	DETdef	MORPH=empty
uns	un	PROind	MORPH=empty
des	de+le	PRE.DETdef	MORPH=empty
.ii.	2	ADJcar	MORPH=empty
homes	ome	NOMcom	MORPH=empty
najoit	nagier	VERcjg	MORPH=empty
,	,	PONfbl	MORPH=empty
li	le	DETdef	MORPH=empty
altre	autre	PROind	MORPH=empty
a	a3	PRE	MORPH=empty
l'	le	DETdef	MORPH=empty
esmeçon	ameçon	NOMcom	MORPH=empty
peschoit	peschier2	VERcjg	MORPH=empty
.	.	PONfrt	MORPH=empty
Il	il	PROper	MORPH=empty
s'	soi1	PROper	MORPH=empty
areste	arester	VERcjg	MORPH=empty
,	,	PONfbl	MORPH=empty
si	si	ADVgen	MORPH=empty
les	il	PROper	MORPH=empty
atant	atendre	VERcjg	MORPH=empty
et	et	CONcoo	MORPH=empty
cuide	cuidier1	VERcjg	MORPH=empty
qu'	que4	CONsub	MORPH=empty
il	il	PROper	MORPH=empty
alassent	aler	VERcjg	MORPH=empty
tant	tant	ADVgen	MORPH=empty
que	que4	CONsub	MORPH=empty
il	il	PROper	MORPH=empty
venissent	venir	VERcjg	MORPH=empty
jusqu'	jusque	PRE	MORPH=empty
a	a3	PRE	MORPH=empty
lui	il	PROper	MORPH=empty
.	.	PONfrt	MORPH=empty
Et	et	CONcoo	MORPH=empty
il	il	PROper	MORPH=empty
s'	soi1	PROper	MORPH=empty
arestent	arester	VERcjg	MORPH=empty
amedui	ambedos	PROcar	MORPH=empty
enmi	enmi	PRE	MORPH=empty
l'	le	DETdef	MORPH=empty
eve	aigue	NOMcom	MORPH=empty
;	;	PONfbl	MORPH=empty
coi	coi1	ADJqua	MORPH=empty
i	i2	PROadv	MORPH=empty
esturent	ester	VERcjg	MORPH=empty
,	,	PONfbl	MORPH=empty
que	que4	CONcoo	MORPH=empty
mout	mout	ADVgen	MORPH=empty
bien	bien1	ADVgen	MORPH=empty
aencré	aancrer	VERppe	MORPH=empty
se	soi1	PROper	MORPH=empty
furent	estre1	VERcjg	MORPH=empty
.	.	PONfrt	MORPH=empty
Et	et	CONcoo	MORPH=empty
cil	cel	PROdem	MORPH=empty
qui	qui	PROrel	MORPH=empty
devant	devant	ADVgen	MORPH=empty
fu	estre1	VERcjg	MORPH=empty
peschoit	peschier2	VERcjg	MORPH=empty
a	a3	PRE	MORPH=empty
l'	le	DETdef	MORPH=empty
esmeçon	ameçon	NOMcom	MORPH=empty
,	,	PONfbl	MORPH=empty
si	si	ADVgen	MORPH=empty
aeschoit	aeschier	VERcjg	MORPH=empty
son	son4	DETpos	MORPH=empty
ameçon	ameçon	NOMcom	MORPH=empty
d'	de	PRE	MORPH=empty
un	un	DETndf	MORPH=empty
poissonet	poissonet	NOMcom	MORPH=empty
petit	petit	ADJqua	MORPH=empty
graignor	grant	ADJqua	MORPH=empty
d'	de	PRE	MORPH=empty
un	un	DETndf	MORPH=empty
veironet	vaironel	NOMcom	MORPH=empty
.	.	PONfrt	MORPH=empty
Cil	cel	PROdem	MORPH=empty
qui	qui	PROrel	MORPH=empty
ne	ne1	ADVneg	MORPH=empty
set	savoir	VERcjg	MORPH=empty
que	que2	PROrel	MORPH=empty
fere	faire	VERinf	MORPH=empty
puisse	pöoir	VERcjg	MORPH=empty
ne	ne2	CONcoo	MORPH=empty
an	en1	PRE	MORPH=empty
quel	quel1	DETrel	MORPH=empty
leu	lieu	NOMcom	MORPH=empty
passage	passage	NOMcom	MORPH=empty
truisse	trover	VERcjg	MORPH=empty
les	il	PROper	MORPH=empty
salue	salüer	VERcjg	MORPH=empty
et	et	CONcoo	MORPH=empty
demande	demander	VERcjg	MORPH=empty
lor	il	PROper	MORPH=empty
:	:	PONfbl	MORPH=empty
"	"	PONpxx	MORPH=empty
Anseigniez	enseignier	VERcjg	MORPH=empty
moi	je	PROper	MORPH=empty
,	,	PONfbl	MORPH=empty
fet	faire	VERcjg	MORPH=empty
il	il	PROper	MORPH=empty
,	,	PONfbl	MORPH=empty
seignor	seignor	NOMcom	MORPH=empty
,	,	PONfbl	MORPH=empty
s'	se	CONsub	MORPH=empty
an	en1	PRE	MORPH=empty
ceste	cest	DETdem	MORPH=empty
eve	aigue	NOMcom	MORPH=empty
a	avoir	VERcjg	MORPH=empty
ne	ne2	CONcoo	MORPH=empty
gué	gué	NOMcom	MORPH=empty
ne	ne2	CONcoo	MORPH=empty
pont	pont	NOMcom	MORPH=empty
.	.	PONfrt	MORPH=empty
"	"	PONpxx	MORPH=empty
Et	et	CONcoo	MORPH=empty
cil	cel	PROdem	MORPH=empty
qui	qui	PROrel	MORPH=empty
pesche	peschier2	VERcjg	MORPH=empty
li	il	PROper	MORPH=empty
respont	respondre1	VERcjg	MORPH=empty
:	:	PONfbl	MORPH=empty
"	"	PONpxx	MORPH=empty
Nenil	nenil	ADVneg	MORPH=empty
,	,	PONfbl	MORPH=empty
biau	bel1	ADJqua	MORPH=empty
frere	frere	NOMcom	MORPH=empty
,	,	PONfbl	MORPH=empty
a	a3	PRE	MORPH=empty
moie	mien	ADJpos	MORPH=empty
foi	foi	NOMcom	MORPH=empty
,	,	PONfbl	MORPH=empty
ne	ne2	CONcoo	MORPH=empty
n'	ne1	ADVneg	MORPH=empty
i	i2	PROadv	MORPH=empty
a	avoir	VERcjg	MORPH=empty
nef	nef2	NOMcom	MORPH=empty
,	,	PONfbl	MORPH=empty
de	de	PRE	MORPH=empty
ce	ce1	PROdem	MORPH=empty
me	je	PROper	MORPH=empty
croi	croire	VERcjg	MORPH=empty
,	,	PONfbl	MORPH=empty
graignor	grant	ADJqua	MORPH=empty
de	de	PRE	MORPH=empty
cesti	cest	PROdem	MORPH=empty
ou	où	PROrel	MORPH=empty
nos	nos1	PROper	MORPH=empty
somes	estre1	VERcjg	MORPH=empty
,	,	PONfbl	MORPH=empty
qui	qui	PROrel	MORPH=empty
ne	ne1	ADVneg	MORPH=empty
porteroit	porter	VERcjg	MORPH=empty
pas	pas	ADVneg	MORPH=empty
.v.	5	DETcar	MORPH=empty
homes	ome	NOMcom	MORPH=empty
,	,	PONfbl	MORPH=empty
.xx.	20	DETcar	MORPH=empty
liues	lieue	NOMcom	MORPH=empty
amont	amont	ADVgen	MORPH=empty
ne	ne2	CONcoo	MORPH=empty
aval	aval	ADVgen	MORPH=empty
,	,	PONfbl	MORPH=empty
si	si	ADVgen	MORPH=empty
n'	ne1	ADVneg	MORPH=empty
i	i2	PROadv	MORPH=empty
puet	pöoir	VERcjg	MORPH=empty
an	on	PROind	MORPH=empty
passer	passer1	VERinf	MORPH=empty
cheval	cheval	NOMcom	MORPH=empty
.	.	PONfrt	MORPH=empty
Barge	barge	NOMcom	MORPH=empty
n'	ne1	ADVneg	MORPH=empty
i	i2	PROadv	MORPH=empty
a	avoir	VERcjg	MORPH=empty
,	,	PONfbl	MORPH=empty
ne	ne2	CONcoo	MORPH=empty
pont	pont	NOMcom	MORPH=empty
ne	ne2	CONcoo	MORPH=empty
gué	gué	NOMcom	MORPH=empty
.	.	PONfrt	MORPH=empty
Or	or4	ADVgen	MORPH=empty
m'	je	PROper	MORPH=empty
anseigniez	enseignier	VERcjg	MORPH=empty
,	,	PONfbl	MORPH=empty
fet	faire	VERcjg	MORPH=empty
il	il	PROper	MORPH=empty
,	,	PONfbl	MORPH=empty
por	por2	PRE	MORPH=empty
Dé	Dieu	NOMpro	MORPH=empty
,	,	PONfbl	MORPH=empty
ou	où	PROrel	MORPH=empty
je	je	PROper	MORPH=empty
porroie	pöoir	VERcjg	MORPH=empty
avoir	avoir	VERinf	MORPH=empty
ostel	ostel	NOMcom	MORPH=empty
.	.	PONfrt	MORPH=empty
"	"	PONpxx	MORPH=empty
Et	et	CONcoo	MORPH=empty
il	il	PROper	MORPH=empty
li	il	PROper	MORPH=empty
dist	dire	VERcjg	MORPH=empty
:	:	PONfbl	MORPH=empty
"	"	PONpxx	MORPH=empty
De	de	PRE	MORPH=empty
ce	ce1	PROdem	MORPH=empty
et	et	CONcoo	MORPH=empty
d'	de	PRE	MORPH=empty
el	el1	PROind	MORPH=empty
avreiez	avoir	VERcjg	MORPH=empty
vos	vos	PROper	MORPH=empty
mestier	mestier	NOMcom	MORPH=empty
,	,	PONfbl	MORPH=empty
ce	ce1	PROdem	MORPH=empty
cuit	cuidier1	VERcjg	MORPH=empty
.	.	PONfrt	MORPH=empty
Je	je	PROper	MORPH=empty
vos	vos	PROper	MORPH=empty
herbergerai	herbergier	VERcjg	MORPH=empty
enuit	anuit	ADVgen	MORPH=empty
.	.	PONfrt	MORPH=empty
Montez	monter	VERcjg	MORPH=empty
vos	vos	PROper	MORPH=empty
an	en2	PROadv	MORPH=empty
par	par	PRE	MORPH=empty
cele	cel	DETdem	MORPH=empty
frete	fraite	NOMcom	MORPH=empty
qui	qui	PROrel	MORPH=empty
est	estre1	VERcjg	MORPH=empty
an	en1	PRE	MORPH=empty
cele	cel	DETdem	MORPH=empty
roche	roche3	NOMcom	MORPH=empty
fete	faire	VERppe	MORPH=empty
;	;	PONfbl	MORPH=empty
et	et	CONcoo	MORPH=empty
quant	cant1	CONsub	MORPH=empty
vos	vos	PROper	MORPH=empty
la	là	ADVgen	MORPH=empty
amont	amont	ADVgen	MORPH=empty
vanroiz	venir	VERcjg	MORPH=empty
,	,	PONfbl	MORPH=empty
devant	devant	PRE	MORPH=empty
vos	vos	PROper	MORPH=empty
,	,	PONfbl	MORPH=empty
an	en1	PRE	MORPH=empty
.i.	un	DETndf	MORPH=empty
val	val1	NOMcom	MORPH=empty
,	,	PONfbl	MORPH=empty
verroiz	vëoir	VERcjg	MORPH=empty
une	un	DETndf	MORPH=empty
meison	maison	NOMcom	MORPH=empty
ou	où	PROrel	MORPH=empty
ge	je	PROper	MORPH=empty
estois	ester	VERcjg	MORPH=empty
,	,	PONfbl	MORPH=empty
pres	près	ADVgen	MORPH=empty
de	de	PRE	MORPH=empty
rivieres	riviere	NOMcom	MORPH=empty
et	et	CONcoo	MORPH=empty
de	de	PRE	MORPH=empty
bois	bois	NOMcom	MORPH=empty
.	.	PONfrt	MORPH=empty
"	"	PONpxx	MORPH=empty
Maintenant	maintenant	ADVgen	MORPH=empty
cil	cel	PROdem	MORPH=empty
s'	soi1	PROper	MORPH=empty
an	en2	PROadv	MORPH=empty
va	aler	VERcjg	MORPH=empty
amont	amont	ADVgen	MORPH=empty
;	;	PONfbl	MORPH=empty
et	et	CONcoo	MORPH=empty
quant	cant1	CONsub	MORPH=empty
il	il	PROper	MORPH=empty
vint	venir	VERcjg	MORPH=empty
anson	enson	PRE	MORPH=empty
le	le	DETdef	MORPH=empty
mont	mont	NOMcom	MORPH=empty
,	,	PONfbl	MORPH=empty
si	si	ADVgen	MORPH=empty
garda	garder	VERcjg	MORPH=empty
avant	avant	ADVgen	MORPH=empty
devant	devant	PRE	MORPH=empty
lui	il	PROper	MORPH=empty
.	.	PONfrt	MORPH=empty
Et	et	CONcoo	MORPH=empty
quant	cant1	CONsub	MORPH=empty
il	il	PROper	MORPH=empty
vint	venir	VERcjg	MORPH=empty
anson	enson	PRE	MORPH=empty
le	le	DETdef	MORPH=empty
pui	pui	NOMcom	MORPH=empty
,	,	PONfbl	MORPH=empty
si	si	ADVgen	MORPH=empty
ne	ne1	ADVneg	MORPH=empty
vit	vëoir	VERcjg	MORPH=empty
mes	mais1	ADVgen	MORPH=empty
que	que4	CONsub	MORPH=empty
ciel	ciel	NOMcom	MORPH=empty
et	et	CONcoo	MORPH=empty
terre	terre	NOMcom	MORPH=empty
,	,	PONfbl	MORPH=empty
et	et	CONcoo	MORPH=empty
dit	dire	VERcjg	MORPH=empty
:	:	PONfbl	MORPH=empty
"	"	PONpxx	MORPH=empty
Que	que3	PROint	MORPH=empty
sui	estre1	VERcjg	MORPH=empty
ge	je	PROper	MORPH=empty
venuz	venir	VERppe	MORPH=empty
querre	querre	VERinf	MORPH=empty
?	?	PONfrt	MORPH=empty
La	le	DETdef	MORPH=empty
musardie	musardie	NOMcom	MORPH=empty
et	et	CONcoo	MORPH=empty
la	le	DETdef	MORPH=empty
bricoigne	bricoigne	NOMcom	MORPH=empty
.	.	PONfrt	MORPH=empty
Dex	Dieu	NOMpro	MORPH=empty
li	il	PROper	MORPH=empty
doint	doner	VERcjg	MORPH=empty
hui	ui	ADVgen	MORPH=empty
male	mal1	ADJqua	MORPH=empty
vergoigne	vergoigne	NOMcom	MORPH=empty
celui	cel	PROdem	MORPH=empty
qui	qui	PROrel	MORPH=empty
ça	ça	ADVgen	MORPH=empty
m'	je	PROper	MORPH=empty
a	avoir	VERcjg	MORPH=empty
anvoié	envoiier	VERppe	MORPH=empty
.	.	PONfrt	MORPH=empty
Si	si	ADVgen	MORPH=empty
m'	je	PROper	MORPH=empty
a	avoir	VERcjg	MORPH=empty
il	il	PROper	MORPH=empty
or	or4	ADVgen	MORPH=empty
bien	bien1	ADVgen	MORPH=empty
avoié	avoiier	VERppe	MORPH=empty
,	,	PONfbl	MORPH=empty
que	que4	CONcoo	MORPH=empty
il	il	PROper	MORPH=empty
me	je	PROper	MORPH=empty
dist	dire	VERcjg	MORPH=empty
que	que4	CONsub	MORPH=empty
je	je	PROper	MORPH=empty
verroie	vëoir	VERcjg	MORPH=empty
meison	maison	NOMcom	MORPH=empty
quant	cant1	CONsub	MORPH=empty
ça	ça	ADVgen	MORPH=empty
amont	amont	ADVgen	MORPH=empty
seroie	estre1	VERcjg	MORPH=empty
!	!	PONfrt	MORPH=empty
Chevaliers	chevalier	NOMcom	MORPH=empty
,	,	PONfbl	MORPH=empty
qui	qui	PROrel	MORPH=empty
ce	ce1	PROdem	MORPH=empty
me	je	PROper	MORPH=empty
deïs	dire	VERcjg	MORPH=empty
,	,	PONfbl	MORPH=empty
trop	trop	ADVgen	MORPH=empty
grant	grant	ADJqua	MORPH=empty
desleauté	deslëauté	NOMcom	MORPH=empty
feïs	faire	VERcjg	MORPH=empty
se	se	CONsub	MORPH=empty
tu	tu	PROper	MORPH=empty
le	il	PROper	MORPH=empty
me	je	PROper	MORPH=empty
deïs	dire	VERcjg	MORPH=empty
por	por2	PRE	MORPH=empty
mal	mal1	NOMcom	MORPH=empty
.	.	PONfrt	MORPH=empty
"	"	PONpxx	MORPH=empty
Lors	lors	ADVgen	MORPH=empty
vit	vëoir	VERcjg	MORPH=empty
devant	devant	PRE	MORPH=empty
lui	il	PROper	MORPH=empty
an	en1	PRE	MORPH=empty
.i.	un	DETndf	MORPH=empty
val	val1	NOMcom	MORPH=empty
le	le	DETdef	MORPH=empty
chief	chief1	NOMcom	MORPH=empty
d'	de	PRE	MORPH=empty
une	un	DETndf	MORPH=empty
tor	tor2	NOMcom	MORPH=empty
qui	qui	PROrel	MORPH=empty
parut	paroir	VERcjg	MORPH=empty
.	.	PONfrt	MORPH=empty
L'	le	DETdef	MORPH=empty
an	on	PROind	MORPH=empty
ne	ne1	ADVneg	MORPH=empty
trovast	trover	VERcjg	MORPH=empty
jusqu'	jusque	PRE	MORPH=empty
a	a3	PRE	MORPH=empty
Barut	Barut	NOMpro	MORPH=empty
si	si	ADVgen	MORPH=empty
bele	bel1	ADJqua	MORPH=empty
ne	ne2	CONcoo	MORPH=empty
si	si	ADVgen	MORPH=empty
bien	bien1	ADVgen	MORPH=empty
asise	asseoir	VERppe	MORPH=empty
.	.	PONfrt	MORPH=empty
Quarree	carrer	VERppe	MORPH=empty
fu	estre1	VERcjg	MORPH=empty
,	,	PONfbl	MORPH=empty
de	de	PRE	MORPH=empty
pierre	piere	NOMcom	MORPH=empty
bise	bis	ADJqua	MORPH=empty
,	,	PONfbl	MORPH=empty
si	si	ADVgen	MORPH=empty
avoit	avoir	VERcjg	MORPH=empty
torneles	tornele1	NOMcom	MORPH=empty
antor	entor	ADVgen	MORPH=empty
.	.	PONfrt	MORPH=empty
La	le	DETdef	MORPH=empty
sale	sale1	NOMcom	MORPH=empty
fu	estre1	VERcjg	MORPH=empty
devant	devant	PRE	MORPH=empty
la	le	DETdef	MORPH=empty
tor	tor2	NOMcom	MORPH=empty
,	,	PONfbl	MORPH=empty
et	et	CONcoo	MORPH=empty
les	le	DETdef	MORPH=empty
loiges	loge	NOMcom	MORPH=empty
devant	devant	PRE	MORPH=empty
la	le	DETdef	MORPH=empty
sale	sale1	NOMcom	MORPH=empty
.	.	PONfrt	MORPH=empty
Li	le	DETdef	MORPH=empty
vaslez	vaslet	NOMcom	MORPH=empty
cele	cel	DETdem	MORPH=empty
part	part1	NOMcom	MORPH=empty
avale	avaler	VERcjg	MORPH=empty
,	,	PONfbl	MORPH=empty
et	et	CONcoo	MORPH=empty
dit	dire	VERcjg	MORPH=empty
que	que4	CONsub	MORPH=empty
bien	bien1	ADVgen	MORPH=empty
l'	il	PROper	MORPH=empty
a	avoir	VERcjg	MORPH=empty
avoié	avoiier	VERppe	MORPH=empty
cil	cel	PROdem	MORPH=empty
qui	qui	PROrel	MORPH=empty
la	là	ADVgen	MORPH=empty
l'	il	PROper	MORPH=empty
avoit	avoir	VERcjg	MORPH=empty
anvoié	envoiier	VERppe	MORPH=empty
.	.	PONfrt	MORPH=empty
Ensi	ainsi	ADVgen	MORPH=empty
vers	vers2	PRE	MORPH=empty
la	le	DETdef	MORPH=empty
porte	porte1	NOMcom	MORPH=empty
s'	soi1	PROper	MORPH=empty
an	en2	PROadv	MORPH=empty
va	aler	VERcjg	MORPH=empty
;	;	PONfbl	MORPH=empty
devant	devant	PRE	MORPH=empty
la	le	DETdef	MORPH=empty
porte	porte1	NOMcom	MORPH=empty
.i.	un	DETndf	MORPH=empty
pont	pont	NOMcom	MORPH=empty
trova	trover	VERcjg	MORPH=empty
torneïz	tornëiz	ADJqua	MORPH=empty
,	,	PONfbl	MORPH=empty
qui	qui	PROrel	MORPH=empty
fu	estre1	VERcjg	MORPH=empty
avalez	avaler	VERppe	MORPH=empty
.	.	PONfrt	MORPH=empty
Par	par	PRE	MORPH=empty
sor	sor2	PRE	MORPH=empty
le	le	DETdef	MORPH=empty
pont	pont	NOMcom	MORPH=empty
s'	soi1	PROper	MORPH=empty
an	en2	PROadv	MORPH=empty
est	estre1	VERcjg	MORPH=empty
alez	aler	VERppe	MORPH=empty
,	,	PONfbl	MORPH=empty
et	et	CONcoo	MORPH=empty
vaslet	vaslet	NOMcom	MORPH=empty
corent	corir	VERcjg	MORPH=empty
contre	contre	PRE	MORPH=empty
lui	il	PROper	MORPH=empty
,	,	PONfbl	MORPH=empty
troi	trois	PROcar	MORPH=empty
,	,	PONfbl	MORPH=empty
sel	si+il	ADVgen.PROper	MORPH=empty
desarmerent	desarmer	VERcjg	MORPH=empty
li	le	DETdef	MORPH=empty
dui	deus	PROcar	MORPH=empty
,	,	PONfbl	MORPH=empty
et	et	CONcoo	MORPH=empty
li	le	DETdef	MORPH=empty
tierz	tierz	PROord	MORPH=empty
son	son4	DETpos	MORPH=empty
cheval	cheval	NOMcom	MORPH=empty
an	en2	PROadv	MORPH=empty
moinne	mener	VERcjg	MORPH=empty
,	,	PONfbl	MORPH=empty
si	si	ADVgen	MORPH=empty
li	il	PROper	MORPH=empty
done	doner	VERcjg	MORPH=empty
fuerre	fuerre1	NOMcom	MORPH=empty
et	et	CONcoo	MORPH=empty
avoinne	aveine	NOMcom	MORPH=empty
.	.	PONfrt	MORPH=empty
Li	le	DETdef	MORPH=empty
carz	cart	PROord	MORPH=empty
li	il	PROper	MORPH=empty
afuble	afubler	VERcjg	MORPH=empty
.i.	un	DETndf	MORPH=empty
mantel	mantel	NOMcom	MORPH=empty
d'	de	PRE	MORPH=empty
escarlate	escarlate	NOMcom	MORPH=empty
,	,	PONfbl	MORPH=empty
fres	frois1	ADJqua	MORPH=empty
et	et	CONcoo	MORPH=empty
novel	novel	ADJqua	MORPH=empty
;	;	PONfbl	MORPH=empty
et	et	CONcoo	MORPH=empty
l'	il	PROper	MORPH=empty
an	en2	PROadv	MORPH=empty
menerent	mener	VERcjg	MORPH=empty
jusqu'	jusque	PRE	MORPH=empty
as	a3+le	PRE.DETdef	MORPH=empty
loiges	loge	NOMcom	MORPH=empty
.	.	PONfrt	MORPH=empty
Si	si	ADVgen	MORPH=empty
sachiez	savoir	VERcjg	MORPH=empty
que	que4	CONsub	MORPH=empty
jusqu'	jusque	PRE	MORPH=empty
a	a3	PRE	MORPH=empty
Limoiges	Limoges	NOMpro	MORPH=empty
ne	ne1	ADVneg	MORPH=empty
trovast	trover	VERcjg	MORPH=empty
an	on	PROind	MORPH=empty
ne	ne2	CONcoo	MORPH=empty
ne	ne1	ADVneg	MORPH=empty
veïst	vëoir	VERcjg	MORPH=empty
si	si	ADVgen	MORPH=empty
beles	bel1	ADJqua	MORPH=empty
,	,	PONfbl	MORPH=empty
qui	qui	PROrel	MORPH=empty
les	il	PROper	MORPH=empty
i	i2	PROadv	MORPH=empty
queïst	querre	VERcjg	MORPH=empty
.	.	PONfrt	MORPH=empty
Li	le	DETdef	MORPH=empty
vaslez	vaslet	NOMcom	MORPH=empty
es	en1+le	PRE.DETdef	MORPH=empty
loiges	loge	NOMcom	MORPH=empty
estut	ester	VERcjg	MORPH=empty
tant	tant	ADVgen	MORPH=empty
qu'	que4	CONsub	MORPH=empty
au	a3+le	PRE.DETdef	MORPH=empty
seignor	seignor	NOMcom	MORPH=empty
venir	venir	VERinf	MORPH=empty
l'	il	PROper	MORPH=empty
estut	estovoir1	VERcjg	MORPH=empty
,	,	PONfbl	MORPH=empty
qui	qui	PROrel	MORPH=empty
.ii.	2	DETcar	MORPH=empty
vaslez	vaslet	NOMcom	MORPH=empty
i	i2	PROadv	MORPH=empty
anvea	envoiier	VERcjg	MORPH=empty
;	;	PONfbl	MORPH=empty
et	et	CONcoo	MORPH=empty
cil	cel	PROdem	MORPH=empty
avoec	avuec	PRE	MORPH=empty
ax	il	PROper	MORPH=empty
s'	soi1	PROper	MORPH=empty
an	en2	PROadv	MORPH=empty
ala	aler	VERcjg	MORPH=empty
an	en1	PRE	MORPH=empty
la	le	DETdef	MORPH=empty
sale	sale1	NOMcom	MORPH=empty
,	,	PONfbl	MORPH=empty
qui	qui	PROrel	MORPH=empty
fu	estre1	VERcjg	MORPH=empty
quarree	carrer	VERppe	MORPH=empty
et	et	CONcoo	MORPH=empty
autant	autant	ADVgen	MORPH=empty
longue	lonc	ADJqua	MORPH=empty
come	come1	CONsub	MORPH=empty
lee	lé	ADJqua	MORPH=empty
.	.	PONfrt	MORPH=empty
Enmi	enmi	PRE	MORPH=empty
la	le	DETdef	MORPH=empty
sale	sale1	NOMcom	MORPH=empty
,	,	PONfbl	MORPH=empty
sor	sor2	PRE	MORPH=empty
.i.	un	DETndf	MORPH=empty
lit	lit1	NOMcom	MORPH=empty
,	,	PONfbl	MORPH=empty
.i.	un	DETndf	MORPH=empty
bel	bel1	ADJqua	MORPH=empty
prodome	pro	NOMcom	MORPH=empty
seoir	sëoir	VERinf	MORPH=empty
vit	vëoir	VERcjg	MORPH=empty
,	,	PONfbl	MORPH=empty
qui	qui	PROrel	MORPH=empty
estoit	estre1	VERcjg	MORPH=empty
de	de	PRE	MORPH=empty
chenes	chienes	NOMcom	MORPH=empty
meslez	mesler	VERppe	MORPH=empty
;	;	PONfbl	MORPH=empty
et	et	CONcoo	MORPH=empty
ses	son4	DETpos	MORPH=empty
chiés	chief1	NOMcom	MORPH=empty
fu	estre1	VERcjg	MORPH=empty
anchapelez	enchapeler	VERppe	MORPH=empty
d'	de	PRE	MORPH=empty
un	un	DETndf	MORPH=empty
sebelin	sabel1in	NOMcom	MORPH=empty
noir	noir	ADJqua	MORPH=empty
come	come1	CONsub	MORPH=empty
more	more4	NOMcom	MORPH=empty
,	,	PONfbl	MORPH=empty
a	a3	PRE	MORPH=empty
une	un	DETndf	MORPH=empty
porpre	porpre1	NOMcom	MORPH=empty
vox	volter	VERcjg	MORPH=empty
desore	desor	ADVgen	MORPH=empty
,	,	PONfbl	MORPH=empty
et	et	CONcoo	MORPH=empty
d'	de	PRE	MORPH=empty
itel	itel	PROind	MORPH=empty
fu	estre1	VERcjg	MORPH=empty
sa	son4	DETpos	MORPH=empty
robe	robe	NOMcom	MORPH=empty
tote	tot	ADJind	MORPH=empty
.	.	PONfrt	MORPH=empty
Apoiez	apoiier	VERppe	MORPH=empty
fu	estre1	VERcjg	MORPH=empty
desor	desor	PRE	MORPH=empty
son	son4	DETpos	MORPH=empty
cote	cote1	NOMcom	MORPH=empty
,	,	PONfbl	MORPH=empty
si	si	ADVgen	MORPH=empty
ot	avoir	VERcjg	MORPH=empty
devant	devant	PRE	MORPH=empty
lui	il	PROper	MORPH=empty
.i.	un	DETndf	MORPH=empty
feu	feu	NOMcom	MORPH=empty
grant	grant	ADJqua	MORPH=empty
de	de	PRE	MORPH=empty
sesche	sec	ADJqua	MORPH=empty
busche	busche	NOMcom	MORPH=empty
,	,	PONfbl	MORPH=empty
bien	bien1	ADVgen	MORPH=empty
ardant	ardre	VERppa	MORPH=empty
,	,	PONfbl	MORPH=empty
et	et	CONcoo	MORPH=empty
fu	estre1	VERcjg	MORPH=empty
antre	entre	PRE	MORPH=empty
.iiii.	4	DETcar	MORPH=empty
colomes	colombe2	NOMcom	MORPH=empty
.	.	PONfrt	MORPH=empty
Bien	bien1	ADVgen	MORPH=empty
poïst	pöoir	VERcjg	MORPH=empty
an	on	PROind	MORPH=empty
.iiii.	4	DETcar	MORPH=empty
.c.	100	DETcar	MORPH=empty
homes	ome	NOMcom	MORPH=empty
asseoir	asseoir	VERinf	MORPH=empty
anviron	environ	PRE	MORPH=empty
le	le	DETdef	MORPH=empty
feu	feu	NOMcom	MORPH=empty
,	,	PONfbl	MORPH=empty
s'	si	ADVgen	MORPH=empty
aüst	avoir	VERcjg	MORPH=empty
chascuns	chascun	PROind	MORPH=empty
aeisié	aaisier	VERppe	MORPH=empty
leu	lieu	NOMcom	MORPH=empty
.	.	PONfrt	MORPH=empty
Les	le	DETdef	MORPH=empty
colomes	colombe2	NOMcom	MORPH=empty
forz	fort	ADJqua	MORPH=empty
i	i2	PROadv	MORPH=empty
estoient	estre1	VERcjg	MORPH=empty
qui	qui	PROrel	MORPH=empty
le	le	DETdef	MORPH=empty
cheminal	cheminel	NOMcom	MORPH=empty
sostenoient	sostenir	VERcjg	MORPH=empty
,	,	PONfbl	MORPH=empty
d'	de	PRE	MORPH=empty
arain	arain	NOMcom	MORPH=empty
espés	espès	ADJqua	MORPH=empty
et	et	CONcoo	MORPH=empty
haut	haut	ADJqua	MORPH=empty
et	et	CONcoo	MORPH=empty
lé	lé	ADJqua	MORPH=empty
.	.	PONfrt	MORPH=empty
Devant	devant	PRE	MORPH=empty
le	le	DETdef	MORPH=empty
seignor	seignor	NOMcom	MORPH=empty
sont	estre1	VERcjg	MORPH=empty
alé	aler	VERppe	MORPH=empty
;	;	PONfbl	MORPH=empty
qant	cant1	CONsub	MORPH=empty
li	le	DETdef	MORPH=empty
sires	seignor	NOMcom	MORPH=empty
le	il	PROper	MORPH=empty
vit	vëoir	VERcjg	MORPH=empty
venant	venir	VERppa	MORPH=empty
,	,	PONfbl	MORPH=empty
si	si	ADVgen	MORPH=empty
le	il	PROper	MORPH=empty
salua	salüer	VERcjg	MORPH=empty
maintenant	maintenant	ADVgen	MORPH=empty
et	et	CONcoo	MORPH=empty
dist	dire	VERcjg	MORPH=empty
:	:	PONfbl	MORPH=empty
"	"	PONpxx	MORPH=empty
Amis	ami	NOMcom	MORPH=empty
,	,	PONfbl	MORPH=empty
ne	ne1	ADVneg	MORPH=empty
vos	vos	PROper	MORPH=empty
soit	estre1	VERcjg	MORPH=empty
grief	grief	ADJqua	MORPH=empty
se	se	CONsub	MORPH=empty
ancontre	encontre1	PRE	MORPH=empty
vos	vos	PROper	MORPH=empty
ne	ne1	ADVneg	MORPH=empty
me	je	PROper	MORPH=empty
lief	lever	VERcjg	MORPH=empty
,	,	PONfbl	MORPH=empty
que	que4	CONcoo	MORPH=empty
je	je	PROper	MORPH=empty
n'	ne1	ADVneg	MORPH=empty
an	en2	PROadv	MORPH=empty
sui	estre1	VERcjg	MORPH=empty
pas	pas	ADVneg	MORPH=empty
aeisiez	aaisier	VERppe	MORPH=empty
.	.	PONfrt	MORPH=empty
Por	por2	PRE	MORPH=empty
Deu	Dieu	NOMpro	MORPH=empty
,	,	PONfbl	MORPH=empty
sire	seignor	NOMcom	MORPH=empty
,	,	PONfbl	MORPH=empty
or	or4	ADVgen	MORPH=empty
vos	vos	PROper	MORPH=empty
an	en2	PROadv	MORPH=empty
teisiez	taire	VERcjg	MORPH=empty
,	,	PONfbl	MORPH=empty
fet	faire	VERcjg	MORPH=empty
il	il	PROper	MORPH=empty
,	,	PONfbl	MORPH=empty
qu'	que4	CONcoo	MORPH=empty
il	il	PROimp	MORPH=empty
ne	ne1	ADVneg	MORPH=empty
me	je	PROper	MORPH=empty
grieve	grever	VERcjg	MORPH=empty
point	point	ADVneg	MORPH=empty
,	,	PONfbl	MORPH=empty
se	se	CONsub	MORPH=empty
Dex	Dieu	NOMpro	MORPH=empty
joie	joie	NOMcom	MORPH=empty
et	et	CONcoo	MORPH=empty
santé	santé	NOMcom	MORPH=empty
me	je	PROper	MORPH=empty
doint	doner	VERcjg	MORPH=empty
.	.	PONfrt	MORPH=empty
"	"	PONpxx	MORPH=empty
Li	le	DETdef	MORPH=empty
prodon	pro	NOMcom	MORPH=empty
tant	tant	ADVgen	MORPH=empty
por	por2	PRE	MORPH=empty
lui	il	PROper	MORPH=empty
se	soi1	PROper	MORPH=empty
grieve	grever	VERcjg	MORPH=empty
que	que4	CONsub	MORPH=empty
tant	tant	ADVgen	MORPH=empty
con	come1	CONsub	MORPH=empty
il	il	PROper	MORPH=empty
puet	pöoir	VERcjg	MORPH=empty
se	soi1	PROper	MORPH=empty
sozlieve	soslever	VERcjg	MORPH=empty
,	,	PONfbl	MORPH=empty
et	et	CONcoo	MORPH=empty
dist	dire	VERcjg	MORPH=empty
:	:	PONfbl	MORPH=empty
"	"	PONpxx	MORPH=empty
Amis	ami	NOMcom	MORPH=empty
,	,	PONfbl	MORPH=empty
ça	ça	ADVgen	MORPH=empty
vos	vos	PROper	MORPH=empty
traiez	traire	VERcjg	MORPH=empty
pres	près	ADVgen	MORPH=empty
de	de	PRE	MORPH=empty
moi	je	PROper	MORPH=empty
,	,	PONfbl	MORPH=empty
ne	ne1	ADVneg	MORPH=empty
vos	vos	PROper	MORPH=empty
esmaiez	esmaiier	VERcjg	MORPH=empty
;	;	PONfbl	MORPH=empty
si	si	ADVgen	MORPH=empty
vos	vos	PROper	MORPH=empty
seez	sëoir	VERcjg	MORPH=empty
seüremant	sëurement	ADVgen	MORPH=empty
lez	lez	PRE	MORPH=empty
moi	je	PROper	MORPH=empty
,	,	PONfbl	MORPH=empty
jel	je+il	PROper.PROper	MORPH=empty
vos	vos	PROper	MORPH=empty
lo	löer1	VERcjg	MORPH=empty
bonemant	bonement	ADVgen	MORPH=empty
.	.	PONfrt	MORPH=empty
"	"	PONpxx	MORPH=empty
Li	le	DETdef	MORPH=empty
vaslez	vaslet	NOMcom	MORPH=empty
est	estre1	VERcjg	MORPH=empty
lez	lez	PRE	MORPH=empty
lui	il	PROper	MORPH=empty
asis	asseoir	VERppe	MORPH=empty
,	,	PONfbl	MORPH=empty
et	et	CONcoo	MORPH=empty
li	le	DETdef	MORPH=empty
prodon	pro	NOMcom	MORPH=empty
li	il	PROper	MORPH=empty
dist	dire	VERcjg	MORPH=empty
:	:	PONfbl	MORPH=empty
"	"	PONpxx	MORPH=empty
Amis	ami	NOMcom	MORPH=empty
,	,	PONfbl	MORPH=empty
de	de	PRE	MORPH=empty
quel	quel1	PROint	MORPH=empty
part	part1	NOMcom	MORPH=empty
venistes	venir	VERcjg	MORPH=empty
vos	vos	PROper	MORPH=empty
hui	ui	ADVgen	MORPH=empty
?	?	PONfrt	MORPH=empty
Sire	seignor	NOMcom	MORPH=empty
,	,	PONfbl	MORPH=empty
fet	faire	VERcjg	MORPH=empty
il	il	PROper	MORPH=empty
,	,	PONfbl	MORPH=empty
hui	ui	ADVgen	MORPH=empty
matin	matin1	ADVgen	MORPH=empty
mui	movoir	VERcjg	MORPH=empty
de	de	PRE	MORPH=empty
Biaurepaire	bel1repeire	NOMpro	MORPH=empty
,	,	PONfbl	MORPH=empty
ensi	ainsi	ADVgen	MORPH=empty
a	avoir	VERcjg	MORPH=empty
non	nom	NOMcom	MORPH=empty
.	.	PONfrt	MORPH=empty
Si	si	ADVgen	MORPH=empty
m'	je	PROper	MORPH=empty
aïst	aidier	VERcjg	MORPH=empty
Dex	Dieu	NOMpro	MORPH=empty
,	,	PONfbl	MORPH=empty
fet	faire	VERcjg	MORPH=empty
li	le	DETdef	MORPH=empty
prodom	pro	NOMcom	MORPH=empty
,	,	PONfbl	MORPH=empty
vos	vos	PROper	MORPH=empty
avez	avoir	VERcjg	MORPH=empty
grant	grant	ADJqua	MORPH=empty
jornee	jornee	NOMcom	MORPH=empty
faite	faire	VERppe	MORPH=empty
.	.	PONfrt	MORPH=empty
Vos	vos	PROper	MORPH=empty
meüstes	movoir	VERcjg	MORPH=empty
einz	ainz	ADVgen	MORPH=empty
que	que4	CONsub	MORPH=empty
la	le	DETdef	MORPH=empty
gaite	gaite	NOMcom	MORPH=empty
eüst	avoir	VERcjg	MORPH=empty
hui	ui	ADVgen	MORPH=empty
main	main1	ADVgen	MORPH=empty
l'	le	DETdef	MORPH=empty
aube	aube3	NOMcom	MORPH=empty
cornee	corner	VERppe	MORPH=empty
.	.	PONfrt	MORPH=empty
Einz	ainz	ADVgen	MORPH=empty
estoit	estre1	VERcjg	MORPH=empty
ja	ja	ADVgen	MORPH=empty
prime	prim	NOMcom	MORPH=empty
sonee	soner	VERppe	MORPH=empty
,	,	PONfbl	MORPH=empty
fet	faire	VERcjg	MORPH=empty
li	le	DETdef	MORPH=empty
vaslez	vaslet	NOMcom	MORPH=empty
,	,	PONfbl	MORPH=empty
ce	ce1	PROdem	MORPH=empty
vos	vos	PROper	MORPH=empty
afi	afïer	VERcjg	MORPH=empty
.	.	PONfrt	MORPH=empty
"	"	PONpxx	MORPH=empty
Queque	que_que	PROrel	MORPH=empty
il	il	PROper	MORPH=empty
parloient	parler	VERcjg	MORPH=empty
ensi	ainsi	ADVgen	MORPH=empty
,	,	PONfbl	MORPH=empty
uns	un	DETndf	MORPH=empty
vaslez	vaslet	NOMcom	MORPH=empty
antre	entrer	VERcjg	MORPH=empty
par	par	PRE	MORPH=empty
la	le	DETdef	MORPH=empty
porte	porte1	NOMcom	MORPH=empty
.	.	PONfrt	MORPH=empty
A	a3	PRE	MORPH=empty
son	son4	DETpos	MORPH=empty
col	col	NOMcom	MORPH=empty
une	un	DETndf	MORPH=empty
espee	espee	NOMcom	MORPH=empty
aporte	aporter	VERcjg	MORPH=empty
,	,	PONfbl	MORPH=empty
par	par	PRE	MORPH=empty
les	le	DETdef	MORPH=empty
renges	renge2	NOMcom	MORPH=empty
estoit	estre1	VERcjg	MORPH=empty
pandue	pendre	VERppe	MORPH=empty
,	,	PONfbl	MORPH=empty
si	si	ADVgen	MORPH=empty
l'	il	PROper	MORPH=empty
a	avoir	VERcjg	MORPH=empty
au	a3+le	PRE.DETdef	MORPH=empty
riche	riche	ADJqua	MORPH=empty
randue	rendre	VERppe	MORPH=empty
.	.	PONfrt	MORPH=empty
Et	et	CONcoo	MORPH=empty
il	il	PROper	MORPH=empty
l'	il	PROper	MORPH=empty
a	avoir	VERcjg	MORPH=empty
bien	bien1	ADVgen	MORPH=empty
demie	demi2	ADJqua	MORPH=empty
treite	traire	VERppe	MORPH=empty
,	,	PONfbl	MORPH=empty
si	si	ADVgen	MORPH=empty
vit	vëoir	VERcjg	MORPH=empty
bien	bien1	ADVgen	MORPH=empty
ou	où	PROrel	MORPH=empty
ele	il	PROper	MORPH=empty
fu	estre1	VERcjg	MORPH=empty
feite	faire	VERppe	MORPH=empty
,	,	PONfbl	MORPH=empty
que	que4	CONcoo	MORPH=empty
an	en1	PRE	MORPH=empty
l'	le	DETdef	MORPH=empty
espee	espee	NOMcom	MORPH=empty
fu	estre1	VERcjg	MORPH=empty
escrit	escrire	VERppe	MORPH=empty
;	;	PONfbl	MORPH=empty
et	et	CONcoo	MORPH=empty
avoec	avuec	PRE	MORPH=empty
ce	ce1	PROdem	MORPH=empty
ancore	encore	ADVgen	MORPH=empty
vit	vëoir	VERcjg	MORPH=empty
qu'	que4	CONsub	MORPH=empty
ele	il	PROper	MORPH=empty
estoit	estre1	VERcjg	MORPH=empty
de	de	PRE	MORPH=empty
si	si	ADVgen	MORPH=empty
bon	bon	ADJqua	MORPH=empty
acier	acier	NOMcom	MORPH=empty
qu'	que4	CONsub	MORPH=empty
ele	il	PROper	MORPH=empty
ne	ne1	ADVneg	MORPH=empty
pooit	pöoir	VERcjg	MORPH=empty
peçoier	peçoiier	VERinf	MORPH=empty
fors	fors1	ADVgen	MORPH=empty
que	que4	CONsub	MORPH=empty
par	par	PRE	MORPH=empty
.i.	1	DETcar	MORPH=empty
tot	tot	ADVgen	MORPH=empty
seul	sol1	ADJqua	MORPH=empty
peril	peril	NOMcom	MORPH=empty
que	que2	PROrel	MORPH=empty
nus	nul	PROind	MORPH=empty
ne	ne1	ADVneg	MORPH=empty
savoit	savoir	VERcjg	MORPH=empty
mes	mais1	ADVgen	MORPH=empty
que	que4	CONsub	MORPH=empty
cil	cel	PROdem	MORPH=empty
qui	qui	PROrel	MORPH=empty
avoit	avoir	VERcjg	MORPH=empty
forgiee	forgier	VERppe	MORPH=empty
l'	le	DETdef	MORPH=empty
espee	espee	NOMcom	MORPH=empty
.	.	PONfrt	MORPH=empty
Li	le	DETdef	MORPH=empty
vaslez	vaslet	NOMcom	MORPH=empty
qui	qui	PROrel	MORPH=empty
l'	il	PROper	MORPH=empty
ot	avoir	VERcjg	MORPH=empty
aportee	aporter	VERppe	MORPH=empty
dist	dire	VERcjg	MORPH=empty
:	:	PONfbl	MORPH=empty
"	"	PONpxx	MORPH=empty
Sire	seignor	NOMcom	MORPH=empty
,	,	PONfbl	MORPH=empty
la	le	DETdef	MORPH=empty
sore	sor1	ADJqua	MORPH=empty
pucele	pucele	NOMcom	MORPH=empty
,	,	PONfbl	MORPH=empty
vostre	vostre	DETpos	MORPH=empty
niece	niece	NOMcom	MORPH=empty
,	,	PONfbl	MORPH=empty
qui	qui	PROrel	MORPH=empty
tant	tant	ADVgen	MORPH=empty
est	estre1	VERcjg	MORPH=empty
bele	bel1	ADJqua	MORPH=empty
,	,	PONfbl	MORPH=empty
vos	vos	PROper	MORPH=empty
anvoie	envoiier	VERcjg	MORPH=empty
ci	ci	ADVgen	MORPH=empty
cest	cest	DETdem	MORPH=empty
present	present2	NOMcom	MORPH=empty
;	;	PONfbl	MORPH=empty
einz	ainc	ADVgen	MORPH=empty
ne	ne1	ADVneg	MORPH=empty
veïstes	vëoir	VERcjg	MORPH=empty
mes	mais1	ADVgen	MORPH=empty
si	si	ADVgen	MORPH=empty
gent	gent2	ADJqua	MORPH=empty
del	de+le	PRE.DETdef	MORPH=empty
lonc	lonc	ADJqua	MORPH=empty
et	et	CONcoo	MORPH=empty
del	de+le	PRE.DETdef	MORPH=empty
lé	lé	NOMcom	MORPH=empty
que	que2	PROrel	MORPH=empty
ele	il	PROper	MORPH=empty
a	avoir	VERcjg	MORPH=empty
.	.	PONfrt	MORPH=empty
Vos	vos	PROper	MORPH=empty
la	il	PROper	MORPH=empty
donroiz	doner	VERcjg	MORPH=empty
cui	cui	PROrel	MORPH=empty
vos	vos	PROper	MORPH=empty
pleira	plaire	VERcjg	MORPH=empty
,	,	PONfbl	MORPH=empty
mes	mais1	CONcoo	MORPH=empty
ma	mon1	DETpos	MORPH=empty
dame	dame	NOMcom	MORPH=empty
seroit	estre1	VERcjg	MORPH=empty
mout	mout	ADVgen	MORPH=empty
liee	lié1	ADJqua	MORPH=empty
se	se	CONsub	MORPH=empty
ele	il	PROper	MORPH=empty
estoit	estre1	VERcjg	MORPH=empty
bien	bien1	ADVgen	MORPH=empty
anploiee	emploiier	VERppe	MORPH=empty
la	là	ADVgen	MORPH=empty
ou	où	PROrel	MORPH=empty
ele	il	PROper	MORPH=empty
sera	estre1	VERcjg	MORPH=empty
donee	doner	VERppe	MORPH=empty
,	,	PONfbl	MORPH=empty
c'	que4	CONsub	MORPH=empty
onques	onque	ADVgen	MORPH=empty
cil	cel	PROdem	MORPH=empty
qui	qui	PROrel	MORPH=empty
forja	forgier	VERcjg	MORPH=empty
l'	le	DETdef	MORPH=empty
espee	espee	NOMcom	MORPH=empty
n'	ne1	ADVneg	MORPH=empty
an	en2	PROadv	MORPH=empty
fist	faire	VERcjg	MORPH=empty
que	que4	CONsub	MORPH=empty
.iii.	3	PROcar	MORPH=empty
,	,	PONfbl	MORPH=empty
et	et	CONcoo	MORPH=empty
si	si	ADVgen	MORPH=empty
morra	morir	VERcjg	MORPH=empty
que	que4	CONsub	MORPH=empty
ja	ja	ADVgen	MORPH=empty
mes	mais1	ADVgen	MORPH=empty
forgier	forgier	VERinf	MORPH=empty
ne	ne1	ADVneg	MORPH=empty
porra	pöoir	VERcjg	MORPH=empty
espee	espee	NOMcom	MORPH=empty
nule	nul	ADJind	MORPH=empty
aprés	après	PRE	MORPH=empty
cesti	cest	PROdem	MORPH=empty
.	.	PONfrt	MORPH=empty
"	"	PONpxx	MORPH=empty
Et	et	CONcoo	MORPH=empty
li	le	DETdef	MORPH=empty
sires	seignor	NOMcom	MORPH=empty
an	en2	PROadv	MORPH=empty
revesti	revestir	VERcjg	MORPH=empty
celui	cel	PROdem	MORPH=empty
qui	qui	PROrel	MORPH=empty
leanz	laienz	ADVgen	MORPH=empty
ert	estre1	VERcjg	MORPH=empty
estranges	estrange	ADJqua	MORPH=empty
de	de	PRE	MORPH=empty
l'	le	DETdef	MORPH=empty
espee	espee	NOMcom	MORPH=empty
parmi	parmi	PRE	MORPH=empty
les	le	DETdef	MORPH=empty
ranges	renge2	NOMcom	MORPH=empty
,	,	PONfbl	MORPH=empty
qui	qui	PROrel	MORPH=empty
valoient	valoir	VERcjg	MORPH=empty
bien	bien1	ADVgen	MORPH=empty
.i.	un	DETndf	MORPH=empty
tresor	tresor	NOMcom	MORPH=empty
.	.	PONfrt	MORPH=empty
Li	le	DETdef	MORPH=empty
ponz	pon2	NOMcom	MORPH=empty
de	de	PRE	MORPH=empty
l'	le	DETdef	MORPH=empty
espee	espee	NOMcom	MORPH=empty
fu	estre1	VERcjg	MORPH=empty
d'	de	PRE	MORPH=empty
or	or1	NOMcom	MORPH=empty
,	,	PONfbl	MORPH=empty
del	de+le	PRE.DETdef	MORPH=empty
meillor	meillor	ADJqua	MORPH=empty
d'	de	PRE	MORPH=empty
Arrabe	Arrabe	NOMpro	MORPH=empty
ou	o3	CONcoo	MORPH=empty
de	de	PRE	MORPH=empty
Grece	Grece	NOMpro	MORPH=empty
;	;	PONfbl	MORPH=empty
li	le	DETdef	MORPH=empty
fuerres	fuerre2	NOMcom	MORPH=empty
d'	de	PRE	MORPH=empty
orfrois	orfrois	NOMcom	MORPH=empty
de	de	PRE	MORPH=empty
Venece	Venece	NOMpro	MORPH=empty
.	.	PONfrt	MORPH=empty
Si	si	ADVgen	MORPH=empty
richemant	richement	ADVgen	MORPH=empty
apareilliee	apareillier1	VERppe	MORPH=empty
la	il	PROper	MORPH=empty
li	il	PROper	MORPH=empty
a	avoir	VERcjg	MORPH=empty
li	le	DETdef	MORPH=empty
sires	seignor	NOMcom	MORPH=empty
bailliee	baillier	VERppe	MORPH=empty
,	,	PONfbl	MORPH=empty
et	et	CONcoo	MORPH=empty
dist	dire	VERcjg	MORPH=empty
:	:	PONfbl	MORPH=empty
"	"	PONpxx	MORPH=empty
Biau	bel1	ADJqua	MORPH=empty
sire	seignor	NOMcom	MORPH=empty
,	,	PONfbl	MORPH=empty
ceste	cest	DETdem	MORPH=empty
espee	espee	NOMcom	MORPH=empty
vos	vos	PROper	MORPH=empty
fu	estre1	VERcjg	MORPH=empty
jugiee	jugier	VERppe	MORPH=empty
et	et	CONcoo	MORPH=empty
destinee	destiner	VERppe	MORPH=empty
,	,	PONfbl	MORPH=empty
et	et	CONcoo	MORPH=empty
je	je	PROper	MORPH=empty
voel	voloir	VERcjg	MORPH=empty
mout	mout	ADVgen	MORPH=empty
que	que4	CONsub	MORPH=empty
vos	vos	PROper	MORPH=empty
l'	il	PROper	MORPH=empty
aiez	avoir	VERcjg	MORPH=empty
.	.	PONfrt	MORPH=empty
Mes	mais1	ADVgen	MORPH=empty
ceigniez	ceindre	VERcjg	MORPH=empty
la	il	PROper	MORPH=empty
,	,	PONfbl	MORPH=empty
si	si	ADVgen	MORPH=empty
l'	il	PROper	MORPH=empty
essaiez	essaiier	VERcjg	MORPH=empty
.	.	PONfrt	MORPH=empty
"	"	PONpxx	MORPH=empty
Il	il	PROper	MORPH=empty
l'	il	PROper	MORPH=empty
an	en2	PROadv	MORPH=empty
mercie	mercïer	VERcjg	MORPH=empty
,	,	PONfbl	MORPH=empty
si	si	ADVgen	MORPH=empty
la	il	PROper	MORPH=empty
ceint	ceindre	VERcjg	MORPH=empty
ensi	ainsi	ADVgen	MORPH=empty
que	que4	CONsub	MORPH=empty
pas	pas	ADVneg	MORPH=empty
ne	ne1	ADVneg	MORPH=empty
s'	soi1	PROper	MORPH=empty
an	en2	PROadv	MORPH=empty
estraint	estreindre	VERcjg	MORPH=empty
,	,	PONfbl	MORPH=empty
puis	puis	ADVgen	MORPH=empty
l'	il	PROper	MORPH=empty
a	avoir	VERcjg	MORPH=empty
trete	traire	VERppe	MORPH=empty
del	de+le	PRE.DETdef	MORPH=empty
fuerre	fuerre2	NOMcom	MORPH=empty
nue	nu1	ADJqua	MORPH=empty
;	;	PONfbl	MORPH=empty
et	et	CONcoo	MORPH=empty
quant	cant1	CONsub	MORPH=empty
il	il	PROper	MORPH=empty
l'	il	PROper	MORPH=empty
ot	avoir	VERcjg	MORPH=empty
.i.	un	DETndf	MORPH=empty
po	poi	PROind	MORPH=empty
tenue	tenir1	VERppe	MORPH=empty
,	,	PONfbl	MORPH=empty
si	si	ADVgen	MORPH=empty
la	il	PROper	MORPH=empty
remist	remetre	VERcjg	MORPH=empty
el	en1+le	PRE.DETdef	MORPH=empty
fuerre	fuerre2	NOMcom	MORPH=empty
arriere	ariere	ADVgen	MORPH=empty
.	.	PONfrt	MORPH=empty
Mout	mout	ADVgen	MORPH=empty
l'	il	PROper	MORPH=empty
esgarde	esgarder	VERcjg	MORPH=empty
:	:	PONfbl	MORPH=empty
de	de	PRE	MORPH=empty
grant	grant	ADJqua	MORPH=empty
meniere	maniere	NOMcom	MORPH=empty
li	il	PROper	MORPH=empty
sist	sëoir	VERcjg	MORPH=empty
au	a3+le	PRE.DETdef	MORPH=empty
flanc	flanc	NOMcom	MORPH=empty
et	et	CONcoo	MORPH=empty
mialz	mieus	ADVgen	MORPH=empty
el	en1+le	PRE.DETdef	MORPH=empty
poing	poing	NOMcom	MORPH=empty
,	,	PONfbl	MORPH=empty
et	et	CONcoo	MORPH=empty
sanbla	sembler	VERcjg	MORPH=empty
bien	bien1	ADVgen	MORPH=empty
que	que4	CONsub	MORPH=empty
a	a3	PRE	MORPH=empty
besoing	besoing	NOMcom	MORPH=empty
s'	soi1	PROper	MORPH=empty
an	en2	PROadv	MORPH=empty
deüst	devoir	VERcjg	MORPH=empty
aidier	aidier	VERinf	MORPH=empty
come	come1	CONsub	MORPH=empty
ber	baron	NOMcom	MORPH=empty
.	.	PONfrt	MORPH=empty
Derriers	derrier(e)	PRE	MORPH=empty
lui	il	PROper	MORPH=empty
vit	vëoir	VERcjg	MORPH=empty
.i.	un	DETndf	MORPH=empty
bacheler	bacheler	NOMcom	MORPH=empty
,	,	PONfbl	MORPH=empty
antor	entor	PRE	MORPH=empty
le	le	DETdef	MORPH=empty
feu	feu	NOMcom	MORPH=empty
qui	qui	PROrel	MORPH=empty
cler	cler	ADJqua	MORPH=empty
ardoit	ardre	VERcjg	MORPH=empty
.	.	PONfrt	MORPH=empty
Celui	cel	PROdem	MORPH=empty
qui	qui	PROrel	MORPH=empty
ses	son4	DETpos	MORPH=empty
armes	arme	NOMcom	MORPH=empty
gardoit	garder	VERcjg	MORPH=empty
quenut	conoistre	VERcjg	MORPH=empty
,	,	PONfbl	MORPH=empty
et	et	CONcoo	MORPH=empty
si	si	ADVgen	MORPH=empty
li	il	PROper	MORPH=empty
comanda	comander	VERcjg	MORPH=empty
s'	son4	DETpos	MORPH=empty
espee	espee	NOMcom	MORPH=empty
,	,	PONfbl	MORPH=empty
et	et	CONcoo	MORPH=empty
cil	cel	PROdem	MORPH=empty
la	il	PROper	MORPH=empty
li	il	PROper	MORPH=empty
garda	garder	VERcjg	MORPH=empty
.	.	PONfrt	MORPH=empty
Lors	lors	ADVgen	MORPH=empty
se	soi1	PROper	MORPH=empty
rasist	rassëoir	VERcjg	MORPH=empty
lez	lez	PRE	MORPH=empty
le	le	DETdef	MORPH=empty
seignor	seignor	NOMcom	MORPH=empty
,	,	PONfbl	MORPH=empty
qui	qui	PROrel	MORPH=empty
li	il	PROper	MORPH=empty
porte	porter	VERcjg	MORPH=empty
mout	mout	ADVgen	MORPH=empty
grant	grant	ADJqua	MORPH=empty
enor	onor	NOMcom	MORPH=empty
.	.	PONfrt	MORPH=empty
Leanz	laienz	ADVgen	MORPH=empty
avoit	avoir	VERcjg	MORPH=empty
.i.	un	DETndf	MORPH=empty
luminaire	luminaire	NOMcom	MORPH=empty
si	si	ADVgen	MORPH=empty
grant	grant	ADJqua	MORPH=empty
con	come1	CONsub	MORPH=empty
l'	le	DETdef	MORPH=empty
an	on	PROind	MORPH=empty
le	il	PROper	MORPH=empty
porroit	pöoir	VERcjg	MORPH=empty
faire	faire	VERinf	MORPH=empty
de	de	PRE	MORPH=empty
chandoiles	chandoile	NOMcom	MORPH=empty
an	en1	PRE	MORPH=empty
.i.	un	DETndf	MORPH=empty
ostel	ostel	NOMcom	MORPH=empty
.	.	PONfrt	MORPH=empty
Quequ'	que_que	PROrel	MORPH=empty
il	il	PROper	MORPH=empty
parloient	parler	VERcjg	MORPH=empty
d'	de	PRE	MORPH=empty
un	un	PROind	MORPH=empty
et	et	CONcoo	MORPH=empty
d'	de	PRE	MORPH=empty
el	el1	PROind	MORPH=empty
,	,	PONfbl	MORPH=empty
uns	un	DETndf	MORPH=empty
vaslez	vaslet	NOMcom	MORPH=empty
d'	de	PRE	MORPH=empty
une	un	DETndf	MORPH=empty
chanbre	chambre1	NOMcom	MORPH=empty
vint	venir	VERcjg	MORPH=empty
,	,	PONfbl	MORPH=empty
qui	qui	PROrel	MORPH=empty
une	un	DETndf	MORPH=empty
blanche	blanc	ADJqua	MORPH=empty
lance	lance	NOMcom	MORPH=empty
tint	tenir1	VERcjg	MORPH=empty
anpoigniee	empoignier	VERppe	MORPH=empty
par	par	PRE	MORPH=empty
le	le	DETdef	MORPH=empty
mileu	milieu	NOMcom	MORPH=empty
,	,	PONfbl	MORPH=empty
si	si	ADVgen	MORPH=empty
passe	passer1	VERcjg	MORPH=empty
par	par	PRE	MORPH=empty
delez	dalez	PRE	MORPH=empty
le	le	DETdef	MORPH=empty
feu	feu	NOMcom	MORPH=empty
de	de	PRE	MORPH=empty
ces	ce2	PROdem	MORPH=empty
qui	qui	PROrel	MORPH=empty
leanz	laienz	ADVgen	MORPH=empty
se	soi1	PROper	MORPH=empty
seoient	sëoir	VERcjg	MORPH=empty
;	;	PONfbl	MORPH=empty
et	et	CONcoo	MORPH=empty
tuit	tot	DETind	MORPH=empty
cil	cel	PROdem	MORPH=empty
de	de	PRE	MORPH=empty
leanz	laienz	ADVgen	MORPH=empty
veoient	vëoir	VERcjg	MORPH=empty
la	le	DETdef	MORPH=empty
lance	lance	NOMcom	MORPH=empty
blanche	blanc	ADJqua	MORPH=empty
et	et	CONcoo	MORPH=empty
le	le	DETdef	MORPH=empty
fer	fer	NOMcom	MORPH=empty
blanc	blanc	ADJqua	MORPH=empty
,	,	PONfbl	MORPH=empty
s'	si	ADVgen	MORPH=empty
issoit	issir	VERcjg	MORPH=empty
une	un	DETndf	MORPH=empty
gote	gote	NOMcom	MORPH=empty
de	de	PRE	MORPH=empty
sanc	sanc	NOMcom	MORPH=empty
del	de+le	PRE.DETdef	MORPH=empty
fer	fer	NOMcom	MORPH=empty
de	de	PRE	MORPH=empty
la	le	DETdef	MORPH=empty
lance	lance	NOMcom	MORPH=empty
an	en1	PRE	MORPH=empty
somet	somet	NOMcom	MORPH=empty
et	et	CONcoo	MORPH=empty
jusqu'	jusque	PRE	MORPH=empty
a	a3	PRE	MORPH=empty
la	le	DETdef	MORPH=empty
main	main2	NOMcom	MORPH=empty
au	a3+le	PRE.DETdef	MORPH=empty
vaslet	vaslet	NOMcom	MORPH=empty
coloit	coler1	VERcjg	MORPH=empty
cele	cel	DETdem	MORPH=empty
gote	gote	NOMcom	MORPH=empty
vermoille	vermeil1	ADJqua	MORPH=empty
.	.	PONfrt	MORPH=empty
Li	le	DETdef	MORPH=empty
vaslez	vaslet	NOMcom	MORPH=empty
vit	vëoir	VERcjg	MORPH=empty
cele	cel	DETdem	MORPH=empty
mervoille	merveille	NOMcom	MORPH=empty
,	,	PONfbl	MORPH=empty
qui	qui	PROrel	MORPH=empty
leanz	laienz	ADVgen	MORPH=empty
est	estre1	VERcjg	MORPH=empty
la	le	DETdef	MORPH=empty
nuit	nuit	NOMcom	MORPH=empty
venuz	venir	VERppe	MORPH=empty
;	;	PONfbl	MORPH=empty
si	si	ADVgen	MORPH=empty
s'	soi1	PROper	MORPH=empty
est	estre1	VERcjg	MORPH=empty
de	de	PRE	MORPH=empty
demander	demander	VERinf	MORPH=empty
tenuz	tenir1	VERppe	MORPH=empty
comant	coment1	ADVsub	MORPH=empty
cele	cel	DETdem	MORPH=empty
chose	chose	NOMcom	MORPH=empty
avenoit	avenant	VERcjg	MORPH=empty
,	,	PONfbl	MORPH=empty
que	que4	CONcoo	MORPH=empty
del	de+le	PRE.DETdef	MORPH=empty
chasti	chasti	NOMcom	MORPH=empty
li	il	PROper	MORPH=empty
sovenoit	sovenir	VERcjg	MORPH=empty
celui	cel	PROdem	MORPH=empty
qui	qui	PROrel	MORPH=empty
chevalier	chevalier	NOMcom	MORPH=empty
le	il	PROper	MORPH=empty
fist	faire	VERcjg	MORPH=empty
,	,	PONfbl	MORPH=empty
qui	qui	PROrel	MORPH=empty
li	il	PROper	MORPH=empty
anseigna	enseignier	VERcjg	MORPH=empty
et	et	CONcoo	MORPH=empty
aprist	aprendre	VERcjg	MORPH=empty
que	que4	CONsub	MORPH=empty
de	de	PRE	MORPH=empty
trop	trop	ADVgen	MORPH=empty
parler	parler	VERinf	MORPH=empty
se	soi1	PROper	MORPH=empty
gardast	garder	VERcjg	MORPH=empty
;	;	PONfbl	MORPH=empty
si	si	ADVgen	MORPH=empty
crient	criembre	VERcjg	MORPH=empty
que	que4	CONsub	MORPH=empty
,	,	PONfbl	MORPH=empty
s'	se	CONsub	MORPH=empty
il	il	PROper	MORPH=empty
li	il	PROper	MORPH=empty
demandast	demander	VERcjg	MORPH=empty
,	,	PONfbl	MORPH=empty
qu'	que4	CONsub	MORPH=empty
an	on	PROind	MORPH=empty
li	il	PROper	MORPH=empty
tornast	torner	VERcjg	MORPH=empty
a	a3	PRE	MORPH=empty
vilenie	vilenie	NOMcom	MORPH=empty
,	,	PONfbl	MORPH=empty
et	et	CONcoo	MORPH=empty
por	por2	PRE	MORPH=empty
ce	ce1	PROdem	MORPH=empty
n'	ne1	ADVneg	MORPH=empty
an	en2	PROadv	MORPH=empty
demanda	demander	VERcjg	MORPH=empty
mie	mie	ADVneg	MORPH=empty
.	.	PONfrt	MORPH=empty
Et	et	CONcoo	MORPH=empty
lors	lors	ADVgen	MORPH=empty
dui	deus	DETcar	MORPH=empty
autre	autre	ADJind	MORPH=empty
vaslet	vaslet	NOMcom	MORPH=empty
vindrent	venir	VERcjg	MORPH=empty
,	,	PONfbl	MORPH=empty
qui	qui	PROrel	MORPH=empty
chandeliers	chandelier1	NOMcom	MORPH=empty
an	en1	PRE	MORPH=empty
lor	lor2	DETpos	MORPH=empty
mains	main2	NOMcom	MORPH=empty
tindrent	tenir1	VERcjg	MORPH=empty
,	,	PONfbl	MORPH=empty
de	de	PRE	MORPH=empty
fin	fin2	ADJqua	MORPH=empty
or	or1	NOMcom	MORPH=empty
,	,	PONfbl	MORPH=empty
ovrez	ovrer	VERppe	MORPH=empty
a	a3	PRE	MORPH=empty
neel	nëel1	NOMcom	MORPH=empty
.	.	PONfrt	MORPH=empty
Li	le	DETdef	MORPH=empty
vaslet	vaslet	NOMcom	MORPH=empty
estoient	estre1	VERcjg	MORPH=empty
mout	mout	ADVgen	MORPH=empty
bel	bel1	ADJqua	MORPH=empty
,	,	PONfbl	MORPH=empty
cil	cel	PROdem	MORPH=empty
qui	qui	PROrel	MORPH=empty
les	le	DETdef	MORPH=empty
chandeliers	chandelier1	NOMcom	MORPH=empty
portoient	porter	VERcjg	MORPH=empty
.	.	PONfrt	MORPH=empty
An	en1	PRE	MORPH=empty
chascun	chascun	DETind	MORPH=empty
chandelier	chandelier1	NOMcom	MORPH=empty
ardoient	ardre	VERcjg	MORPH=empty
.x.	10	DETcar	MORPH=empty
chandoiles	chandoile	NOMcom	MORPH=empty
a	a3	PRE	MORPH=empty
tot	tot	DETind	MORPH=empty
le	le	DETdef	MORPH=empty
mains	moins	ADVgen	MORPH=empty
.	.	PONfrt	MORPH=empty
.I.	un	DETndf	MORPH=empty
graal	gräal	NOMcom	MORPH=empty
antre	entre	PRE	MORPH=empty
ses	son4	DETpos	MORPH=empty
.ii.	2	ADJcar	MORPH=empty
mains	main2	NOMcom	MORPH=empty
une	un	DETndf	MORPH=empty
dameisele	damoisele	NOMcom	MORPH=empty
tenoit	tenir1	VERcjg	MORPH=empty
et	et	CONcoo	MORPH=empty
avoec	avuec	PRE	MORPH=empty
les	le	DETdef	MORPH=empty
vaslez	vaslet	NOMcom	MORPH=empty
venoit	venir	VERcjg	MORPH=empty
,	,	PONfbl	MORPH=empty
bele	bel1	ADJqua	MORPH=empty
et	et	CONcoo	MORPH=empty
jointe	joindre	VERppe	MORPH=empty
et	et	CONcoo	MORPH=empty
bien	bien1	ADVgen	MORPH=empty
acesmee	acesmer	VERppe	MORPH=empty
.	.	PONfrt	MORPH=empty
Qant	cant1	CONsub	MORPH=empty
ele	il	PROper	MORPH=empty
fu	estre1	VERcjg	MORPH=empty
leanz	laienz	ADVgen	MORPH=empty
antree	entrer	VERppe	MORPH=empty
atot	atot	PRE	MORPH=empty
le	le	DETdef	MORPH=empty
graal	gräal	NOMcom	MORPH=empty
qu'	que2	PROrel	MORPH=empty
ele	il	PROper	MORPH=empty
tint	tenir1	VERcjg	MORPH=empty
,	,	PONfbl	MORPH=empty
une	un	DETndf	MORPH=empty
si	si	ADVgen	MORPH=empty
granz	grant	ADJqua	MORPH=empty
clartez	clarté	NOMcom	MORPH=empty
an	en2	PROadv	MORPH=empty
vint	venir	VERcjg	MORPH=empty
,	,	PONfbl	MORPH=empty
ausi	aussi	ADVgen	MORPH=empty
perdirent	perdre	VERcjg	MORPH=empty
les	le	DETdef	MORPH=empty
chandoiles	chandoile	NOMcom	MORPH=empty
lor	lor2	DETpos	MORPH=empty
clarté	clarté	NOMcom	MORPH=empty
come	come1	CONsub	MORPH=empty
les	le	DETdef	MORPH=empty
estoiles	estoile	NOMcom	MORPH=empty
qant	cant1	CONsub	MORPH=empty
li	le	DETdef	MORPH=empty
solauz	soleil	NOMcom	MORPH=empty
lieve	lever	VERcjg	MORPH=empty
et	et	CONcoo	MORPH=empty
la	le	DETdef	MORPH=empty
lune	lune	NOMcom	MORPH=empty
.	.	PONfrt	MORPH=empty
Aprés	après	PRE	MORPH=empty
celi	cel	PROdem	MORPH=empty
an	en2	PROadv	MORPH=empty
revint	revenir	VERcjg	MORPH=empty
une	un	PROind	MORPH=empty
qui	qui	PROrel	MORPH=empty
tint	tenir1	VERcjg	MORPH=empty
.i.	un	DETndf	MORPH=empty
tailleor	taillëoir	NOMcom	MORPH=empty
d'	de	PRE	MORPH=empty
argent	argent	NOMcom	MORPH=empty
.	.	PONfrt	MORPH=empty
Le	le	DETdef	MORPH=empty
graal	gräal	NOMcom	MORPH=empty
,	,	PONfbl	MORPH=empty
qui	qui	PROrel	MORPH=empty
aloit	aler	VERcjg	MORPH=empty
devant	devant	ADVgen	MORPH=empty
,	,	PONfbl	MORPH=empty
de	de	PRE	MORPH=empty
fin	fin2	ADJqua	MORPH=empty
or	or1	NOMcom	MORPH=empty
esmeré	esmerer	VERppe	MORPH=empty
estoit	estre1	VERcjg	MORPH=empty
;	;	PONfbl	MORPH=empty
pierres	piere	NOMcom	MORPH=empty
precieuses	precïos	ADJqua	MORPH=empty
avoit	avoir	VERcjg	MORPH=empty
el	en1+le	PRE.DETdef	MORPH=empty
graal	gräal	NOMcom	MORPH=empty
de	de	PRE	MORPH=empty
maintes	maint	DETind	MORPH=empty
menieres	maniere	NOMcom	MORPH=empty
,	,	PONfbl	MORPH=empty
des	de+le	PRE.DETdef	MORPH=empty
plus	plus	ADVgen	MORPH=empty
riches	riche	ADJqua	MORPH=empty
et	et	CONcoo	MORPH=empty
des	de+le	PRE.DETdef	MORPH=empty
plus	plus	ADVgen	MORPH=empty
chieres	chier	ADJqua	MORPH=empty
qui	qui	PROrel	MORPH=empty
an	en1	PRE	MORPH=empty
mer	mer	NOMcom	MORPH=empty
ne	ne2	CONcoo	MORPH=empty
an	en1	PRE	MORPH=empty
terre	terre	NOMcom	MORPH=empty
soient	estre1	VERcjg	MORPH=empty
;	;	PONfbl	MORPH=empty
totes	tot	DETind	MORPH=empty
autres	autre	ADJind	MORPH=empty
pierres	piere	NOMcom	MORPH=empty
valoient	valoir	VERcjg	MORPH=empty
celes	cel	PROdem	MORPH=empty
del	de+le	PRE.DETdef	MORPH=empty
graal	gräal	NOMcom	MORPH=empty
sanz	sans	PRE	MORPH=empty
dotance	dotance	NOMcom	MORPH=empty
.	.	PONfrt	MORPH=empty
Tot	tot	ADVgen	MORPH=empty
autresi	autresi	ADVgen	MORPH=empty
con	come1	CONsub	MORPH=empty
de	de	PRE	MORPH=empty
la	le	DETdef	MORPH=empty
lance	lance	NOMcom	MORPH=empty
par	par	PRE	MORPH=empty
de	de	PRE	MORPH=empty
devant	devant	PRE	MORPH=empty
lui	il	PROper	MORPH=empty
trespasserent	trespasser	VERcjg	MORPH=empty
et	et	CONcoo	MORPH=empty
d'	de	PRE	MORPH=empty
une	un	DETndf	MORPH=empty
chanbre	chambre1	NOMcom	MORPH=empty
an	en1	PRE	MORPH=empty
autre	autre	PROind	MORPH=empty
alerent	aler	VERcjg	MORPH=empty
.	.	PONfrt	MORPH=empty
Et	et	CONcoo	MORPH=empty
li	le	DETdef	MORPH=empty
vaslez	vaslet	NOMcom	MORPH=empty
les	il	PROper	MORPH=empty
vit	vëoir	VERcjg	MORPH=empty
passer	passer1	VERinf	MORPH=empty
et	et	CONcoo	MORPH=empty
n'	ne1	ADVneg	MORPH=empty
osa	oser	VERcjg	MORPH=empty
mie	mie	ADVneg	MORPH=empty
demander	demander	VERinf	MORPH=empty
del	de+le	PRE.DETdef	MORPH=empty
graal	gräal	NOMcom	MORPH=empty
cui	cui	PROrel	MORPH=empty
l'	le	DETdef	MORPH=empty
an	on	PROind	MORPH=empty
an	en2	PROadv	MORPH=empty
servoit	servir	VERcjg	MORPH=empty
,	,	PONfbl	MORPH=empty
que	que4	CONcoo	MORPH=empty
il	il	PROper	MORPH=empty
toz	tot	DETind	MORPH=empty
jorz	jor	NOMcom	MORPH=empty
el	en1+le	PRE.DETdef	MORPH=empty
cuer	cuer2	NOMcom	MORPH=empty
avoit	avoir	VERcjg	MORPH=empty
la	le	DETdef	MORPH=empty
parole	parole	NOMcom	MORPH=empty
au	a3+le	PRE.DETdef	MORPH=empty
prodome	pro	NOMcom	MORPH=empty
sage	sage	ADJqua	MORPH=empty
.	.	PONfrt	MORPH=empty
Se	si	ADVgen	MORPH=empty
criem	criembre	VERcjg	MORPH=empty
que	que4	CONsub	MORPH=empty
il	il	PROimp	MORPH=empty
n'	ne1	ADVneg	MORPH=empty
i	i2	PROadv	MORPH=empty
ait	avoir	VERcjg	MORPH=empty
domage	damage	NOMcom	MORPH=empty
,	,	PONfbl	MORPH=empty
que	que4	CONcoo	MORPH=empty
j'	je	PROper	MORPH=empty
ai	avoir	VERcjg	MORPH=empty
oï	öir	VERppe	MORPH=empty
sovant	sovent	ADVgen	MORPH=empty
retraire	retraire	VERinf	MORPH=empty
que	que4	CONsub	MORPH=empty
ausi	aussi	ADVgen	MORPH=empty
se	soi1	PROper	MORPH=empty
puet	pöoir	VERcjg	MORPH=empty
an	on	PROind	MORPH=empty
trop	trop	ADVgen	MORPH=empty
taire	taire	VERinf	MORPH=empty
con	come1	CONsub	MORPH=empty
trop	trop	ADVgen	MORPH=empty
parler	parler	VERinf	MORPH=empty
,	,	PONfbl	MORPH=empty
a	a3	PRE	MORPH=empty
la	le	DETdef	MORPH=empty
foiee	foiiee	NOMcom	MORPH=empty
.	.	PONfrt	MORPH=empty
Bien	bien1	ADVgen	MORPH=empty
li	il	PROper	MORPH=empty
an	en2	PROadv	MORPH=empty
praingne	prendre	VERcjg	MORPH=empty
ou	o3	CONcoo	MORPH=empty
mal	mal1	ADJqua	MORPH=empty
l'	il	PROper	MORPH=empty
an	en2	PROadv	MORPH=empty
chiee	chëoir	VERcjg	MORPH=empty
,	,	PONfbl	MORPH=empty
ne	ne1	ADVneg	MORPH=empty
lor	il	PROper	MORPH=empty
anquiert	enquerre	VERcjg	MORPH=empty
ne	ne2	CONcoo	MORPH=empty
ne	ne1	ADVneg	MORPH=empty
demande	demander	VERcjg	MORPH=empty
.	.	PONfrt	MORPH=empty
Li	le	DETdef	MORPH=empty
sires	seignor	NOMcom	MORPH=empty
au	a3+le	PRE.DETdef	MORPH=empty
vaslet	vaslet	NOMcom	MORPH=empty
comande	comander	VERcjg	MORPH=empty
l'	le	DETdef	MORPH=empty
eve	aigue	NOMcom	MORPH=empty
doner	doner	VERinf	MORPH=empty
et	et	CONcoo	MORPH=empty
napes	nape	NOMcom	MORPH=empty
traire	traire	VERinf	MORPH=empty
.	.	PONfrt	MORPH=empty
Cil	cel	PROdem	MORPH=empty
le	il	PROper	MORPH=empty
font	faire	VERcjg	MORPH=empty
qui	qui	PROrel	MORPH=empty
le	il	PROper	MORPH=empty
doivent	devoir	VERcjg	MORPH=empty
faire	faire	VERinf	MORPH=empty
et	et	CONcoo	MORPH=empty
qui	qui	PROrel	MORPH=empty
acostumé	acostumer	VERppe	MORPH=empty
l'	il	PROper	MORPH=empty
avoient	avoir	VERcjg	MORPH=empty
.	.	PONfrt	MORPH=empty
Li	le	DETdef	MORPH=empty
sire	seignor	NOMcom	MORPH=empty
et	et	CONcoo	MORPH=empty
li	le	DETdef	MORPH=empty
vaslez	vaslet	NOMcom	MORPH=empty
lavoient	laver	VERcjg	MORPH=empty
lor	lor2	DETpos	MORPH=empty
mains	main2	NOMcom	MORPH=empty
d'	de	PRE	MORPH=empty
eve	aigue	NOMcom	MORPH=empty
chaude	chaut	ADJqua	MORPH=empty
tempree	temprer	VERppe	MORPH=empty
,	,	PONfbl	MORPH=empty
et	et	CONcoo	MORPH=empty
dui	deus	DETcar	MORPH=empty
vaslet	vaslet	NOMcom	MORPH=empty
ont	avoir	VERcjg	MORPH=empty
aportee	aporter	VERppe	MORPH=empty
une	un	DETndf	MORPH=empty
lee	lé	ADJqua	MORPH=empty
table	table	NOMcom	MORPH=empty
d'	de	PRE	MORPH=empty
ivoire	ivoire	NOMcom	MORPH=empty
.	.	PONfrt	MORPH=empty
Ensi	ainsi	ADVgen	MORPH=empty
con	come1	CONsub	MORPH=empty
reconte	reconter	VERcjg	MORPH=empty
l'	le	DETdef	MORPH=empty
estoire	estoire1	NOMcom	MORPH=empty
,	,	PONfbl	MORPH=empty
ele	il	PROper	MORPH=empty
estoit	estre1	VERcjg	MORPH=empty
tote	tot	ADVgen	MORPH=empty
d'	de	PRE	MORPH=empty
une	un	DETndf	MORPH=empty
piece	piece	NOMcom	MORPH=empty
.	.	PONfrt	MORPH=empty
Devant	devant	PRE	MORPH=empty
le	le	DETdef	MORPH=empty
seignor	seignor	NOMcom	MORPH=empty
une	un	DETndf	MORPH=empty
piece	piece	NOMcom	MORPH=empty
,	,	PONfbl	MORPH=empty
et	et	CONcoo	MORPH=empty
devant	devant	PRE	MORPH=empty
le	le	DETdef	MORPH=empty
vaslet	vaslet	NOMcom	MORPH=empty
,	,	PONfbl	MORPH=empty
la	il	PROper	MORPH=empty
tindrent	tenir1	VERcjg	MORPH=empty
.	.	PONfrt	MORPH=empty
Atant	atant	ADVgen	MORPH=empty
dui	deus	DETcar	MORPH=empty
autre	autre	ADJind	MORPH=empty
vaslet	vaslet	NOMcom	MORPH=empty
vindrent	venir	VERcjg	MORPH=empty
qui	qui	PROrel	MORPH=empty
aporterent	aporter	VERcjg	MORPH=empty
.ii.	2	DETcar	MORPH=empty
eschaces	eschace	NOMcom	MORPH=empty
,	,	PONfbl	MORPH=empty
don	dont	PROrel	MORPH=empty
li	le	DETdef	MORPH=empty
fuz	fust1	NOMcom	MORPH=empty
a	avoir	VERcjg	MORPH=empty
.ii.	2	DETcar	MORPH=empty
bones	bon	ADJqua	MORPH=empty
graces	grace	NOMcom	MORPH=empty
don	dont	PROrel	MORPH=empty
les	le	DETdef	MORPH=empty
eschaces	eschace	NOMcom	MORPH=empty
fetes	faire	VERppe	MORPH=empty
furent	estre1	VERcjg	MORPH=empty
,	,	PONfbl	MORPH=empty
que	que4	CONsub	MORPH=empty
les	le	DETdef	MORPH=empty
pieces	piece	NOMcom	MORPH=empty
toz	tot	DETind	MORPH=empty
jorz	jor	NOMcom	MORPH=empty
an	en2	PROadv	MORPH=empty
durent	durer	VERcjg	MORPH=empty
.	.	PONfrt	MORPH=empty
Don	donc	ADVgen	MORPH=empty
furent	estre1	VERcjg	MORPH=empty
eles	il	PROper	MORPH=empty
d'	de	PRE	MORPH=empty
ebenus	ebenus	NOMcom	MORPH=empty
:	:	PONfbl	MORPH=empty
de	de	PRE	MORPH=empty
celui	cel	DETdem	MORPH=empty
fust	fust1	NOMcom	MORPH=empty
ne	ne1	ADVneg	MORPH=empty
dot	doter2	VERcjg	MORPH=empty
ja	ja	ADVgen	MORPH=empty
nus	nul	PROind	MORPH=empty
que	que4	CONsub	MORPH=empty
il	il	PROper	MORPH=empty
porrisse	porrir	VERcjg	MORPH=empty
ne	ne2	CONcoo	MORPH=empty
qu'	que4	CONsub	MORPH=empty
il	il	PROper	MORPH=empty
arde	ardre	VERcjg	MORPH=empty
,	,	PONfbl	MORPH=empty
de	de	PRE	MORPH=empty
ces	ce2	DETdem	MORPH=empty
.ii.	2	ADJcar	MORPH=empty
choses	chose	NOMcom	MORPH=empty
n'	ne1	ADVneg	MORPH=empty
a	avoir	VERcjg	MORPH=empty
il	il	PROper	MORPH=empty
garde	garde	NOMcom	MORPH=empty
.	.	PONfrt	MORPH=empty
Sor	sor2	PRE	MORPH=empty
ces	ce2	DETdem	MORPH=empty
eschaces	eschace	NOMcom	MORPH=empty
fu	estre1	VERcjg	MORPH=empty
asise	asseoir	VERppe	MORPH=empty
la	le	DETdef	MORPH=empty
table	table	NOMcom	MORPH=empty
,	,	PONfbl	MORPH=empty
et	et	CONcoo	MORPH=empty
la	le	DETdef	MORPH=empty
nape	nape	NOMcom	MORPH=empty
sus	sus	ADVgen	MORPH=empty
mise	metre2	VERppe	MORPH=empty
.	.	PONfrt	MORPH=empty
Ce	ce1	PROdem	MORPH=empty
que	que2	PROrel	MORPH=empty
diroie	dire	VERcjg	MORPH=empty
de	de	PRE	MORPH=empty
la	le	DETdef	MORPH=empty
nape	nape	NOMcom	MORPH=empty
,	,	PONfbl	MORPH=empty
legaz	legat1	NOMcom	MORPH=empty
ne	ne2	CONcoo	MORPH=empty
chardonax	chardenal	NOMcom	MORPH=empty
ne	ne2	CONcoo	MORPH=empty
pape	pape	NOMcom	MORPH=empty
ne	ne1	ADVneg	MORPH=empty
manja	mangier	VERcjg	MORPH=empty
onques	onque	ADVgen	MORPH=empty
sor	sor2	PRE	MORPH=empty
si	si	ADVgen	MORPH=empty
blanche	blanc	ADJqua	MORPH=empty
.	.	PONfrt	MORPH=empty
Li	le	DETdef	MORPH=empty
premiers	premier	ADJord	MORPH=empty
mes	mes4	NOMcom	MORPH=empty
fu	estre1	VERcjg	MORPH=empty
d'	de	PRE	MORPH=empty
une	un	DETndf	MORPH=empty
hanche	hanche	NOMcom	MORPH=empty
de	de	PRE	MORPH=empty
cerf	cerf	NOMcom	MORPH=empty
an	en1	PRE	MORPH=empty
gresse	craisse	NOMcom	MORPH=empty
au	a3+le	PRE.DETdef	MORPH=empty
poivre	poivre	NOMcom	MORPH=empty
chaut	chaut	ADJqua	MORPH=empty
.	.	PONfrt	MORPH=empty
Vins	vin	NOMcom	MORPH=empty
clers	cler	ADJqua	MORPH=empty
ne	ne2	CONcoo	MORPH=empty
raspez	rapé	ADJqua	MORPH=empty
ne	ne1	ADVneg	MORPH=empty
lor	il	PROper	MORPH=empty
faut	falir	VERcjg	MORPH=empty
,	,	PONfbl	MORPH=empty
a	a3	PRE	MORPH=empty
cope	cope1	NOMcom	MORPH=empty
d'	de	PRE	MORPH=empty
or	or1	NOMcom	MORPH=empty
,	,	PONfbl	MORPH=empty
sovant	sovent	ADVgen	MORPH=empty
a	a3	PRE	MORPH=empty
boivre	boivre	VERinf	MORPH=empty
.	.	PONfrt	MORPH=empty
De	de	PRE	MORPH=empty
la	le	DETdef	MORPH=empty
hanche	hanche	NOMcom	MORPH=empty
de	de	PRE	MORPH=empty
cerf	cerf	NOMcom	MORPH=empty
au	a3+le	PRE.DETdef	MORPH=empty
poivre	poivre	NOMcom	MORPH=empty
devant	devant	PRE	MORPH=empty
ax	il	PROper	MORPH=empty
uns	un	DETndf	MORPH=empty
vaslez	vaslet	NOMcom	MORPH=empty
trancha	trenchier1	VERcjg	MORPH=empty
,	,	PONfbl	MORPH=empty
qui	qui	PROrel	MORPH=empty
de	de	PRE	MORPH=empty
devant	devant	PRE	MORPH=empty
lui	il	PROper	MORPH=empty
treite	traire	VERppe	MORPH=empty
l'	il	PROper	MORPH=empty
a	avoir	VERcjg	MORPH=empty
atot	atot	PRE	MORPH=empty
le	le	DETdef	MORPH=empty
tailleor	taillëoir	NOMcom	MORPH=empty
d'	de	PRE	MORPH=empty
argent	argent	NOMcom	MORPH=empty
,	,	PONfbl	MORPH=empty
et	et	CONcoo	MORPH=empty
les	le	DETdef	MORPH=empty
morsiax	morsel	NOMcom	MORPH=empty
lor	il	PROper	MORPH=empty
met	metre2	VERcjg	MORPH=empty
devant	devant	ADVgen	MORPH=empty
sor	sor2	PRE	MORPH=empty
.i.	un	DETndf	MORPH=empty
gastel	gastel	NOMcom	MORPH=empty
qui	qui	PROrel	MORPH=empty
fu	estre1	VERcjg	MORPH=empty
antiers	entier	ADJqua	MORPH=empty
.	.	PONfrt	MORPH=empty
Et	et	CONcoo	MORPH=empty
li	le	DETdef	MORPH=empty
graax	gräal	NOMcom	MORPH=empty
andemantiers	endementieres	ADVgen	MORPH=empty
par	par	PRE	MORPH=empty
devant	devant	PRE	MORPH=empty
ax	il	PROper	MORPH=empty
retrespassa	retrespasser	VERcjg	MORPH=empty
,	,	PONfbl	MORPH=empty
et	et	CONcoo	MORPH=empty
li	le	DETdef	MORPH=empty
vaslez	vaslet	NOMcom	MORPH=empty
ne	ne1	ADVneg	MORPH=empty
demanda	demander	VERcjg	MORPH=empty
del	de+le	PRE.DETdef	MORPH=empty
graal	gräal	NOMcom	MORPH=empty
cui	cui	PROrel	MORPH=empty
l'	le	DETdef	MORPH=empty
an	on	PROind	MORPH=empty
an	en2	PROadv	MORPH=empty
servoit	servir	VERcjg	MORPH=empty
.	.	PONfrt	MORPH=empty
Por	por2	PRE	MORPH=empty
le	le	DETdef	MORPH=empty
prodome	pro	NOMcom	MORPH=empty
se	soi1	PROper	MORPH=empty
dotoit	doter2	VERcjg	MORPH=empty
,	,	PONfbl	MORPH=empty
qui	qui	PROrel	MORPH=empty
dolcemant	doucement	ADVgen	MORPH=empty
le	il	PROper	MORPH=empty
chastia	chastiier	VERcjg	MORPH=empty
de	de	PRE	MORPH=empty
trop	trop	ADVgen	MORPH=empty
parler	parler	VERinf	MORPH=empty
,	,	PONfbl	MORPH=empty
et	et	CONcoo	MORPH=empty
il	il	PROimp	MORPH=empty
i	i2	PROadv	MORPH=empty
a	avoir	VERcjg	MORPH=empty
toz	tot	DETind	MORPH=empty
jorz	jor	NOMcom	MORPH=empty
son	son4	DETpos	MORPH=empty
cuer	cuer2	NOMcom	MORPH=empty
,	,	PONfbl	MORPH=empty
si	si	ADVgen	MORPH=empty
l'	il	PROper	MORPH=empty
an	en2	PROadv	MORPH=empty
sovient	sovenir	VERcjg	MORPH=empty
.	.	PONfrt	MORPH=empty
Mes	mais1	CONcoo	MORPH=empty
plus	plus	ADVgen	MORPH=empty
se	soi1	PROper	MORPH=empty
test	taire	VERcjg	MORPH=empty
qu'	que1	CONsub	MORPH=empty
il	il	PROimp	MORPH=empty
ne	ne1	ADVneg	MORPH=empty
covient	covenir	VERcjg	MORPH=empty
.	.	PONfrt	MORPH=empty
A	a3	PRE	MORPH=empty
chascun	chascun	ADJind	MORPH=empty
mes	mes4	NOMcom	MORPH=empty
don	dont	PROrel	MORPH=empty
l'	le	DETdef	MORPH=empty
an	on	PROind	MORPH=empty
servoit	servir	VERcjg	MORPH=empty
le	le	DETdef	MORPH=empty
graal	gräal	NOMcom	MORPH=empty
trespasser	trespasser	VERinf	MORPH=empty
veoit	vëoir	VERcjg	MORPH=empty
par	par	PRE	MORPH=empty
devant	devant	PRE	MORPH=empty
lui	il	PROper	MORPH=empty
tot	tot	ADVgen	MORPH=empty
descovert	descovrir	VERppe	MORPH=empty
,	,	PONfbl	MORPH=empty
et	et	CONcoo	MORPH=empty
si	si	ADVgen	MORPH=empty
ne	ne1	ADVneg	MORPH=empty
set	savoir	VERcjg	MORPH=empty
cui	cui	PROrel	MORPH=empty
l'	le	DETdef	MORPH=empty
an	on	PROind	MORPH=empty
an	en2	PROadv	MORPH=empty
sert	servir	VERcjg	MORPH=empty
.	.	PONfrt	MORPH=empty
Et	et	CONcoo	MORPH=empty
si	si	ADVgen	MORPH=empty
le	il	PROper	MORPH=empty
voldroit	voloir	VERcjg	MORPH=empty
il	il	PROper	MORPH=empty
savoir	savoir	VERinf	MORPH=empty
,	,	PONfbl	MORPH=empty
mes	mais1	CONcoo	MORPH=empty
il	il	PROper	MORPH=empty
le	il	PROper	MORPH=empty
demandera	demander	VERcjg	MORPH=empty
voir	voir	ADVgen	MORPH=empty
,	,	PONfbl	MORPH=empty
ce	ce1	PROdem	MORPH=empty
dit	dire	VERcjg	MORPH=empty
il	il	PROper	MORPH=empty
,	,	PONfbl	MORPH=empty
ainz	ainz	ADVgen	MORPH=empty
que	que4	CONsub	MORPH=empty
il	il	PROper	MORPH=empty
s'	soi1	PROper	MORPH=empty
an	en2	PROadv	MORPH=empty
tort	torner	VERcjg	MORPH=empty
,	,	PONfbl	MORPH=empty
a	a3	PRE	MORPH=empty
un	un	PROind	MORPH=empty
des	de+le	PRE.DETdef	MORPH=empty
vaslez	vaslet	NOMcom	MORPH=empty
de	de	PRE	MORPH=empty
la	le	DETdef	MORPH=empty
cort	cort1	NOMcom	MORPH=empty
;	;	PONfbl	MORPH=empty
mes	mais1	CONcoo	MORPH=empty
jusqu'	jusque	PRE	MORPH=empty
au	a3+le	PRE.DETdef	MORPH=empty
matin	matin2	NOMcom	MORPH=empty
atandra	atendre	VERcjg	MORPH=empty
,	,	PONfbl	MORPH=empty
que	que2	PROrel	MORPH=empty
au	a3+le	PRE.DETdef	MORPH=empty
seignor	seignor	NOMcom	MORPH=empty
congié	congié	NOMcom	MORPH=empty
prandra	prendre	VERcjg	MORPH=empty
et	et	CONcoo	MORPH=empty
a	a3	PRE	MORPH=empty
tote	tot	DETind	MORPH=empty
l'	le	DETdef	MORPH=empty
autre	autre	ADJind	MORPH=empty
mesniee	maisniee	NOMcom	MORPH=empty
.	.	PONfrt	MORPH=empty
Ensi	ainsi	ADVgen	MORPH=empty
la	le	DETdef	MORPH=empty
chose	chose	NOMcom	MORPH=empty
est	estre1	VERcjg	MORPH=empty
respitiee	respitier	VERppe	MORPH=empty
,	,	PONfbl	MORPH=empty
s'	si	ADVgen	MORPH=empty
antant	entendre	VERcjg	MORPH=empty
a	a3	PRE	MORPH=empty
boivre	boivre	VERinf	MORPH=empty
et	et	CONcoo	MORPH=empty
a	a3	PRE	MORPH=empty
mangier	mangier	VERinf	MORPH=empty
.	.	PONfrt	MORPH=empty
L'	le	DETdef	MORPH=empty
an	on	PROind	MORPH=empty
n'	ne1	ADVneg	MORPH=empty
aporte	aporter	VERcjg	MORPH=empty
mie	mie	ADVneg	MORPH=empty
a	a3	PRE	MORPH=empty
dongier	dangier	NOMcom	MORPH=empty
les	le	DETdef	MORPH=empty
mes	mes4	NOMcom	MORPH=empty
et	et	CONcoo	MORPH=empty
le	le	DETdef	MORPH=empty
vin	vin	NOMcom	MORPH=empty
a	a3	PRE	MORPH=empty
la	le	DETdef	MORPH=empty
table	table	NOMcom	MORPH=empty
,	,	PONfbl	MORPH=empty
einz	ainz	ADVgen	MORPH=empty
sont	estre1	VERcjg	MORPH=empty
pleisant	plaire	VERppa	MORPH=empty
et	et	CONcoo	MORPH=empty
delitable	delitable	ADJqua	MORPH=empty
.	.	PONfrt	MORPH=empty
Li	le	DETdef	MORPH=empty
mangiers	mangier	VERinf	MORPH=empty
fu	estre1	VERcjg	MORPH=empty
et	et	CONcoo	MORPH=empty
biax	bel1	ADJqua	MORPH=empty
et	et	CONcoo	MORPH=empty
buens	bon	ADJqua	MORPH=empty
.	.	PONfrt	MORPH=empty
De	de	PRE	MORPH=empty
tel	tel	DETind	MORPH=empty
mangier	mangier	VERinf	MORPH=empty
que	que2	PROrel	MORPH=empty
rois	roi2	NOMcom	MORPH=empty
et	et	CONcoo	MORPH=empty
cuens	conte1	NOMcom	MORPH=empty
et	et	CONcoo	MORPH=empty
empereres	emperëor	NOMcom	MORPH=empty
doie	devoir	VERcjg	MORPH=empty
avoir	avoir	VERinf	MORPH=empty
fu	estre1	VERcjg	MORPH=empty
li	le	DETdef	MORPH=empty
prodon	pro	NOMcom	MORPH=empty
serviz	servir	VERppe	MORPH=empty
le	le	DETdef	MORPH=empty
soir	soir	NOMcom	MORPH=empty
,	,	PONfbl	MORPH=empty
et	et	CONcoo	MORPH=empty
li	le	DETdef	MORPH=empty
vaslez	vaslet	NOMcom	MORPH=empty
ansanble	ensemble	PRE	MORPH=empty
lui	il	PROper	MORPH=empty
.	.	PONfrt	MORPH=empty
Aprés	après	PRE	MORPH=empty
le	le	DETdef	MORPH=empty
mangier	mangier	VERinf	MORPH=empty
amedui	ambedos	PROcar	MORPH=empty
parlerent	parler	VERcjg	MORPH=empty
ansanble	ensemble	ADVgen	MORPH=empty
et	et	CONcoo	MORPH=empty
vellierent	veillier2	VERcjg	MORPH=empty
;	;	PONfbl	MORPH=empty
et	et	CONcoo	MORPH=empty
li	le	DETdef	MORPH=empty
vaslet	vaslet	NOMcom	MORPH=empty
aparellierent	apareillier1	VERcjg	MORPH=empty
les	le	DETdef	MORPH=empty
liz	lit1	NOMcom	MORPH=empty
et	et	CONcoo	MORPH=empty
le	le	DETdef	MORPH=empty
fruit	fruit	NOMcom	MORPH=empty
au	a3+le	PRE.DETdef	MORPH=empty
colchier	couchier	VERinf	MORPH=empty
,	,	PONfbl	MORPH=empty
que	que4	CONcoo	MORPH=empty
il	il	PROper	MORPH=empty
en	en2	PROadv	MORPH=empty
i	i2	PROadv	MORPH=empty
ot	avoir	VERcjg	MORPH=empty
de	de	PRE	MORPH=empty
mout	mout	ADVgen	MORPH=empty
chier	chier	ADJqua	MORPH=empty
,	,	PONfbl	MORPH=empty
dates	date2	NOMcom	MORPH=empty
,	,	PONfbl	MORPH=empty
figues	figue	NOMcom	MORPH=empty
et	et	CONcoo	MORPH=empty
noiz	noiz	NOMcom	MORPH=empty
mugaces	muscade	ADJqua	MORPH=empty
et	et	CONcoo	MORPH=empty
poires	poire	NOMcom	MORPH=empty
et	et	CONcoo	MORPH=empty
pomes	pome	NOMcom	MORPH=empty
grenaces	grenade	NOMcom	MORPH=empty
,	,	PONfbl	MORPH=empty
et	et	CONcoo	MORPH=empty
leituaire	leitüaire	NOMcom	MORPH=empty
an	en1	PRE	MORPH=empty
la	le	DETdef	MORPH=empty
fin	fin1	NOMcom	MORPH=empty
et	et	CONcoo	MORPH=empty
gingenbre	gingembre	NOMcom	MORPH=empty
alixandrin	alexandrin	ADJqua	MORPH=empty
.	.	PONfrt	MORPH=empty
Aprés	après	PRE	MORPH=empty
ce	ce1	PROdem	MORPH=empty
burent	boivre	VERcjg	MORPH=empty
d'	de	PRE	MORPH=empty
un	un	DETndf	MORPH=empty
boen	bon	ADJqua	MORPH=empty
boivre	boivre	VERinf	MORPH=empty
,	,	PONfbl	MORPH=empty
pimant	piment	NOMcom	MORPH=empty
,	,	PONfbl	MORPH=empty
ou	où	PROrel	MORPH=empty
n'	ne1	ADVneg	MORPH=empty
ot	avoir	VERcjg	MORPH=empty
ne	ne2	CONcoo	MORPH=empty
miel	miel	NOMcom	MORPH=empty
ne	ne2	CONcoo	MORPH=empty
poivre	poivre	NOMcom	MORPH=empty
,	,	PONfbl	MORPH=empty
et	et	CONcoo	MORPH=empty
bon	bon	ADJqua	MORPH=empty
moré	moré1	NOMcom	MORPH=empty
et	et	CONcoo	MORPH=empty
cler	cler	ADJqua	MORPH=empty
sirop	sirop	NOMcom	MORPH=empty
.	.	PONfrt	MORPH=empty
De	de	PRE	MORPH=empty
tot	tot	DETind	MORPH=empty
ce	ce1	PROdem	MORPH=empty
se	soi1	PROper	MORPH=empty
mervoille	merveillier	VERcjg	MORPH=empty
trop	trop	ADVgen	MORPH=empty
li	le	DETdef	MORPH=empty
vaslez	vaslet	NOMcom	MORPH=empty
,	,	PONfbl	MORPH=empty
qui	qui	PROrel	MORPH=empty
ne	ne1	ADVneg	MORPH=empty
l'	il	PROper	MORPH=empty
ot	avoir	VERcjg	MORPH=empty
apris	aprendre	VERppe	MORPH=empty
;	;	PONfbl	MORPH=empty
et	et	CONcoo	MORPH=empty
li	le	DETdef	MORPH=empty
prodom	pro	NOMcom	MORPH=empty
li	il	PROper	MORPH=empty
dist	dire	VERcjg	MORPH=empty
:	:	PONfbl	MORPH=empty
"	"	PONpxx	MORPH=empty
Amis	ami	NOMcom	MORPH=empty
,	,	PONfbl	MORPH=empty
tans	tens	NOMcom	MORPH=empty
est	estre1	VERcjg	MORPH=empty
del	de+le	PRE.DETdef	MORPH=empty
colchier	couchier	VERinf	MORPH=empty
mes	mais1	ADVgen	MORPH=empty
anuit	anuit	ADVgen	MORPH=empty
.	.	PONfrt	MORPH=empty
Je	je	PROper	MORPH=empty
m'	je	PROper	MORPH=empty
an	en2	PROadv	MORPH=empty
irai	aler	VERcjg	MORPH=empty
,	,	PONfbl	MORPH=empty
ne	ne1	ADVneg	MORPH=empty
vos	vos	PROper	MORPH=empty
enuit	enoiier	VERcjg	MORPH=empty
,	,	PONfbl	MORPH=empty
leanz	laienz	ADVgen	MORPH=empty
an	en1	PRE	MORPH=empty
ma	mon1	DETpos	MORPH=empty
chanbre	chambre1	NOMcom	MORPH=empty
gesir	jesir	VERinf	MORPH=empty
;	;	PONfbl	MORPH=empty
et	et	CONcoo	MORPH=empty
quant	cant1	CONsub	MORPH=empty
vos	vos	PROper	MORPH=empty
vandra	venir	VERcjg	MORPH=empty
a	a3	PRE	MORPH=empty
pleisir	plaisir	NOMcom	MORPH=empty
,	,	PONfbl	MORPH=empty
vos	vos	PROper	MORPH=empty
vos	vos	PROper	MORPH=empty
colcherez	couchier	VERcjg	MORPH=empty
ça	ça	ADVgen	MORPH=empty
dehors	defors	ADVgen	MORPH=empty
.	.	PONfrt	MORPH=empty
Je	je	PROper	MORPH=empty
n'	ne1	ADVneg	MORPH=empty
ai	avoir	VERcjg	MORPH=empty
nul	nul	DETind	MORPH=empty
pooir	pöoir	VERinf	MORPH=empty
de	de	PRE	MORPH=empty
mon	mon1	DETpos	MORPH=empty
cors	cors1	NOMcom	MORPH=empty
,	,	PONfbl	MORPH=empty
si	si	ADVgen	MORPH=empty
covandra	covenir	VERcjg	MORPH=empty
que	que4	CONsub	MORPH=empty
l'	le	DETdef	MORPH=empty
an	on	PROind	MORPH=empty
m'	je	PROper	MORPH=empty
an	en2	PROadv	MORPH=empty
port	porter	VERcjg	MORPH=empty
.	.	PONfrt	MORPH=empty
"	"	PONpxx	MORPH=empty
.IIII.	4	DETcar	MORPH=empty
sergent	serjant	NOMcom	MORPH=empty
delivre	delivre1	ADJqua	MORPH=empty
et	et	CONcoo	MORPH=empty
fort	fort	ADJqua	MORPH=empty
lores	lors	ADVgen	MORPH=empty
d'	de	PRE	MORPH=empty
une	un	DETndf	MORPH=empty
chanbre	chambre1	NOMcom	MORPH=empty
s'	soi1	PROper	MORPH=empty
an	en2	PROadv	MORPH=empty
issent	issir	VERcjg	MORPH=empty
,	,	PONfbl	MORPH=empty
la	le	DETdef	MORPH=empty
coute	coute	NOMcom	MORPH=empty
as	a3+le	PRE.DETdef	MORPH=empty
acors	acor	NOMcom	MORPH=empty
seisissent	saisir	VERcjg	MORPH=empty
,	,	PONfbl	MORPH=empty
qui	qui	PROrel	MORPH=empty
el	en1+le	PRE.DETdef	MORPH=empty
lit	lit1	NOMcom	MORPH=empty
estandue	estendre	VERppe	MORPH=empty
estoit	estre1	VERcjg	MORPH=empty
sor	sor2	PRE	MORPH=empty
coi	coi2	PROrel	MORPH=empty
li	le	DETdef	MORPH=empty
prodon	pro	NOMcom	MORPH=empty
se	soi1	PROper	MORPH=empty
gisoit	jesir	VERcjg	MORPH=empty
,	,	PONfbl	MORPH=empty
si	si	ADVgen	MORPH=empty
l'	il	PROper	MORPH=empty
an	en2	PROadv	MORPH=empty
portent	porter	VERcjg	MORPH=empty
la	là	ADVgen	MORPH=empty
ou	où	PROrel	MORPH=empty
il	il	PROper	MORPH=empty
durent	devoir	VERcjg	MORPH=empty
.	.	PONfrt	MORPH=empty
Avoec	avuec	PRE	MORPH=empty
le	le	DETdef	MORPH=empty
vaslet	vaslet	NOMcom	MORPH=empty
remés	remanoir	VERppe	MORPH=empty
furent	estre1	VERcjg	MORPH=empty
autre	autre	DETind	MORPH=empty
vaslet	vaslet	NOMcom	MORPH=empty
qui	qui	PROrel	MORPH=empty
le	il	PROper	MORPH=empty
servirent	servir	VERcjg	MORPH=empty
,	,	PONfbl	MORPH=empty
qui	qui	PROrel	MORPH=empty
quanque	cantque	PROrel	MORPH=empty
mestier	mestier	NOMcom	MORPH=empty
fu	estre1	VERcjg	MORPH=empty
li	il	PROper	MORPH=empty
firent	faire	VERcjg	MORPH=empty
.	.	PONfrt	MORPH=empty
Et	et	CONcoo	MORPH=empty
quant	cant1	CONsub	MORPH=empty
lui	il	PROper	MORPH=empty
plot	plaire	VERcjg	MORPH=empty
,	,	PONfbl	MORPH=empty
sel	si+il	ADVgen.PROper	MORPH=empty
deschaucierent	deschaucier	VERcjg	MORPH=empty
et	et	CONcoo	MORPH=empty
desvestirent	desvestir	VERcjg	MORPH=empty
et	et	CONcoo	MORPH=empty
couchierent	couchier	VERcjg	MORPH=empty
an	en1	PRE	MORPH=empty
blans	blanc	ADJqua	MORPH=empty
dras	drap	NOMcom	MORPH=empty
deliez	deliié	ADJqua	MORPH=empty
de	de	PRE	MORPH=empty
lin	lin	NOMcom	MORPH=empty
.	.	PONfrt	MORPH=empty
Et	et	CONcoo	MORPH=empty
il	il	PROper	MORPH=empty
dormi	dormir	VERcjg	MORPH=empty
jusqu'	jusque	PRE	MORPH=empty
au	a3+le	PRE.DETdef	MORPH=empty
matin	matin2	NOMcom	MORPH=empty
que	que4	CONsub	MORPH=empty
l'	le	DETdef	MORPH=empty
aube	aube3	NOMcom	MORPH=empty
del	de+le	PRE.DETdef	MORPH=empty
jor	jor	NOMcom	MORPH=empty
fu	estre1	VERcjg	MORPH=empty
crevee	crever	VERppe	MORPH=empty
et	et	CONcoo	MORPH=empty
la	le	DETdef	MORPH=empty
mesniee	maisniee	NOMcom	MORPH=empty
fu	estre1	VERcjg	MORPH=empty
levee	lever	VERppe	MORPH=empty
.	.	PONfrt	MORPH=empty
Si	si	ADVgen	MORPH=empty
esgarda	esgarder	VERcjg	MORPH=empty
anviron	environ	PRE	MORPH=empty
lui	il	PROper	MORPH=empty
,	,	PONfbl	MORPH=empty
et	et	CONcoo	MORPH=empty
quant	cant1	CONsub	MORPH=empty
ne	ne1	ADVneg	MORPH=empty
vit	vëoir	VERcjg	MORPH=empty
leanz	laienz	ADVgen	MORPH=empty
nelui	nul	PROind	MORPH=empty
,	,	PONfbl	MORPH=empty
si	si	ADVgen	MORPH=empty
l'	il	PROper	MORPH=empty
estut	estovoir1	VERcjg	MORPH=empty
par	par	PRE	MORPH=empty
lui	il	PROper	MORPH=empty
seul	sol1	ADJqua	MORPH=empty
lever	lever	VERinf	MORPH=empty
.	.	PONfrt	MORPH=empty
Et	et	CONcoo	MORPH=empty
que	que2	PROrel	MORPH=empty
qu'	que2	PROrel	MORPH=empty
il	il	PROimp	MORPH=empty
li	il	PROper	MORPH=empty
deüst	devoir	VERcjg	MORPH=empty
grever	grever	VERinf	MORPH=empty
,	,	PONfbl	MORPH=empty
des	des2	ADVgen	MORPH=empty
qu'	que4	CONsub	MORPH=empty
il	il	PROper	MORPH=empty
voit	vëoir	VERcjg	MORPH=empty
que	que4	CONsub	MORPH=empty
fere	faire	VERinf	MORPH=empty
l'	il	PROper	MORPH=empty
estuet	estovoir1	VERcjg	MORPH=empty
,	,	PONfbl	MORPH=empty
il	il	PROper	MORPH=empty
se	soi1	PROper	MORPH=empty
lieve	lever	VERcjg	MORPH=empty
,	,	PONfbl	MORPH=empty
que	que4	CONcoo	MORPH=empty
mialz	mieus	ADVgen	MORPH=empty
ne	ne1	ADVneg	MORPH=empty
puet	pöoir	VERcjg	MORPH=empty
,	,	PONfbl	MORPH=empty
et	et	CONcoo	MORPH=empty
chauce	chaucier1	VERcjg	MORPH=empty
sanz	sans	PRE	MORPH=empty
nelui	nul	PROind	MORPH=empty
atandre	atendre	VERinf	MORPH=empty
;	;	PONfbl	MORPH=empty
aprés	après	ADVgen	MORPH=empty
reva	raler	VERcjg	MORPH=empty
ses	son4	DETpos	MORPH=empty
armes	arme	NOMcom	MORPH=empty
prandre	prendre	VERinf	MORPH=empty
,	,	PONfbl	MORPH=empty
que	que2	PROrel	MORPH=empty
au	a3+le	PRE.DETdef	MORPH=empty
chief	chief1	NOMcom	MORPH=empty
del	de+le	PRE.DETdef	MORPH=empty
dois	dois	NOMcom	MORPH=empty
a	avoir	VERcjg	MORPH=empty
trovees	trover	VERppe	MORPH=empty
,	,	PONfbl	MORPH=empty
que	que4	CONsub	MORPH=empty
l'	le	DETdef	MORPH=empty
an	on	PROind	MORPH=empty
li	il	PROper	MORPH=empty
avoit	avoir	VERcjg	MORPH=empty
aportees	aporter	VERppe	MORPH=empty
,	,	PONfbl	MORPH=empty
Por	por2	PRE	MORPH=empty
ce	ce1	PROdem	MORPH=empty
que	que4	CONsub	MORPH=empty
riens	rien	PROind	MORPH=empty
nel	ne1+il	ADVneg.PROper	MORPH=empty
retenist	retenir	VERcjg	MORPH=empty
De	de	PRE	MORPH=empty
quele	quel1	DETrel	MORPH=empty
ore	ore3	NOMcom	MORPH=empty
que	que2	PROrel	MORPH=empty
il	il	PROper	MORPH=empty
venist	venir	VERcjg	MORPH=empty
.	.	PONfrt	MORPH=empty
Qant	cant1	CONsub	MORPH=empty
il	il	PROper	MORPH=empty
ot	avoir	VERcjg	MORPH=empty
atornez	atorner	VERppe	MORPH=empty
ses	son4	DETpos	MORPH=empty
manbres	membre	NOMcom	MORPH=empty
,	,	PONfbl	MORPH=empty
si	si	ADVgen	MORPH=empty
s'	soi1	PROper	MORPH=empty
an	en2	PROadv	MORPH=empty
vet	aler	VERcjg	MORPH=empty
vers	vers2	PRE	MORPH=empty
les	le	DETdef	MORPH=empty
huis	uis	NOMcom	MORPH=empty
des	de+le	PRE.DETdef	MORPH=empty
chanbres	chambre1	NOMcom	MORPH=empty
que	que2	PROrel	MORPH=empty
la	le	DETdef	MORPH=empty
nuit	nuit	NOMcom	MORPH=empty
ot	avoir	VERcjg	MORPH=empty
overz	ovrir	VERppe	MORPH=empty
veüz	vëoir	VERppe	MORPH=empty
,	,	PONfbl	MORPH=empty
mes	mais1	CONcoo	MORPH=empty
por	por2	PRE	MORPH=empty
neant	nïent	PROind	MORPH=empty
est	estre1	VERcjg	MORPH=empty
esmeüz	esmovoir	VERppe	MORPH=empty
,	,	PONfbl	MORPH=empty
que	que4	CONcoo	MORPH=empty
il	il	PROper	MORPH=empty
les	il	PROper	MORPH=empty
trova	trover	VERcjg	MORPH=empty
bien	bien1	ADVgen	MORPH=empty
fermez	fermer	VERppe	MORPH=empty
.	.	PONfrt	MORPH=empty
Il	il	PROper	MORPH=empty
i	i2	PROadv	MORPH=empty
apele	apeler	VERcjg	MORPH=empty
et	et	CONcoo	MORPH=empty
hurte	hurter	VERcjg	MORPH=empty
asez	assez	ADVgen	MORPH=empty
:	:	PONfbl	MORPH=empty
l'	le	DETdef	MORPH=empty
an	on	PROind	MORPH=empty
ne	ne1	ADVneg	MORPH=empty
li	il	PROper	MORPH=empty
oevre	ovrir	VERcjg	MORPH=empty
ne	ne2	CONcoo	MORPH=empty
dit	dire	VERcjg	MORPH=empty
mot	mot	NOMcom	MORPH=empty
.	.	PONfrt	MORPH=empty
Qant	cant1	CONsub	MORPH=empty
asez	assez	ADVgen	MORPH=empty
apelé	apeler	VERppe	MORPH=empty
i	i2	PROadv	MORPH=empty
ot	avoir	VERcjg	MORPH=empty
,	,	PONfbl	MORPH=empty
si	si	ADVgen	MORPH=empty
s'	soi1	PROper	MORPH=empty
an	en2	PROadv	MORPH=empty
va	aler	VERcjg	MORPH=empty
a	a3	PRE	MORPH=empty
l'	le	DETdef	MORPH=empty
uis	uis	NOMcom	MORPH=empty
de	de	PRE	MORPH=empty
la	le	DETdef	MORPH=empty
sale	sale1	NOMcom	MORPH=empty
.	.	PONfrt	MORPH=empty
Overt	ovrir	VERppe	MORPH=empty
le	il	PROper	MORPH=empty
trueve	trover	VERcjg	MORPH=empty
,	,	PONfbl	MORPH=empty
si	si	ADVgen	MORPH=empty
avale	avaler	VERcjg	MORPH=empty
trestoz	trestot	DETind	MORPH=empty
les	le	DETdef	MORPH=empty
degrez	degré	NOMcom	MORPH=empty
contreval	contreval	ADVgen	MORPH=empty
,	,	PONfbl	MORPH=empty
et	et	CONcoo	MORPH=empty
trueve	trover	VERcjg	MORPH=empty
anselé	enseler	VERppe	MORPH=empty
son	son4	DETpos	MORPH=empty
cheval	cheval	NOMcom	MORPH=empty
et	et	CONcoo	MORPH=empty
vit	vëoir	VERcjg	MORPH=empty
sa	son4	DETpos	MORPH=empty
lance	lance	NOMcom	MORPH=empty
et	et	CONcoo	MORPH=empty
son	son4	DETpos	MORPH=empty
escu	escu	NOMcom	MORPH=empty
,	,	PONfbl	MORPH=empty
qui	qui	PROrel	MORPH=empty
au	a3+le	PRE.DETdef	MORPH=empty
mur	mur	NOMcom	MORPH=empty
apoiez	apoiier	VERppe	MORPH=empty
li	il	PROper	MORPH=empty
fu	estre1	VERcjg	MORPH=empty
.	.	PONfrt	MORPH=empty
Lors	lors	ADVgen	MORPH=empty
monte	monter	VERcjg	MORPH=empty
et	et	CONcoo	MORPH=empty
vet	aler	VERcjg	MORPH=empty
par	par	PRE	MORPH=empty
tot	tot	ADVgen	MORPH=empty
leanz	laienz	ADVgen	MORPH=empty
et	et	CONcoo	MORPH=empty
n'	ne1	ADVneg	MORPH=empty
i	i2	PROadv	MORPH=empty
trueve	trover	VERcjg	MORPH=empty
nul	nul	PROind	MORPH=empty
des	de+le	PRE.DETdef	MORPH=empty
sergenz	serjant	NOMcom	MORPH=empty
,	,	PONfbl	MORPH=empty
escuier	escuier2	NOMcom	MORPH=empty
ne	ne2	CONcoo	MORPH=empty
vaslet	vaslet	NOMcom	MORPH=empty
n'	ne1	ADVneg	MORPH=empty
i	i2	PROadv	MORPH=empty
voit	vëoir	VERcjg	MORPH=empty
.	.	PONfrt	MORPH=empty
Il	il	PROper	MORPH=empty
s'	soi1	PROper	MORPH=empty
an	en2	PROadv	MORPH=empty
vet	aler	VERcjg	MORPH=empty
a	a3	PRE	MORPH=empty
la	le	DETdef	MORPH=empty
porte	porte1	NOMcom	MORPH=empty
droit	droit	ADJqua	MORPH=empty
et	et	CONcoo	MORPH=empty
trueve	trover	VERcjg	MORPH=empty
le	le	DETdef	MORPH=empty
pont	pont	NOMcom	MORPH=empty
abessié	abaissier	VERppe	MORPH=empty
,	,	PONfbl	MORPH=empty
que	que2	PROrel	MORPH=empty
l'	le	DETdef	MORPH=empty
an	on	PROind	MORPH=empty
li	il	PROper	MORPH=empty
ot	avoir	VERcjg	MORPH=empty
ensi	ainsi	ADVgen	MORPH=empty
lessié	laissier	VERppe	MORPH=empty
por	por2	PRE	MORPH=empty
ce	ce1	PROdem	MORPH=empty
que	que4	CONsub	MORPH=empty
riens	rien	PROind	MORPH=empty
nel	ne1+il	ADVneg.PROper	MORPH=empty
retenist	retenir	VERcjg	MORPH=empty
,	,	PONfbl	MORPH=empty
de	de	PRE	MORPH=empty
quel	quel1	DETrel	MORPH=empty
ore	ore3	NOMcom	MORPH=empty
que	que2	PROrel	MORPH=empty
il	il	PROper	MORPH=empty
venist	venir	VERcjg	MORPH=empty
,	,	PONfbl	MORPH=empty
qu'	que4	CONsub	MORPH=empty
il	il	PROper	MORPH=empty
n'	ne1	ADVneg	MORPH=empty
i	i2	PROadv	MORPH=empty
passast	passer1	VERcjg	MORPH=empty
tot	tot	ADVgen	MORPH=empty
sanz	sans	PRE	MORPH=empty
arest	arest	NOMcom	MORPH=empty
.	.	PONfrt	MORPH=empty
Et	et	CONcoo	MORPH=empty
panse	penser	VERcjg	MORPH=empty
que	que4	CONsub	MORPH=empty
an	en1	PRE	MORPH=empty
la	le	DETdef	MORPH=empty
forest	forest	NOMcom	MORPH=empty
an	en2	PROadv	MORPH=empty
soient	estre1	VERcjg	MORPH=empty
li	le	DETdef	MORPH=empty
vaslet	vaslet	NOMcom	MORPH=empty
alé	aler	VERppe	MORPH=empty
,	,	PONfbl	MORPH=empty
por	por2	PRE	MORPH=empty
le	le	DETdef	MORPH=empty
pont	pont	NOMcom	MORPH=empty
qu'	que2	PROrel	MORPH=empty
il	il	PROper	MORPH=empty
vit	vëoir	VERcjg	MORPH=empty
avalé	avaler	VERppe	MORPH=empty
,	,	PONfbl	MORPH=empty
cordes	corde	NOMcom	MORPH=empty
et	et	CONcoo	MORPH=empty
pieges	piege	NOMcom	MORPH=empty
regarder	regarder	VERinf	MORPH=empty
.	.	PONfrt	MORPH=empty
N'	ne1	ADVneg	MORPH=empty
a	avoir	VERcjg	MORPH=empty
cure	cure	NOMcom	MORPH=empty
de	de	PRE	MORPH=empty
plus	plus	ADVgen	MORPH=empty
atarder	atarder	VERinf	MORPH=empty
,	,	PONfbl	MORPH=empty
einz	ainz	ADVgen	MORPH=empty
dit	dire	VERcjg	MORPH=empty
que	que4	CONsub	MORPH=empty
aprés	après	PRE	MORPH=empty
ax	il	PROper	MORPH=empty
iroit	aler	VERcjg	MORPH=empty
savoir	savoir	VERinf	MORPH=empty
se	se	CONsub	MORPH=empty
nus	nul	PROind	MORPH=empty
d'	de	PRE	MORPH=empty
ax	il	PROper	MORPH=empty
li	il	PROper	MORPH=empty
diroit	dire	VERcjg	MORPH=empty
de	de	PRE	MORPH=empty
la	le	DETdef	MORPH=empty
lance	lance	NOMcom	MORPH=empty
qui	qui	PROrel	MORPH=empty
ensi	ainsi	ADVgen	MORPH=empty
sainne	saignier	VERcjg	MORPH=empty
,	,	PONfbl	MORPH=empty
se	se	CONsub	MORPH=empty
il	il	PROper	MORPH=empty
puet	pöoir	VERcjg	MORPH=empty
estre	estre1	VERinf	MORPH=empty
an	en1	PRE	MORPH=empty
nule	nul	DETind	MORPH=empty
painne	peine	NOMcom	MORPH=empty
,	,	PONfbl	MORPH=empty
et	et	CONcoo	MORPH=empty
del	de+le	PRE.DETdef	MORPH=empty
graal	gräal	NOMcom	MORPH=empty
ou	où	PROrel	MORPH=empty
l'	le	DETdef	MORPH=empty
an	on	PROind	MORPH=empty
le	il	PROper	MORPH=empty
porte	porter	VERcjg	MORPH=empty
.	.	PONfrt	MORPH=empty
Puis	puis	ADVgen	MORPH=empty
s'	soi1	PROper	MORPH=empty
an	en2	PROadv	MORPH=empty
ist	issir	VERcjg	MORPH=empty
fors	fors1	ADVgen	MORPH=empty
parmi	parmi	PRE	MORPH=empty
la	le	DETdef	MORPH=empty
porte	porte1	NOMcom	MORPH=empty
.	.	PONfrt	MORPH=empty
Ençois	ainçois	ADVgen	MORPH=empty
que	que4	CONsub	MORPH=empty
il	il	PROper	MORPH=empty
fust	estre1	VERcjg	MORPH=empty
hors	hors	ADVgen	MORPH=empty
del	de+le	PRE.DETdef	MORPH=empty
pont	pont	NOMcom	MORPH=empty
,	,	PONfbl	MORPH=empty
les	le	DETdef	MORPH=empty
piez	pié	NOMcom	MORPH=empty
de	de	PRE	MORPH=empty
son	son4	DETpos	MORPH=empty
cheval	cheval	NOMcom	MORPH=empty
amont	amont	ADVgen	MORPH=empty
santi	sentir	VERcjg	MORPH=empty
qu'	que4	CONsub	MORPH=empty
il	il	PROper	MORPH=empty
levoient	lever	VERcjg	MORPH=empty
an	en1	PRE	MORPH=empty
haut	haut	ADJqua	MORPH=empty
,	,	PONfbl	MORPH=empty
et	et	CONcoo	MORPH=empty
li	le	DETdef	MORPH=empty
chevax	cheval	NOMcom	MORPH=empty
a	avoir	VERcjg	MORPH=empty
fet	faire	VERppe	MORPH=empty
.i.	un	DETndf	MORPH=empty
saut	saut2	NOMcom	MORPH=empty
,	,	PONfbl	MORPH=empty
que	que4	CONsub	MORPH=empty
,	,	PONfbl	MORPH=empty
s'	se	CONsub	MORPH=empty
il	il	PROper	MORPH=empty
n'	ne1	ADVneg	MORPH=empty
eüst	avoir	VERcjg	MORPH=empty
si	si	ADVgen	MORPH=empty
bien	bien1	ADVgen	MORPH=empty
sailli	salir2	VERppe	MORPH=empty
,	,	PONfbl	MORPH=empty
amedui	ambedos	PROcar	MORPH=empty
fussent	estre1	VERcjg	MORPH=empty
malbailli	maubaillir	VERppe	MORPH=empty
,	,	PONfbl	MORPH=empty
li	le	DETdef	MORPH=empty
chevax	cheval	NOMcom	MORPH=empty
et	et	CONcoo	MORPH=empty
cil	cel	PROdem	MORPH=empty
qui	qui	PROrel	MORPH=empty
sus	sus	ADVgen	MORPH=empty
iere	estre1	VERcjg	MORPH=empty
.	.	PONfrt	MORPH=empty
Et	et	CONcoo	MORPH=empty
li	le	DETdef	MORPH=empty
vaslez	vaslet	NOMcom	MORPH=empty
torna	torner	VERcjg	MORPH=empty
arriere	ariere	ADVgen	MORPH=empty
por	por2	PRE	MORPH=empty
veoir	vëoir	VERinf	MORPH=empty
que	que2	PROrel	MORPH=empty
ce	ce1	PROdem	MORPH=empty
ot	avoir	VERcjg	MORPH=empty
esté	estre1	VERppe	MORPH=empty
,	,	PONfbl	MORPH=empty
et	et	CONcoo	MORPH=empty
vit	vëoir	VERcjg	MORPH=empty
qu'	que4	CONsub	MORPH=empty
an	on	PROind	MORPH=empty
ot	avoir	VERcjg	MORPH=empty
le	le	DETdef	MORPH=empty
pont	pont	NOMcom	MORPH=empty
levé	lever	VERppe	MORPH=empty
,	,	PONfbl	MORPH=empty
s'	si	ADVgen	MORPH=empty
apele	apeler	VERcjg	MORPH=empty
et	et	CONcoo	MORPH=empty
nus	nul	PROind	MORPH=empty
ne	ne1	ADVneg	MORPH=empty
li	il	PROper	MORPH=empty
respont	respondre1	VERcjg	MORPH=empty
.	.	PONfrt	MORPH=empty
"	"	PONpxx	MORPH=empty
Di	dire	VERcjg	MORPH=empty
va	aler	VERcjg	MORPH=empty
,	,	PONfbl	MORPH=empty
fet	faire	VERcjg	MORPH=empty
il	il	PROper	MORPH=empty
,	,	PONfbl	MORPH=empty
tu	tu	PROper	MORPH=empty
,	,	PONfbl	MORPH=empty
qui	qui	PROrel	MORPH=empty
le	le	DETdef	MORPH=empty
pont	pont	NOMcom	MORPH=empty
as	avoir	VERcjg	MORPH=empty
levé	lever	VERppe	MORPH=empty
,	,	PONfbl	MORPH=empty
car	car	ADVgen	MORPH=empty
parole	parler	VERcjg	MORPH=empty
a	a3	PRE	MORPH=empty
moi	je	PROper	MORPH=empty
!	!	PONfrt	MORPH=empty
Ou	où	PROint	MORPH=empty
es	estre1	VERcjg	MORPH=empty
tu	tu	PROper	MORPH=empty
quant	cant1	CONsub	MORPH=empty
je	je	PROper	MORPH=empty
ne	ne1	ADVneg	MORPH=empty
te	tu	PROper	MORPH=empty
voi	vëoir	VERcjg	MORPH=empty
?	?	PONfrt	MORPH=empty
Trai	traire	VERcjg	MORPH=empty
toi	tu	PROper	MORPH=empty
avant	avant	ADVgen	MORPH=empty
,	,	PONfbl	MORPH=empty
si	si	ADVgen	MORPH=empty
te	tu	PROper	MORPH=empty
verrai	vëoir	VERcjg	MORPH=empty
,	,	PONfbl	MORPH=empty
et	et	CONcoo	MORPH=empty
d'	de	PRE	MORPH=empty
une	un	DETndf	MORPH=empty
rien	rien	NOMcom	MORPH=empty
t'	tu	PROper	MORPH=empty
i	i2	PROadv	MORPH=empty
anquerrai	enquerre	VERcjg	MORPH=empty
noveles	novele	NOMcom	MORPH=empty
que	que2	PROrel	MORPH=empty
savoir	savoir	VERinf	MORPH=empty
voldroie	voloir	VERcjg	MORPH=empty
.	.	PONfrt	MORPH=empty
"	"	PONpxx	MORPH=empty
Ensi	ainsi	ADVgen	MORPH=empty
de	de	PRE	MORPH=empty
parler	parler	VERinf	MORPH=empty
se	soi1	PROper	MORPH=empty
foloie	foloiier	VERcjg	MORPH=empty
,	,	PONfbl	MORPH=empty
que	que4	CONcoo	MORPH=empty
nus	nul	PROind	MORPH=empty
respondre	respondre1	VERinf	MORPH=empty
ne	ne1	ADVneg	MORPH=empty
li	il	PROper	MORPH=empty
vialt	voloir	VERcjg	MORPH=empty
.	.	PONfrt	MORPH=empty
Et	et	CONcoo	MORPH=empty
il	il	PROper	MORPH=empty
vers	vers2	PRE	MORPH=empty
la	le	DETdef	MORPH=empty
forest	forest	NOMcom	MORPH=empty
s'	soi1	PROper	MORPH=empty
aquialt	acoillir	VERcjg	MORPH=empty
et	et	CONcoo	MORPH=empty
antre	entrer	VERcjg	MORPH=empty
an	en1	PRE	MORPH=empty
.i.	un	DETndf	MORPH=empty
santier	sentier	NOMcom	MORPH=empty
et	et	CONcoo	MORPH=empty
trueve	trover	VERcjg	MORPH=empty
que	que4	CONsub	MORPH=empty
il	il	PROimp	MORPH=empty
i	i2	PROadv	MORPH=empty
ot	avoir	VERcjg	MORPH=empty
une	un	DETndf	MORPH=empty
trace	trace	NOMcom	MORPH=empty
nueve	nuef2	ADJqua	MORPH=empty
de	de	PRE	MORPH=empty
chevax	cheval	NOMcom	MORPH=empty
qui	qui	PROrel	MORPH=empty
alé	aler	VERppe	MORPH=empty
estoient	estre1	VERcjg	MORPH=empty
.	.	PONfrt	MORPH=empty
"	"	PONpxx	MORPH=empty
De	de	PRE	MORPH=empty
ça	ça	ADVgen	MORPH=empty
,	,	PONfbl	MORPH=empty
fet	faire	VERcjg	MORPH=empty
il	il	PROper	MORPH=empty
,	,	PONfbl	MORPH=empty
cuit	cuidier1	VERcjg	MORPH=empty
ge	je	PROper	MORPH=empty
qu'	que4	CONsub	MORPH=empty
il	il	PROper	MORPH=empty
soient	estre1	VERcjg	MORPH=empty
alé	aler	VERppe	MORPH=empty
cil	cel	PROdem	MORPH=empty
que	que2	PROrel	MORPH=empty
ge	je	PROper	MORPH=empty
querre	querre	VERinf	MORPH=empty
vois	aler	VERcjg	MORPH=empty
.	.	PONfrt	MORPH=empty
"	"	PONpxx	MORPH=empty
Lors	lors	ADVgen	MORPH=empty
s'	soi1	PROper	MORPH=empty
eslesse	eslaissier	VERcjg	MORPH=empty
parmi	parmi	PRE	MORPH=empty
le	le	DETdef	MORPH=empty
bois	bois	NOMcom	MORPH=empty
tant	tant	ADVgen	MORPH=empty
con	come1	CONsub	MORPH=empty
cele	cel	DETdem	MORPH=empty
trace	trace	NOMcom	MORPH=empty
li	il	PROper	MORPH=empty
dure	durer	VERcjg	MORPH=empty
,	,	PONfbl	MORPH=empty
tant	tant	ADVgen	MORPH=empty
que	que4	CONsub	MORPH=empty
il	il	PROper	MORPH=empty
vit	vëoir	VERcjg	MORPH=empty
par	par	PRE	MORPH=empty
avanture	aventure	NOMcom	MORPH=empty
une	un	DETndf	MORPH=empty
pucele	pucele	NOMcom	MORPH=empty
soz	soz	PRE	MORPH=empty
.i.	un	DETndf	MORPH=empty
chesne	chaisne	NOMcom	MORPH=empty
qui	qui	PROrel	MORPH=empty
se	soi1	PROper	MORPH=empty
demante	dementer	VERcjg	MORPH=empty
et	et	CONcoo	MORPH=empty
se	soi1	PROper	MORPH=empty
desresne	deraisnier	VERcjg	MORPH=empty
come	come1	CONsub	MORPH=empty
chestive	chaitif	ADJqua	MORPH=empty
dolereuse	doloros	ADJqua	MORPH=empty
:	:	PONfbl	MORPH=empty
"	"	PONpxx	MORPH=empty
Lasse	las	ADJqua	MORPH=empty
,	,	PONfbl	MORPH=empty
fet	faire	VERcjg	MORPH=empty
el	il	PROper	MORPH=empty
,	,	PONfbl	MORPH=empty
maleüreuse	malëuros	ADJqua	MORPH=empty
,	,	PONfbl	MORPH=empty
con	come1	CONsub	MORPH=empty
je	je	PROper	MORPH=empty
fui	estre1	VERcjg	MORPH=empty
de	de	PRE	MORPH=empty
male	mal1	ADJqua	MORPH=empty
ore	ore3	NOMcom	MORPH=empty
nee	naistre	VERppe	MORPH=empty
,	,	PONfbl	MORPH=empty
qui	qui	PROrel	MORPH=empty
si	si	ADVgen	MORPH=empty
ai	avoir	VERcjg	MORPH=empty
male	mal1	ADJqua	MORPH=empty
destinee	destinee	NOMcom	MORPH=empty
!	!	PONfrt	MORPH=empty
Pis	pis1	ADVgen	MORPH=empty
ne	ne1	ADVneg	MORPH=empty
me	je	PROper	MORPH=empty
pot	pöoir	VERcjg	MORPH=empty
il	il	PROper	MORPH=empty
avenir	avenant	VERinf	MORPH=empty
!	!	PONfrt	MORPH=empty
Ne	ne1	ADVneg	MORPH=empty
deüsse	devoir	VERcjg	MORPH=empty
mie	mie	ADVneg	MORPH=empty
tenir	tenir1	VERinf	MORPH=empty
mon	mon1	DETpos	MORPH=empty
ami	ami	NOMcom	MORPH=empty
mort	morir	VERppe	MORPH=empty
,	,	PONfbl	MORPH=empty
se	se	CONsub	MORPH=empty
Deu	Dieu	NOMpro	MORPH=empty
pleüst	plaire	VERcjg	MORPH=empty
,	,	PONfbl	MORPH=empty
que	que4	CONcoo	MORPH=empty
de	de	PRE	MORPH=empty
mort	mort	NOMcom	MORPH=empty
garanti	garantir	VERppe	MORPH=empty
l'	il	PROper	MORPH=empty
eüst	avoir	VERcjg	MORPH=empty
.	.	PONfrt	MORPH=empty
Sa	son4	DETpos	MORPH=empty
morz	mort	NOMcom	MORPH=empty
trop	trop	ADVgen	MORPH=empty
fort	fort	ADJqua	MORPH=empty
me	je	PROper	MORPH=empty
desconforte	desconforter	VERcjg	MORPH=empty
.	.	PONfrt	MORPH=empty
S'	se	CONsub	MORPH=empty
il	il	PROper	MORPH=empty
fust	estre1	VERcjg	MORPH=empty
vis	vif	ADJqua	MORPH=empty
et	et	CONcoo	MORPH=empty
je	je	PROper	MORPH=empty
fusse	estre1	VERcjg	MORPH=empty
morte	morir	VERppe	MORPH=empty
!	!	PONfrt	MORPH=empty
Por	por2	PRE	MORPH=empty
coi	coi2	PROrel	MORPH=empty
prist	prendre	VERcjg	MORPH=empty
s'	son4	DETpos	MORPH=empty
ame	ame	NOMcom	MORPH=empty
sanz	sans	PRE	MORPH=empty
la	le	DETdef	MORPH=empty
moie	mien	PROpos	MORPH=empty
?	?	PONfrt	MORPH=empty
Qant	cant1	CONsub	MORPH=empty
la	le	DETdef	MORPH=empty
rien	rien	NOMcom	MORPH=empty
que	que2	PROrel	MORPH=empty
je	je	PROper	MORPH=empty
plus	plus	ADVgen	MORPH=empty
amoie	amer1	VERcjg	MORPH=empty
voi	vëoir	VERcjg	MORPH=empty
morte	morir	VERppe	MORPH=empty
,	,	PONfbl	MORPH=empty
vie	vie1	NOMcom	MORPH=empty
que	que3	PROint	MORPH=empty
me	je	PROper	MORPH=empty
valt	valoir	VERcjg	MORPH=empty
?	?	PONfrt	MORPH=empty
Aprés	après	PRE	MORPH=empty
lui	il	PROper	MORPH=empty
,	,	PONfbl	MORPH=empty
certes	certes	ADVgen	MORPH=empty
,	,	PONfbl	MORPH=empty
ne	ne1	ADVneg	MORPH=empty
me	je	PROper	MORPH=empty
chalt	chaloir	VERcjg	MORPH=empty
de	de	PRE	MORPH=empty
ma	mon1	DETpos	MORPH=empty
vie	vie1	NOMcom	MORPH=empty
ne	ne2	CONcoo	MORPH=empty
de	de	PRE	MORPH=empty
mon	mon1	DETpos	MORPH=empty
cors	cors1	NOMcom	MORPH=empty
.	.	PONfrt	MORPH=empty
Morz	mort	NOMcom	MORPH=empty
,	,	PONfbl	MORPH=empty
car	car	ADVgen	MORPH=empty
regiete	rejeter	VERcjg	MORPH=empty
l'	le	DETdef	MORPH=empty
ame	ame	NOMcom	MORPH=empty
hors	hors	ADVgen	MORPH=empty
,	,	PONfbl	MORPH=empty
et	et	CONcoo	MORPH=empty
soit	estre1	VERcjg	MORPH=empty
chanberiere	chamberiere	NOMcom	MORPH=empty
et	et	CONcoo	MORPH=empty
conpaigne	compagne2	NOMcom	MORPH=empty
a	a3	PRE	MORPH=empty
la	le	DETdef	MORPH=empty
soe	suen	PROpos	MORPH=empty
,	,	PONfbl	MORPH=empty
se	se	CONsub	MORPH=empty
ele	il	PROper	MORPH=empty
daigne	deignier	VERcjg	MORPH=empty
.	.	PONfrt	MORPH=empty
"	"	PONpxx	MORPH=empty
Ensi	ainsi	ADVgen	MORPH=empty
cele	celer1	VERcjg	MORPH=empty
son	son4	DETpos	MORPH=empty
duel	duel	NOMcom	MORPH=empty
menoit	mener	VERcjg	MORPH=empty
d'	de	PRE	MORPH=empty
un	un	DETndf	MORPH=empty
chevalier	chevalier	NOMcom	MORPH=empty
qu'	que2	PROrel	MORPH=empty
ele	il	PROper	MORPH=empty
tenoit	tenir1	VERcjg	MORPH=empty
,	,	PONfbl	MORPH=empty
qui	qui	PROrel	MORPH=empty
avoit	avoir	VERcjg	MORPH=empty
colpee	coper	VERppe	MORPH=empty
la	le	DETdef	MORPH=empty
teste	teste	NOMcom	MORPH=empty
.	.	PONfrt	MORPH=empty
Jusque	jusque	PRE	MORPH=empty
devant	devant	PRE	MORPH=empty
lui	il	PROper	MORPH=empty
ne	ne1	ADVneg	MORPH=empty
s'	soi1	PROper	MORPH=empty
areste	arester	VERcjg	MORPH=empty
li	le	DETdef	MORPH=empty
vaslez	vaslet	NOMcom	MORPH=empty
,	,	PONfbl	MORPH=empty
qui	qui	PROrel	MORPH=empty
l'	il	PROper	MORPH=empty
avoit	avoir	VERcjg	MORPH=empty
veüe	vëoir	VERppe	MORPH=empty
.	.	PONfrt	MORPH=empty
Devant	devant	ADVgen	MORPH=empty
li	il	PROper	MORPH=empty
vient	venir	VERcjg	MORPH=empty
,	,	PONfbl	MORPH=empty
si	si	ADVgen	MORPH=empty
la	il	PROper	MORPH=empty
salue	salüer	VERcjg	MORPH=empty
,	,	PONfbl	MORPH=empty
et	et	CONcoo	MORPH=empty
ele	il	PROper	MORPH=empty
lui	il	PROper	MORPH=empty
,	,	PONfbl	MORPH=empty
le	le	DETdef	MORPH=empty
chief	chief1	NOMcom	MORPH=empty
bessié	baissier	VERppe	MORPH=empty
,	,	PONfbl	MORPH=empty
et	et	CONcoo	MORPH=empty
por	por2	PRE	MORPH=empty
ce	ce1	PROdem	MORPH=empty
n'	ne1	ADVneg	MORPH=empty
a	avoir	VERcjg	MORPH=empty
son	son4	DETpos	MORPH=empty
duel	duel	NOMcom	MORPH=empty
lessié	laissier	VERppe	MORPH=empty
.	.	PONfrt	MORPH=empty
Et	et	CONcoo	MORPH=empty
li	le	DETdef	MORPH=empty
vaslez	vaslet	NOMcom	MORPH=empty
li	il	PROper	MORPH=empty
a	avoir	VERcjg	MORPH=empty
anquis	enquerre	VERppe	MORPH=empty
:	:	PONfbl	MORPH=empty
"	"	PONpxx	MORPH=empty
Dameisele	damoisele	NOMcom	MORPH=empty
,	,	PONfbl	MORPH=empty
qui	qui	PROint	MORPH=empty
a	avoir	VERcjg	MORPH=empty
ocis	ocire	VERppe	MORPH=empty
le	le	DETdef	MORPH=empty
chevalier	chevalier	NOMcom	MORPH=empty
qui	qui	PROrel	MORPH=empty
sor	sor2	PRE	MORPH=empty
vos	vos	PROper	MORPH=empty
gist	jesir	VERcjg	MORPH=empty
?	?	PONfrt	MORPH=empty
Sire	seignor	NOMcom	MORPH=empty
,	,	PONfbl	MORPH=empty
uns	un	DETndf	MORPH=empty
chevaliers	chevalier	NOMcom	MORPH=empty
l'	il	PROper	MORPH=empty
ocist	ocire	VERcjg	MORPH=empty
,	,	PONfbl	MORPH=empty
fet	faire	VERcjg	MORPH=empty
la	le	DETdef	MORPH=empty
pucele	pucele	NOMcom	MORPH=empty
,	,	PONfbl	MORPH=empty
hui	ui	ADVgen	MORPH=empty
matin	matin1	ADVgen	MORPH=empty
.	.	PONfrt	MORPH=empty
Mes	mais1	CONcoo	MORPH=empty
je	je	PROper	MORPH=empty
me	je	PROper	MORPH=empty
mervoil	merveillier	VERcjg	MORPH=empty
de	de	PRE	MORPH=empty
grant	grant	ADJqua	MORPH=empty
fin	fin1	NOMcom	MORPH=empty
d'	de	PRE	MORPH=empty
une	un	DETndf	MORPH=empty
chose	chose	NOMcom	MORPH=empty
que	que2	PROrel	MORPH=empty
je	je	PROper	MORPH=empty
esgart	esgarder	VERcjg	MORPH=empty
,	,	PONfbl	MORPH=empty
que	que4	CONsub	MORPH=empty
l'	le	DETdef	MORPH=empty
an	on	PROind	MORPH=empty
porroit	pöoir	VERcjg	MORPH=empty
,	,	PONfbl	MORPH=empty
se	se	CONsub	MORPH=empty
Dex	Dieu	NOMpro	MORPH=empty
me	je	PROper	MORPH=empty
gart	garder	VERcjg	MORPH=empty
,	,	PONfbl	MORPH=empty
chevalchier	chevauchier	VERinf	MORPH=empty
,	,	PONfbl	MORPH=empty
ce	ce1	PROdem	MORPH=empty
tesmoingne	tesmoignier	VERcjg	MORPH=empty
l'	le	DETdef	MORPH=empty
an	on	PROind	MORPH=empty
,	,	PONfbl	MORPH=empty
.xxv.	25	DETcar	MORPH=empty
liues	lieue	NOMcom	MORPH=empty
an	en1	PRE	MORPH=empty
cest	cest	DETdem	MORPH=empty
san	sen2	NOMcom	MORPH=empty
tot	tot	ADVgen	MORPH=empty
droit	droit	ADJqua	MORPH=empty
ensi	ainsi	ADVgen	MORPH=empty
con	come1	CONsub	MORPH=empty
vos	vos	PROper	MORPH=empty
venez	venir	VERcjg	MORPH=empty
c'	que4	CONsub	MORPH=empty
uns	un	DETndf	MORPH=empty
ostex	ostel	NOMcom	MORPH=empty
n'	ne1	ADVneg	MORPH=empty
i	i2	PROadv	MORPH=empty
seroit	estre1	VERcjg	MORPH=empty
trovez	trover	VERppe	MORPH=empty
qui	qui	PROrel	MORPH=empty
fust	estre1	VERcjg	MORPH=empty
boens	bon	ADJqua	MORPH=empty
et	et	CONcoo	MORPH=empty
leax	lëal	ADJqua	MORPH=empty
et	et	CONcoo	MORPH=empty
sains	sain	ADJqua	MORPH=empty
,	,	PONfbl	MORPH=empty
et	et	CONcoo	MORPH=empty
vostre	vostre	DETpos	MORPH=empty
chevax	cheval	NOMcom	MORPH=empty
a	avoir	VERcjg	MORPH=empty
si	si	ADVgen	MORPH=empty
plains	plain	ADJqua	MORPH=empty
les	le	DETdef	MORPH=empty
flans	flanc	NOMcom	MORPH=empty
et	et	CONcoo	MORPH=empty
le	le	DETdef	MORPH=empty
poil	poil	NOMcom	MORPH=empty
aplaignié	aplaignier	VERppe	MORPH=empty
,	,	PONfbl	MORPH=empty
qui	qui	PROrel	MORPH=empty
l'	il	PROper	MORPH=empty
eüst	avoir	VERcjg	MORPH=empty
lavé	laver	VERppe	MORPH=empty
et	et	CONcoo	MORPH=empty
paingnié	peignier1	VERppe	MORPH=empty
et	et	CONcoo	MORPH=empty
fet	faire	VERppe	MORPH=empty
lit	lit1	NOMcom	MORPH=empty
d'	de	PRE	MORPH=empty
aveinne	aveine	NOMcom	MORPH=empty
et	et	CONcoo	MORPH=empty
de	de	PRE	MORPH=empty
fain	fein	NOMcom	MORPH=empty
,	,	PONfbl	MORPH=empty
n'	ne1	ADVneg	MORPH=empty
eüst	avoir	VERcjg	MORPH=empty
il	il	PROper	MORPH=empty
mialz	mieus	ADVgen	MORPH=empty
le	le	DETdef	MORPH=empty
vantre	ventre1	NOMcom	MORPH=empty
plain	plein	ADJqua	MORPH=empty
ne	ne2	CONcoo	MORPH=empty
plus	plus	ADVgen	MORPH=empty
bel	bel1	ADJqua	MORPH=empty
le	le	DETdef	MORPH=empty
col	col	NOMcom	MORPH=empty
et	et	CONcoo	MORPH=empty
le	le	DETdef	MORPH=empty
vis	vis1	NOMcom	MORPH=empty
.	.	PONfrt	MORPH=empty
De	de	PRE	MORPH=empty
vos	vos	PROper	MORPH=empty
meïsmes	mëisme	ADJind	MORPH=empty
m'	je	PROper	MORPH=empty
est	estre1	VERcjg	MORPH=empty
avis	avis	NOMcom	MORPH=empty
que	que4	CONsub	MORPH=empty
vos	vos	PROper	MORPH=empty
aiez	avoir	VERcjg	MORPH=empty
enuit	anuit	ADVgen	MORPH=empty
esté	estre1	VERppe	MORPH=empty
bien	bien1	ADVgen	MORPH=empty
aeisiez	aaisier	VERppe	MORPH=empty
et	et	CONcoo	MORPH=empty
reposé	reposer	VERppe	MORPH=empty
.	.	PONfrt	MORPH=empty
Par	par	PRE	MORPH=empty
foi	foi	NOMcom	MORPH=empty
,	,	PONfbl	MORPH=empty
fet	faire	VERcjg	MORPH=empty
il	il	PROper	MORPH=empty
,	,	PONfbl	MORPH=empty
bele	bel1	ADJqua	MORPH=empty
,	,	PONfbl	MORPH=empty
ge	je	PROper	MORPH=empty
oi	avoir	VERcjg	MORPH=empty
tant	tant	ADVgen	MORPH=empty
d'	de	PRE	MORPH=empty
eise	aise	NOMcom	MORPH=empty
con	come1	CONsub	MORPH=empty
ge	je	PROper	MORPH=empty
avoir	avoir	VERinf	MORPH=empty
poi	pöoir	VERcjg	MORPH=empty
,	,	PONfbl	MORPH=empty
et	et	CONcoo	MORPH=empty
s'	se	CONsub	MORPH=empty
il	il	PROimp	MORPH=empty
i	i2	PROadv	MORPH=empty
pert	paroir	VERcjg	MORPH=empty
,	,	PONfbl	MORPH=empty
ce	ce1	PROdem	MORPH=empty
est	estre1	VERcjg	MORPH=empty
a	a3	PRE	MORPH=empty
droit	droit	ADJqua	MORPH=empty
,	,	PONfbl	MORPH=empty
que	que4	CONcoo	MORPH=empty
qui	qui	PROrel	MORPH=empty
crieroit	crïer2	VERcjg	MORPH=empty
or	or4	ADVgen	MORPH=empty
androit	endroit	ADVgen	MORPH=empty
ci	ci	ADVgen	MORPH=empty
ou	où	PROrel	MORPH=empty
nos	nos1	PROper	MORPH=empty
somes	estre1	VERcjg	MORPH=empty
hautemant	hautement	ADVgen	MORPH=empty
,	,	PONfbl	MORPH=empty
l'	le	DETdef	MORPH=empty
an	on	PROind	MORPH=empty
l'	il	PROper	MORPH=empty
orroit	öir	VERcjg	MORPH=empty
ja	ja	ADVgen	MORPH=empty
mout	mout	ADVgen	MORPH=empty
cleremant	clerement	ADVgen	MORPH=empty
la	là	ADVgen	MORPH=empty
ou	où	PROrel	MORPH=empty
ge	je	PROper	MORPH=empty
ai	avoir	VERcjg	MORPH=empty
enuit	anuit	ADVgen	MORPH=empty
geü	jesir	VERppe	MORPH=empty
.	.	PONfrt	MORPH=empty
N'	ne1	ADVneg	MORPH=empty
avez	avoir	VERcjg	MORPH=empty
mie	mie	ADVneg	MORPH=empty
trop	trop	ADVgen	MORPH=empty
bien	bien1	ADVgen	MORPH=empty
seü	savoir	VERppe	MORPH=empty
le	le	DETdef	MORPH=empty
païs	päis	NOMcom	MORPH=empty
ne	ne2	CONcoo	MORPH=empty
reverchié	reverchier	VERppe	MORPH=empty
tot	tot	ADVgen	MORPH=empty
.	.	PONfrt	MORPH=empty
Je	je	PROper	MORPH=empty
oi	avoir	VERcjg	MORPH=empty
ostel	ostel	NOMcom	MORPH=empty
,	,	PONfbl	MORPH=empty
sanz	sans	PRE	MORPH=empty
nul	nul	DETind	MORPH=empty
redot	redot	NOMcom	MORPH=empty
,	,	PONfbl	MORPH=empty
le	le	DETdef	MORPH=empty
mellor	meillor	ADJqua	MORPH=empty
que	que2	PROrel	MORPH=empty
je	je	PROper	MORPH=empty
eüsse	avoir	VERcjg	MORPH=empty
onques	onque	ADVgen	MORPH=empty
.	.	PONfrt	MORPH=empty
Ha	ha	INJ	MORPH=empty
!	!	PONfrt	MORPH=empty
sire	seignor	NOMcom	MORPH=empty
,	,	PONfbl	MORPH=empty
geüstes	jesir	VERcjg	MORPH=empty
vos	vos	PROper	MORPH=empty
donques	donc	ADVgen	MORPH=empty
chiés	chiés	PRE	MORPH=empty
le	le	DETdef	MORPH=empty
Riche	riche	ADJqua	MORPH=empty
Roi	roi2	NOMcom	MORPH=empty
Pescheor	peschëor	NOMcom	MORPH=empty
?	?	PONfrt	MORPH=empty
Pucele	pucele	NOMcom	MORPH=empty
,	,	PONfbl	MORPH=empty
par	par	PRE	MORPH=empty
le	le	DETdef	MORPH=empty
Sauveor	sauvëor	NOMcom	MORPH=empty
,	,	PONfbl	MORPH=empty
ne	ne1	ADVneg	MORPH=empty
sai	savoir	VERcjg	MORPH=empty
s'	se	CONsub	MORPH=empty
est	estre1	VERcjg	MORPH=empty
peschierres	peschëor	NOMcom	MORPH=empty
ou	o3	CONcoo	MORPH=empty
rois	roi2	NOMcom	MORPH=empty
,	,	PONfbl	MORPH=empty
mes	mais1	CONcoo	MORPH=empty
il	il	PROper	MORPH=empty
est	estre1	VERcjg	MORPH=empty
saiges	sage	ADJqua	MORPH=empty
et	et	CONcoo	MORPH=empty
cortois	cortois	ADJqua	MORPH=empty
.	.	PONfrt	MORPH=empty
Rien	rien	PROind	MORPH=empty
plus	plus	ADVgen	MORPH=empty
dire	dire	VERinf	MORPH=empty
ne	ne1	ADVneg	MORPH=empty
vos	vos	PROper	MORPH=empty
an	en2	PROadv	MORPH=empty
sai	savoir	VERcjg	MORPH=empty
,	,	PONfbl	MORPH=empty
fors	fors1	ADVgen	MORPH=empty
tant	tant	ADVgen	MORPH=empty
que	que4	CONsub	MORPH=empty
.ii.	2	DETcar	MORPH=empty
homes	ome	NOMcom	MORPH=empty
trovai	trover	VERcjg	MORPH=empty
hersoir	ersoir	ADVgen	MORPH=empty
,	,	PONfbl	MORPH=empty
seanz	sëoir	VERppa	MORPH=empty
an	en1	PRE	MORPH=empty
une	un	DETndf	MORPH=empty
nef	nef2	NOMcom	MORPH=empty
,	,	PONfbl	MORPH=empty
qui	qui	PROrel	MORPH=empty
aloient	aler	VERcjg	MORPH=empty
naigent	nagier	VERppa	MORPH=empty
soef	söef	ADJqua	MORPH=empty
.	.	PONfrt	MORPH=empty
Li	le	DETdef	MORPH=empty
uns	un	PROind	MORPH=empty
des	de+le	PRE.DETdef	MORPH=empty
.ii.	2	ADJcar	MORPH=empty
homes	ome	NOMcom	MORPH=empty
najoit	nagier	VERcjg	MORPH=empty
,	,	PONfbl	MORPH=empty
l'	le	DETdef	MORPH=empty
autres	autre	PROind	MORPH=empty
a	a3	PRE	MORPH=empty
l'	le	DETdef	MORPH=empty
ameçon	ameçon	NOMcom	MORPH=empty
peschoit	peschier2	VERcjg	MORPH=empty
,	,	PONfbl	MORPH=empty
et	et	CONcoo	MORPH=empty
cil	cel	PROdem	MORPH=empty
sa	son4	DETpos	MORPH=empty
meison	maison	NOMcom	MORPH=empty
m'	je	PROper	MORPH=empty
anseigna	enseignier	VERcjg	MORPH=empty
hersoir	ersoir	ADVgen	MORPH=empty
et	et	CONcoo	MORPH=empty
si	si	ADVgen	MORPH=empty
me	je	PROper	MORPH=empty
herberja	herbergier	VERcjg	MORPH=empty
.	.	PONfrt	MORPH=empty
"	"	PONpxx	MORPH=empty
Et	et	CONcoo	MORPH=empty
la	le	DETdef	MORPH=empty
pucele	pucele	NOMcom	MORPH=empty
dist	dire	VERcjg	MORPH=empty
:	:	PONfbl	MORPH=empty
"	"	PONpxx	MORPH=empty
Biau	bel1	ADJqua	MORPH=empty
sire	seignor	NOMcom	MORPH=empty
,	,	PONfbl	MORPH=empty
rois	roi2	NOMcom	MORPH=empty
est	estre1	VERcjg	MORPH=empty
il	il	PROper	MORPH=empty
,	,	PONfbl	MORPH=empty
bien	bien1	ADVgen	MORPH=empty
le	il	PROper	MORPH=empty
vos	vos	PROper	MORPH=empty
os	oser	VERcjg	MORPH=empty
dire	dire	VERinf	MORPH=empty
;	;	PONfbl	MORPH=empty
mes	mais1	CONcoo	MORPH=empty
il	il	PROper	MORPH=empty
fu	estre1	VERcjg	MORPH=empty
an	en1	PRE	MORPH=empty
une	un	DETndf	MORPH=empty
bataille	bataille	NOMcom	MORPH=empty
navrez	navrer	VERppe	MORPH=empty
et	et	CONcoo	MORPH=empty
mahaigniez	mahaignier	VERppe	MORPH=empty
sanz	sans	PRE	MORPH=empty
faille	faille3	NOMcom	MORPH=empty
si	si	ADVgen	MORPH=empty
que	que4	CONsub	MORPH=empty
il	il	PROper	MORPH=empty
aidier	aidier	VERinf	MORPH=empty
ne	ne1	ADVneg	MORPH=empty
se	soi1	PROper	MORPH=empty
pot	pöoir	VERcjg	MORPH=empty
.	.	PONfrt	MORPH=empty
Il	il	PROper	MORPH=empty
fu	estre1	VERcjg	MORPH=empty
feruz	ferir	VERppe	MORPH=empty
d'	de	PRE	MORPH=empty
un	un	DETndf	MORPH=empty
javelot	javelot	NOMcom	MORPH=empty
parmi	parmi	PRE	MORPH=empty
les	le	DETdef	MORPH=empty
hanches	hanche	NOMcom	MORPH=empty
amedos	ambedos	ADJcar	MORPH=empty
,	,	PONfbl	MORPH=empty
s'	si	ADVgen	MORPH=empty
an	en2	PROadv	MORPH=empty
est	estre1	VERcjg	MORPH=empty
aüz	avoir	VERppe	MORPH=empty
si	si	ADVgen	MORPH=empty
angoissos	angoissos	ADJqua	MORPH=empty
qu'	que4	CONsub	MORPH=empty
il	il	PROper	MORPH=empty
ne	ne1	ADVneg	MORPH=empty
puet	pöoir	VERcjg	MORPH=empty
a	a3	PRE	MORPH=empty
cheval	cheval	NOMcom	MORPH=empty
monter	monter	VERinf	MORPH=empty
.	.	PONfrt	MORPH=empty
Mes	mais1	CONcoo	MORPH=empty
quant	cant1	CONsub	MORPH=empty
il	il	PROper	MORPH=empty
se	soi1	PROper	MORPH=empty
vialt	voloir	VERcjg	MORPH=empty
deporter	deporter	VERinf	MORPH=empty
ou	o3	CONcoo	MORPH=empty
d'	de	PRE	MORPH=empty
aucun	aucun	DETind	MORPH=empty
deduit	deduit	NOMcom	MORPH=empty
antremetre	entremetre	VERinf	MORPH=empty
,	,	PONfbl	MORPH=empty
si	si	ADVgen	MORPH=empty
se	soi1	PROper	MORPH=empty
fet	faire	VERcjg	MORPH=empty
an	en1	PRE	MORPH=empty
une	un	DETndf	MORPH=empty
nef	nef2	NOMcom	MORPH=empty
metre	metre2	VERinf	MORPH=empty
et	et	CONcoo	MORPH=empty
vet	aler	VERcjg	MORPH=empty
peschant	peschier2	VERppa	MORPH=empty
a	a3	PRE	MORPH=empty
l'	le	DETdef	MORPH=empty
ameçon	ameçon	NOMcom	MORPH=empty
:	:	PONfbl	MORPH=empty
por	por2	PRE	MORPH=empty
ce	ce1	PROdem	MORPH=empty
li	le	DETdef	MORPH=empty
Rois	roi2	NOMcom	MORPH=empty
Peschierre	peschëor	NOMcom	MORPH=empty
a	avoir	VERcjg	MORPH=empty
non	nom	NOMcom	MORPH=empty
,	,	PONfbl	MORPH=empty
et	et	CONcoo	MORPH=empty
por	por2	PRE	MORPH=empty
ce	ce1	PROdem	MORPH=empty
ensi	ainsi	ADVgen	MORPH=empty
se	soi1	PROper	MORPH=empty
deduit	deduire	VERcjg	MORPH=empty
qu'	que4	CONsub	MORPH=empty
il	il	PROper	MORPH=empty
ne	ne1	ADVneg	MORPH=empty
porroit	pöoir	VERcjg	MORPH=empty
autre	autre	DETind	MORPH=empty
deduit	deduit	NOMcom	MORPH=empty
por	por2	PRE	MORPH=empty
rien	rien	PROind	MORPH=empty
sofrir	sofrir	VERinf	MORPH=empty
ne	ne2	CONcoo	MORPH=empty
andurer	endurer	VERinf	MORPH=empty
.	.	PONfrt	MORPH=empty
Ne	ne1	ADVneg	MORPH=empty
puet	pöoir	VERcjg	MORPH=empty
chacier	chacier	VERinf	MORPH=empty
ne	ne2	CONcoo	MORPH=empty
riverer	riverer	VERinf	MORPH=empty
,	,	PONfbl	MORPH=empty
mes	mais1	CONcoo	MORPH=empty
il	il	PROper	MORPH=empty
a	avoir	VERcjg	MORPH=empty
ses	son4	DETpos	MORPH=empty
rivereors	riverëor	NOMcom	MORPH=empty
,	,	PONfbl	MORPH=empty
ses	son4	DETpos	MORPH=empty
archiers	archier	NOMcom	MORPH=empty
et	et	CONcoo	MORPH=empty
ses	son4	DETpos	MORPH=empty
veneors	venëor	NOMcom	MORPH=empty
qui	qui	PROrel	MORPH=empty
an	en1	PRE	MORPH=empty
ses	son4	DETpos	MORPH=empty
forez	forest	NOMcom	MORPH=empty
vont	aler	VERcjg	MORPH=empty
berser	berser	VERinf	MORPH=empty
.	.	PONfrt	MORPH=empty
Por	por2	PRE	MORPH=empty
ce	ce1	PROdem	MORPH=empty
li	il	PROper	MORPH=empty
plest	plaire	VERcjg	MORPH=empty
a	a3	PRE	MORPH=empty
converser	converser	VERinf	MORPH=empty
an	en1	PRE	MORPH=empty
ce	ce2	PROdem	MORPH=empty
repere	repaire	NOMcom	MORPH=empty
ci	ci	ADVgen	MORPH=empty
elués	eluec	ADVgen	MORPH=empty
,	,	PONfbl	MORPH=empty
qu'	que4	CONsub	MORPH=empty
an	en1	PRE	MORPH=empty
tot	tot	DETind	MORPH=empty
le	le	DETdef	MORPH=empty
mont	monde1	NOMcom	MORPH=empty
n'	ne1	ADVneg	MORPH=empty
a	avoir	VERcjg	MORPH=empty
a	a3	PRE	MORPH=empty
son	son4	DETpos	MORPH=empty
oés	ues	NOMcom	MORPH=empty
nul	nul	PROind	MORPH=empty
si	si	ADVgen	MORPH=empty
bien	bien1	ADVgen	MORPH=empty
aeisié	aaisier	VERppe	MORPH=empty
repere	repaire	NOMcom	MORPH=empty
,	,	PONfbl	MORPH=empty
et	et	CONcoo	MORPH=empty
si	si	ADVgen	MORPH=empty
a	avoir	VERcjg	MORPH=empty
fet	faire	VERppe	MORPH=empty
tel	tel	DETind	MORPH=empty
meison	maison	NOMcom	MORPH=empty
fere	faire	VERinf	MORPH=empty
com	come1	CONsub	MORPH=empty
il	il	PROper	MORPH=empty
covient	covenir	VERcjg	MORPH=empty
a	a3	PRE	MORPH=empty
riche	riche	ADJqua	MORPH=empty
roi	roi2	NOMcom	MORPH=empty
.	.	PONfrt	MORPH=empty
Dameisele	damoisele	NOMcom	MORPH=empty
,	,	PONfbl	MORPH=empty
fet	faire	VERcjg	MORPH=empty
il	il	PROper	MORPH=empty
,	,	PONfbl	MORPH=empty
par	par	PRE	MORPH=empty
foi	foi	NOMcom	MORPH=empty
,	,	PONfbl	MORPH=empty
voirs	voir	ADJqua	MORPH=empty
est	estre1	VERcjg	MORPH=empty
ce	ce1	PROdem	MORPH=empty
que	que2	PROrel	MORPH=empty
dire	dire	VERinf	MORPH=empty
vos	vos	PROper	MORPH=empty
oi	avoir	VERcjg	MORPH=empty
.	.	PONfrt	MORPH=empty
Hersoir	ersoir	ADVgen	MORPH=empty
de	de	PRE	MORPH=empty
ce	ce1	PROdem	MORPH=empty
grant	grant	ADJqua	MORPH=empty
mervoille	merveille	NOMcom	MORPH=empty
oi	avoir	VERcjg	MORPH=empty
lores	lors	ADVgen	MORPH=empty
que	que4	CONsub	MORPH=empty
ge	je	PROper	MORPH=empty
devant	devant	PRE	MORPH=empty
lui	il	PROper	MORPH=empty
ving	venir	VERcjg	MORPH=empty
.	.	PONfrt	MORPH=empty
Ansus	ensus	ADVgen	MORPH=empty
de	de	PRE	MORPH=empty
lui	il	PROper	MORPH=empty
un	un	DETndf	MORPH=empty
po	poi	PROind	MORPH=empty
me	je	PROper	MORPH=empty
ting	tenir1	VERcjg	MORPH=empty
,	,	PONfbl	MORPH=empty
et	et	CONcoo	MORPH=empty
il	il	PROper	MORPH=empty
me	je	PROper	MORPH=empty
dist	dire	VERcjg	MORPH=empty
que	que4	CONsub	MORPH=empty
je	je	PROper	MORPH=empty
venisse	venir	VERcjg	MORPH=empty
lez	lez	PRE	MORPH=empty
lui	il	PROper	MORPH=empty
seoir	sëoir	VERinf	MORPH=empty
et	et	CONcoo	MORPH=empty
ne	ne1	ADVneg	MORPH=empty
tenisse	tenir1	VERcjg	MORPH=empty
a	a3	PRE	MORPH=empty
orguel	orgueil	NOMcom	MORPH=empty
qu'	que4	CONsub	MORPH=empty
il	il	PROper	MORPH=empty
ne	ne1	ADVneg	MORPH=empty
se	soi1	PROper	MORPH=empty
levoit	lever	VERcjg	MORPH=empty
ancontre	encontre1	PRE	MORPH=empty
moi	je	PROper	MORPH=empty
,	,	PONfbl	MORPH=empty
qu'	que4	CONcoo	MORPH=empty
il	il	PROper	MORPH=empty
ne	ne1	ADVneg	MORPH=empty
pooit	pöoir	VERcjg	MORPH=empty
;	;	PONfbl	MORPH=empty
et	et	CONcoo	MORPH=empty
je	je	PROper	MORPH=empty
m'	je	PROper	MORPH=empty
alai	aler	VERcjg	MORPH=empty
lez	lez	PRE	MORPH=empty
lui	il	PROper	MORPH=empty
seoir	sëoir	VERinf	MORPH=empty
,	,	PONfbl	MORPH=empty
que	que4	CONcoo	MORPH=empty
jel	je+il	PROper.PROper	MORPH=empty
vi	vëoir	VERcjg	MORPH=empty
de	de	PRE	MORPH=empty
povre	povre	ADJqua	MORPH=empty
pooir	pöoir	VERinf	MORPH=empty
.	.	PONfrt	MORPH=empty
Certes	certes	ADVgen	MORPH=empty
,	,	PONfbl	MORPH=empty
il	il	PROper	MORPH=empty
grant	grant	ADJqua	MORPH=empty
enor	onor	NOMcom	MORPH=empty
vos	vos	PROper	MORPH=empty
fist	faire	VERcjg	MORPH=empty
qant	cant1	CONsub	MORPH=empty
il	il	PROper	MORPH=empty
delez	dalez	PRE	MORPH=empty
lui	il	PROper	MORPH=empty
vos	vos	PROper	MORPH=empty
asist	asseoir	VERcjg	MORPH=empty
.	.	PONfrt	MORPH=empty
Et	et	CONcoo	MORPH=empty
quant	cant1	CONsub	MORPH=empty
delez	dalez	PRE	MORPH=empty
lui	il	PROper	MORPH=empty
vos	vos	PROper	MORPH=empty
seïstes	sëoir	VERcjg	MORPH=empty
,	,	PONfbl	MORPH=empty
or	or4	ADVgen	MORPH=empty
me	je	PROper	MORPH=empty
dites	dire	VERcjg	MORPH=empty
se	se	CONsub	MORPH=empty
vos	vos	PROper	MORPH=empty
veïstes	vëoir	VERcjg	MORPH=empty
la	le	DETdef	MORPH=empty
lance	lance	NOMcom	MORPH=empty
don	dont	PROrel	MORPH=empty
la	le	DETdef	MORPH=empty
pointe	pointe	NOMcom	MORPH=empty
sainne	saignier	VERcjg	MORPH=empty
,	,	PONfbl	MORPH=empty
et	et	CONcoo	MORPH=empty
si	si	ADVgen	MORPH=empty
n'	ne1	ADVneg	MORPH=empty
i	i2	PROadv	MORPH=empty
a	avoir	VERcjg	MORPH=empty
ne	ne2	CONcoo	MORPH=empty
sanc	sanc	NOMcom	MORPH=empty
ne	ne2	CONcoo	MORPH=empty
vainne	veine1	NOMcom	MORPH=empty
.	.	PONfrt	MORPH=empty
Se	se	CONsub	MORPH=empty
ge	je	PROper	MORPH=empty
la	il	PROper	MORPH=empty
vi	vëoir	VERcjg	MORPH=empty
?	?	PONfrt	MORPH=empty
Oïl	öil	ADVgen	MORPH=empty
,	,	PONfbl	MORPH=empty
par	par	PRE	MORPH=empty
foi	foi	NOMcom	MORPH=empty
.	.	PONfrt	MORPH=empty
Et	et	CONcoo	MORPH=empty
demandastes	demander	VERcjg	MORPH=empty
vos	vos	PROper	MORPH=empty
por	por2	PRE	MORPH=empty
coi	coi2	PROrel	MORPH=empty
ele	il	PROper	MORPH=empty
sainne	saignier	VERcjg	MORPH=empty
?	?	PONfrt	MORPH=empty
N'	ne1	ADVneg	MORPH=empty
an	en2	PROadv	MORPH=empty
parlai	parler	VERcjg	MORPH=empty
onques	onque	ADVgen	MORPH=empty
.	.	PONfrt	MORPH=empty
Si	si	ADVgen	MORPH=empty
m'	je	PROper	MORPH=empty
aïst	aidier	VERcjg	MORPH=empty
Dex	Dieu	NOMpro	MORPH=empty
,	,	PONfbl	MORPH=empty
or	or4	ADVgen	MORPH=empty
sachiez	savoir	VERcjg	MORPH=empty
donques	donc	ADVgen	MORPH=empty
que	que4	CONsub	MORPH=empty
vos	vos	PROper	MORPH=empty
avez	avoir	VERcjg	MORPH=empty
esploitié	esploitier	VERppe	MORPH=empty
mal	mal1	ADJqua	MORPH=empty
.	.	PONfrt	MORPH=empty
Et	et	CONcoo	MORPH=empty
veïstes	vëoir	VERcjg	MORPH=empty
vos	vos	PROper	MORPH=empty
le	le	DETdef	MORPH=empty
graal	gräal	NOMcom	MORPH=empty
?	?	PONfrt	MORPH=empty
Oïl	öil	ADVgen	MORPH=empty
bien	bien1	ADVgen	MORPH=empty
.	.	PONfrt	MORPH=empty
Et	et	CONcoo	MORPH=empty
qui	qui	PROint	MORPH=empty
le	il	PROper	MORPH=empty
tenoit	tenir1	VERcjg	MORPH=empty
?	?	PONfrt	MORPH=empty
Une	un	DETndf	MORPH=empty
pucele	pucele	NOMcom	MORPH=empty
.	.	PONfrt	MORPH=empty
Don	dont	PROint	MORPH=empty
venoit	venir	VERcjg	MORPH=empty
?	?	PONfrt	MORPH=empty
D'	de	PRE	MORPH=empty
une	un	DETndf	MORPH=empty
chanbre	chambre1	NOMcom	MORPH=empty
,	,	PONfbl	MORPH=empty
et	et	CONcoo	MORPH=empty
en	en1	PRE	MORPH=empty
autre	autre	PROind	MORPH=empty
ala	aler	VERcjg	MORPH=empty
,	,	PONfbl	MORPH=empty
et	et	CONcoo	MORPH=empty
par	par	PRE	MORPH=empty
devant	devant	PRE	MORPH=empty
moi	je	PROper	MORPH=empty
trespassa	trespasser	VERcjg	MORPH=empty
.	.	PONfrt	MORPH=empty
Aloit	aler	VERcjg	MORPH=empty
devant	devant	PRE	MORPH=empty
le	le	DETdef	MORPH=empty
graal	gräal	NOMcom	MORPH=empty
nus	nul	PROind	MORPH=empty
?	?	PONfrt	MORPH=empty
Oïl	öil	ADVgen	MORPH=empty
Qui	qui	PROint	MORPH=empty
?	?	PONfrt	MORPH=empty
Dui	deus	DETcar	MORPH=empty
vaslet	vaslet	NOMcom	MORPH=empty
sanz	sans	PRE	MORPH=empty
plus	plus	ADVgen	MORPH=empty
.	.	PONfrt	MORPH=empty
Et	et	CONcoo	MORPH=empty
que	que3	PROint	MORPH=empty
tenoient	tenir1	VERcjg	MORPH=empty
an	en1	PRE	MORPH=empty
lor	lor2	DETpos	MORPH=empty
mains	main2	NOMcom	MORPH=empty
?	?	PONfrt	MORPH=empty
Chandeliers	chandelier1	NOMcom	MORPH=empty
de	de	PRE	MORPH=empty
chandoiles	chandoile	NOMcom	MORPH=empty
plains	plein	ADJqua	MORPH=empty
.	.	PONfrt	MORPH=empty
Et	et	CONcoo	MORPH=empty
aprés	après	PRE	MORPH=empty
le	le	DETdef	MORPH=empty
graal	gräal	NOMcom	MORPH=empty
,	,	PONfbl	MORPH=empty
qui	qui	PROint	MORPH=empty
vint	venir	VERcjg	MORPH=empty
?	?	PONfrt	MORPH=empty
Une	un	DETndf	MORPH=empty
pucele	pucele	NOMcom	MORPH=empty
.	.	PONfrt	MORPH=empty
Et	et	CONcoo	MORPH=empty
que	que3	PROint	MORPH=empty
tint	tenir1	VERcjg	MORPH=empty
?	?	PONfrt	MORPH=empty
I	un	DETndf	MORPH=empty
petit	petit	ADJqua	MORPH=empty
tailleor	taillëoir	NOMcom	MORPH=empty
d'	de	PRE	MORPH=empty
argent	argent	NOMcom	MORPH=empty
.	.	PONfrt	MORPH=empty
Demandastes	demander	VERcjg	MORPH=empty
vos	vos	PROper	MORPH=empty
a	a3	PRE	MORPH=empty
la	le	DETdef	MORPH=empty
gent	gent1	NOMcom	MORPH=empty
quel	quel1	DETrel	MORPH=empty
part	part1	NOMcom	MORPH=empty
il	il	PROper	MORPH=empty
aloient	aler	VERcjg	MORPH=empty
ensi	ainsi	ADVgen	MORPH=empty
?	?	PONfrt	MORPH=empty
Onques	onque	ADVgen	MORPH=empty
de	de	PRE	MORPH=empty
ma	mon1	DETpos	MORPH=empty
boche	boche	NOMcom	MORPH=empty
n'	ne1	ADVneg	MORPH=empty
issi	issir	VERcjg	MORPH=empty
.	.	PONfrt	MORPH=empty
Si	si	ADVgen	MORPH=empty
m'	je	PROper	MORPH=empty
aïst	aidier	VERcjg	MORPH=empty
Dex	Dieu	NOMpro	MORPH=empty
,	,	PONfbl	MORPH=empty
or	or4	ADVgen	MORPH=empty
revalt	revaloir	VERcjg	MORPH=empty
pis	pis1	ADVgen	MORPH=empty
!	!	PONfrt	MORPH=empty
Comant	coment1	ADVint	MORPH=empty
avez	avoir	VERcjg	MORPH=empty
vos	vos	PROper	MORPH=empty
non	nom	NOMcom	MORPH=empty
,	,	PONfbl	MORPH=empty
amis	ami	NOMcom	MORPH=empty
?	?	PONfrt	MORPH=empty
"	"	PONpxx	MORPH=empty
Et	et	CONcoo	MORPH=empty
cil	cel	PROdem	MORPH=empty
qui	qui	PROrel	MORPH=empty
son	son4	DETpos	MORPH=empty
non	nom	NOMcom	MORPH=empty
ne	ne1	ADVneg	MORPH=empty
savoit	savoir	VERcjg	MORPH=empty
devine	deviner	VERcjg	MORPH=empty
et	et	CONcoo	MORPH=empty
dit	dire	VERcjg	MORPH=empty
que	que4	CONsub	MORPH=empty
il	il	PROper	MORPH=empty
avoit	avoir	VERcjg	MORPH=empty
Percevax	Perceval	NOMpro	MORPH=empty
li	le	DETdef	MORPH=empty
Galois	Galois	NOMpro	MORPH=empty
a	avoir	VERcjg	MORPH=empty
non	nom	NOMcom	MORPH=empty
,	,	PONfbl	MORPH=empty
et	et	CONcoo	MORPH=empty
ne	ne1	ADVneg	MORPH=empty
set	savoir	VERcjg	MORPH=empty
s'	se	CONsub	MORPH=empty
il	il	PROper	MORPH=empty
dit	dire	VERcjg	MORPH=empty
voir	voir	ADJqua	MORPH=empty
ou	o3	CONcoo	MORPH=empty
non	non	ADVneg	MORPH=empty
;	;	PONfbl	MORPH=empty
et	et	CONcoo	MORPH=empty
il	il	PROper	MORPH=empty
dit	dire	VERcjg	MORPH=empty
voir	voir	ADJqua	MORPH=empty
,	,	PONfbl	MORPH=empty
si	si	ADVgen	MORPH=empty
ne	ne1	ADVneg	MORPH=empty
le	il	PROper	MORPH=empty
sot	savoir	VERcjg	MORPH=empty
.	.	PONfrt	MORPH=empty
Et	et	CONcoo	MORPH=empty
quant	cant1	CONsub	MORPH=empty
la	le	DETdef	MORPH=empty
dameisele	damoisele	NOMcom	MORPH=empty
l'	il	PROper	MORPH=empty
ot	öir	VERcjg	MORPH=empty
,	,	PONfbl	MORPH=empty
si	si	ADVgen	MORPH=empty
s'	soi1	PROper	MORPH=empty
est	estre1	VERcjg	MORPH=empty
ancontre	encontre1	PRE	MORPH=empty
lui	il	PROper	MORPH=empty
dreciee	drecier	VERppe	MORPH=empty
et	et	CONcoo	MORPH=empty
li	il	PROper	MORPH=empty
dist	dire	VERcjg	MORPH=empty
come	come1	CONsub	MORPH=empty
correciee	corrocier	VERppe	MORPH=empty
:	:	PONfbl	MORPH=empty
"	"	PONpxx	MORPH=empty
Vostre	vostre	DETpos	MORPH=empty
nons	nom	NOMcom	MORPH=empty
est	estre1	VERcjg	MORPH=empty
changiez	changier	VERppe	MORPH=empty
,	,	PONfbl	MORPH=empty
amis	ami	NOMcom	MORPH=empty
.	.	PONfrt	MORPH=empty
Comant	coment1	ADVint	MORPH=empty
?	?	PONfrt	MORPH=empty
Percevax	Perceval	NOMpro	MORPH=empty
li	le	DETdef	MORPH=empty
cheitis	chaitif	ADJqua	MORPH=empty
!	!	PONfrt	MORPH=empty
Ha	ha	INJ	MORPH=empty
!	!	PONfrt	MORPH=empty
Percevax	Perceval	NOMpro	MORPH=empty
maleüreus	malëuros	ADJqua	MORPH=empty
,	,	PONfbl	MORPH=empty
con	come1	ADVint	MORPH=empty
fus	estre1	VERcjg	MORPH=empty
or	or4	ADVgen	MORPH=empty
mesavantureus	mesaventuros	ADJqua	MORPH=empty
qant	cant1	CONsub	MORPH=empty
tu	tu	PROper	MORPH=empty
tot	tot	DETind	MORPH=empty
ce	ce1	PROdem	MORPH=empty
n'	ne1	ADVneg	MORPH=empty
as	avoir	VERcjg	MORPH=empty
demandé	demander	VERppe	MORPH=empty
,	,	PONfbl	MORPH=empty
que	que4	CONcoo	MORPH=empty
tant	tant	ADVgen	MORPH=empty
eüsses	avoir	VERcjg	MORPH=empty
amandé	amender	VERppe	MORPH=empty
le	le	DETdef	MORPH=empty
boen	bon	ADJqua	MORPH=empty
roi	roi2	NOMcom	MORPH=empty
qui	qui	PROrel	MORPH=empty
est	estre1	VERcjg	MORPH=empty
maheigniez	mahaignier	VERppe	MORPH=empty
que	que4	CONsub	MORPH=empty
toz	tot	PROind	MORPH=empty
eüst	avoir	VERcjg	MORPH=empty
regaaigniez	regäaignier	VERppe	MORPH=empty
ses	son4	DETpos	MORPH=empty
manbres	membre	NOMcom	MORPH=empty
et	et	CONcoo	MORPH=empty
terre	terre	NOMcom	MORPH=empty
tenist	tenir1	VERcjg	MORPH=empty
.	.	PONfrt	MORPH=empty
Ensi	ainsi	ADVgen	MORPH=empty
granz	grant	ADJqua	MORPH=empty
biens	bien2	NOMcom	MORPH=empty
en	en2	PROadv	MORPH=empty
avenist	avenant	VERcjg	MORPH=empty
!	!	PONfrt	MORPH=empty
Mes	mais1	CONcoo	MORPH=empty
or	or4	ADVgen	MORPH=empty
saches	savoir	VERcjg	MORPH=empty
bien	bien1	ADVgen	MORPH=empty
que	que4	CONsub	MORPH=empty
enui	enui	NOMcom	MORPH=empty
en	en2	PROadv	MORPH=empty
avandra	avenant	VERcjg	MORPH=empty
toi	tu	PROper	MORPH=empty
et	et	CONcoo	MORPH=empty
autrui	autrui	PROind	MORPH=empty
.	.	PONfrt	MORPH=empty
Por	por2	PRE	MORPH=empty
le	le	DETdef	MORPH=empty
pechié	pechié	NOMcom	MORPH=empty
,	,	PONfbl	MORPH=empty
ce	ce1	PROdem	MORPH=empty
saches	savoir	VERcjg	MORPH=empty
tu	tu	PROper	MORPH=empty
,	,	PONfbl	MORPH=empty
de	de	PRE	MORPH=empty
ta	ton4	DETpos	MORPH=empty
mere	mere	NOMcom	MORPH=empty
t'	tu	PROper	MORPH=empty
est	estre1	VERcjg	MORPH=empty
avenu	avenant	VERppe	MORPH=empty
,	,	PONfbl	MORPH=empty
qu'	que4	CONsub	MORPH=empty
ele	il	PROper	MORPH=empty
est	estre1	VERcjg	MORPH=empty
morte	morir	VERppe	MORPH=empty
de	de	PRE	MORPH=empty
duel	duel	NOMcom	MORPH=empty
de	de	PRE	MORPH=empty
toi	tu	PROper	MORPH=empty
.	.	PONfrt	MORPH=empty
Je	je	PROper	MORPH=empty
te	tu	PROper	MORPH=empty
conuis	conoistre	VERcjg	MORPH=empty
mialz	mieus	ADVgen	MORPH=empty
que	que1	CONsub	MORPH=empty
tu	tu	PROper	MORPH=empty
moi	je	PROper	MORPH=empty
,	,	PONfbl	MORPH=empty
que	que4	CONcoo	MORPH=empty
tu	tu	PROper	MORPH=empty
ne	ne1	ADVneg	MORPH=empty
sez	savoir	VERcjg	MORPH=empty
qui	qui	PROrel	MORPH=empty
ge	je	PROper	MORPH=empty
me	je	PROper	MORPH=empty
sui	estre1	VERcjg	MORPH=empty
.	.	PONfrt	MORPH=empty
An	en1	PRE	MORPH=empty
la	le	DETdef	MORPH=empty
meison	maison	NOMcom	MORPH=empty
ta	ton4	DETpos	MORPH=empty
mere	mere	NOMcom	MORPH=empty
fui	estre1	VERcjg	MORPH=empty
norrie	norrir	VERppe	MORPH=empty
avoec	avuec	PRE	MORPH=empty
toi	tu	PROper	MORPH=empty
grant	grant	ADJqua	MORPH=empty
termine	termine	NOMcom	MORPH=empty
,	,	PONfbl	MORPH=empty
si	si	ADVgen	MORPH=empty
sui	estre1	VERcjg	MORPH=empty
ta	ton4	DETpos	MORPH=empty
germainne	germain	ADJqua	MORPH=empty
cosine	cosin	NOMcom	MORPH=empty
et	et	CONcoo	MORPH=empty
tu	tu	PROper	MORPH=empty
es	estre1	VERcjg	MORPH=empty
mes	mon1	DETpos	MORPH=empty
cosins	cosin	NOMcom	MORPH=empty
germains	germain	ADJqua	MORPH=empty
.	.	PONfrt	MORPH=empty
Si	si	ADVgen	MORPH=empty
ne	ne1	ADVneg	MORPH=empty
me	je	PROper	MORPH=empty
poise	peser	VERcjg	MORPH=empty
mie	mie	ADVneg	MORPH=empty
mains	moins	ADVgen	MORPH=empty
de	de	PRE	MORPH=empty
ce	ce1	PROdem	MORPH=empty
que	que4	CONsub	MORPH=empty
il	il	PROper	MORPH=empty
t'	tu	PROper	MORPH=empty
est	estre1	VERcjg	MORPH=empty
mescheü	meschëoir	VERppe	MORPH=empty
que	que4	CONsub	MORPH=empty
tu	tu	PROper	MORPH=empty
n'	ne1	ADVneg	MORPH=empty
as	avoir	VERcjg	MORPH=empty
del	de+le	PRE.DETdef	MORPH=empty
graal	gräal	NOMcom	MORPH=empty
seü	savoir	VERppe	MORPH=empty
qu'	que2	PROrel	MORPH=empty
an	on	PROind	MORPH=empty
an	en2	PROadv	MORPH=empty
fet	faire	VERcjg	MORPH=empty
et	et	CONcoo	MORPH=empty
cui	cui	PROrel	MORPH=empty
an	on	PROind	MORPH=empty
le	il	PROper	MORPH=empty
porte	porter	VERcjg	MORPH=empty
,	,	PONfbl	MORPH=empty
que	que4	CONsub	MORPH=empty
de	de	PRE	MORPH=empty
ta	ton4	DETpos	MORPH=empty
mere	mere	NOMcom	MORPH=empty
qui	qui	PROrel	MORPH=empty
est	estre1	VERcjg	MORPH=empty
morte	morir	VERppe	MORPH=empty
ne	ne2	CONcoo	MORPH=empty
qu'	que4	CONsub	MORPH=empty
il	il	PROper	MORPH=empty
fet	faire	VERcjg	MORPH=empty
de	de	PRE	MORPH=empty
ce	ce2	DETdem	MORPH=empty
chevalier	chevalier	NOMcom	MORPH=empty
que	que2	PROrel	MORPH=empty
j'	je	PROper	MORPH=empty
amoie	amer1	VERcjg	MORPH=empty
et	et	CONcoo	MORPH=empty
tenoie	tenir1	VERcjg	MORPH=empty
chier	chier	ADJqua	MORPH=empty
mout	mout	ADVgen	MORPH=empty
por	por2	PRE	MORPH=empty
ice	ice1	PROdem	MORPH=empty
qu'	que4	CONsub	MORPH=empty
il	il	PROper	MORPH=empty
me	je	PROper	MORPH=empty
clamoit	clamer	VERcjg	MORPH=empty
sa	son4	DETpos	MORPH=empty
chiere	chier	ADJqua	MORPH=empty
amie	ami	NOMcom	MORPH=empty
et	et	CONcoo	MORPH=empty
conduisoit	conduire	VERcjg	MORPH=empty
come	come1	CONsub	MORPH=empty
frans	franc1	ADJqua	MORPH=empty
chevaliers	chevalier	NOMcom	MORPH=empty
leax	lëal	ADJqua	MORPH=empty
.	.	PONfrt	MORPH=empty
Ha	ha	INJ	MORPH=empty
!	!	PONfrt	MORPH=empty
cosine	cosin	NOMcom	MORPH=empty
,	,	PONfbl	MORPH=empty
fet	faire	VERcjg	MORPH=empty
Percevax	Perceval	NOMpro	MORPH=empty
,	,	PONfbl	MORPH=empty
se	se	CONsub	MORPH=empty
ce	ce1	PROdem	MORPH=empty
est	estre1	VERcjg	MORPH=empty
voirs	voir	ADJqua	MORPH=empty
que	que2	PROrel	MORPH=empty
dit	dire	VERppe	MORPH=empty
m'	je	PROper	MORPH=empty
avez	avoir	VERcjg	MORPH=empty
,	,	PONfbl	MORPH=empty
dites	dire	VERcjg	MORPH=empty
moi	je	PROper	MORPH=empty
comant	coment1	ADVsub	MORPH=empty
le	il	PROper	MORPH=empty
savez	savoir	VERcjg	MORPH=empty
.	.	PONfrt	MORPH=empty
Je	je	PROper	MORPH=empty
le	il	PROper	MORPH=empty
sai	savoir	VERcjg	MORPH=empty
,	,	PONfbl	MORPH=empty
fet	faire	VERppe	MORPH=empty
la	le	DETdef	MORPH=empty
dameisele	damoisele	NOMcom	MORPH=empty
,	,	PONfbl	MORPH=empty
si	si	ADVgen	MORPH=empty
veraiemant	veraiement	ADVgen	MORPH=empty
come	come1	CONsub	MORPH=empty
cele	cel	PROdem	MORPH=empty
qui	qui	PROrel	MORPH=empty
an	en1	PRE	MORPH=empty
terre	terre	NOMcom	MORPH=empty
metre	metre2	VERinf	MORPH=empty
la	il	PROper	MORPH=empty
vi	vëoir	VERcjg	MORPH=empty
.	.	PONfrt	MORPH=empty
Or	or4	ADVgen	MORPH=empty
ait	avoir	VERcjg	MORPH=empty
Dex	Dieu	NOMpro	MORPH=empty
de	de	PRE	MORPH=empty
s'	son4	DETpos	MORPH=empty
ame	ame	NOMcom	MORPH=empty
merci	merci	NOMcom	MORPH=empty
,	,	PONfbl	MORPH=empty
fet	faire	VERcjg	MORPH=empty
Percevax	Perceval	NOMpro	MORPH=empty
,	,	PONfbl	MORPH=empty
par	par	PRE	MORPH=empty
sa	son4	DETpos	MORPH=empty
bonté	bonté	NOMcom	MORPH=empty
!	!	PONfrt	MORPH=empty
Felon	felon	ADJqua	MORPH=empty
conte	conte2	NOMcom	MORPH=empty
m'	je	PROper	MORPH=empty
avez	avoir	VERcjg	MORPH=empty
conté	conter	VERppe	MORPH=empty
.	.	PONfrt	MORPH=empty
Et	et	CONcoo	MORPH=empty
puis	puis	ADVgen	MORPH=empty
que	que4	CONsub	MORPH=empty
ele	il	PROper	MORPH=empty
est	estre1	VERcjg	MORPH=empty
mise	metre2	VERppe	MORPH=empty
an	en1	PRE	MORPH=empty
terre	terre	NOMcom	MORPH=empty
,	,	PONfbl	MORPH=empty
que	que3	PROint	MORPH=empty
iroie	aler	VERcjg	MORPH=empty
ge	je	PROper	MORPH=empty
avant	avant	ADVgen	MORPH=empty
querre	querre	VERinf	MORPH=empty
,	,	PONfbl	MORPH=empty
que	que4	CONsub	MORPH=empty
por	por2	PRE	MORPH=empty
rien	rien	NOMcom	MORPH=empty
nule	nul	ADJind	MORPH=empty
n'	ne1	ADVneg	MORPH=empty
i	i2	PROadv	MORPH=empty
aloie	aler	VERcjg	MORPH=empty
fors	fors1	ADVgen	MORPH=empty
por	por2	PRE	MORPH=empty
li	il	PROper	MORPH=empty
que	que2	PROrel	MORPH=empty
veoir	vëoir	VERinf	MORPH=empty
voloie	voloir	VERcjg	MORPH=empty
?	?	PONfrt	MORPH=empty
Autre	autre	DETind	MORPH=empty
voie	voie	NOMcom	MORPH=empty
m'	je	PROper	MORPH=empty
estuet	estovoir1	VERcjg	MORPH=empty
tenir	tenir1	VERinf	MORPH=empty
.	.	PONfrt	MORPH=empty
Mes	mais1	CONcoo	MORPH=empty
se	se	CONsub	MORPH=empty
vos	vos	PROper	MORPH=empty
voleiez	voloir	VERcjg	MORPH=empty
venir	venir	VERinf	MORPH=empty
avoec	avuec	PRE	MORPH=empty
moi	je	PROper	MORPH=empty
,	,	PONfbl	MORPH=empty
jel	je+il	PROper.PROper	MORPH=empty
voldroie	voloir	VERcjg	MORPH=empty
bien	bien1	ADVgen	MORPH=empty
,	,	PONfbl	MORPH=empty
que	que4	CONcoo	MORPH=empty
icist	icest	PROdem	MORPH=empty
ne	ne1	ADVneg	MORPH=empty
vos	vos	PROper	MORPH=empty
valdra	valoir	VERcjg	MORPH=empty
rien	rien	PROind	MORPH=empty
,	,	PONfbl	MORPH=empty
qui	qui	PROrel	MORPH=empty
ci	ci	ADVgen	MORPH=empty
est	estre1	VERcjg	MORPH=empty
morz	morir	VERppe	MORPH=empty
,	,	PONfbl	MORPH=empty
jel	je+il	PROper.PROper	MORPH=empty
vos	vos	PROper	MORPH=empty
plevis	plevir	VERcjg	MORPH=empty
.	.	PONfrt	MORPH=empty
Les	le	DETdef	MORPH=empty
morz	morir	VERppe	MORPH=empty
as	a3+le	PRE.DETdef	MORPH=empty
morz	morir	VERppe	MORPH=empty
,	,	PONfbl	MORPH=empty
les	le	DETdef	MORPH=empty
vis	vif	ADJqua	MORPH=empty
as	a3+le	PRE.DETdef	MORPH=empty
vis	vif	ADJqua	MORPH=empty
!	!	PONfrt	MORPH=empty
Alons	aler	VERcjg	MORPH=empty
an	en2	PROadv	MORPH=empty
moi	je	PROper	MORPH=empty
et	et	CONcoo	MORPH=empty
vos	vos	PROper	MORPH=empty
ansanble	ensemble	ADVgen	MORPH=empty
.	.	PONfrt	MORPH=empty
De	de	PRE	MORPH=empty
ce	ce1	PROdem	MORPH=empty
folie	folie2	NOMcom	MORPH=empty
me	je	PROper	MORPH=empty
resanble	resembler	VERcjg	MORPH=empty
que	que4	CONsub	MORPH=empty
ci	ci	ADVgen	MORPH=empty
seule	sol1	ADJqua	MORPH=empty
gaitiez	gaitier	VERcjg	MORPH=empty
cest	cest	DETdem	MORPH=empty
mort	morir	VERppe	MORPH=empty
,	,	PONfbl	MORPH=empty
et	et	CONcoo	MORPH=empty
sivons	sivre	VERcjg	MORPH=empty
celui	cel	PROdem	MORPH=empty
qui	qui	PROrel	MORPH=empty
l'	il	PROper	MORPH=empty
a	avoir	VERcjg	MORPH=empty
mort	morir	VERppe	MORPH=empty
;	;	PONfbl	MORPH=empty
et	et	CONcoo	MORPH=empty
ge	je	PROper	MORPH=empty
vos	vos	PROper	MORPH=empty
di	dire	VERcjg	MORPH=empty
et	et	CONcoo	MORPH=empty
vos	vos	PROper	MORPH=empty
creant	crëanter	VERcjg	MORPH=empty
,	,	PONfbl	MORPH=empty
ou	o3	CONcoo	MORPH=empty
il	il	PROper	MORPH=empty
me	je	PROper	MORPH=empty
fera	faire	VERcjg	MORPH=empty
recreant	recroire	VERppa	MORPH=empty
,	,	PONfbl	MORPH=empty
ou	o3	CONcoo	MORPH=empty
je	je	PROper	MORPH=empty
lui	il	PROper	MORPH=empty
,	,	PONfbl	MORPH=empty
se	se	CONsub	MORPH=empty
jel	je+il	PROper.PROper	MORPH=empty
puis	pöoir	VERcjg	MORPH=empty
ataindre	ataindre	VERinf	MORPH=empty
.	.	PONfrt	MORPH=empty
"	"	PONpxx	MORPH=empty
Et	et	CONcoo	MORPH=empty
cele	cel	PROdem	MORPH=empty
,	,	PONfbl	MORPH=empty
qui	qui	PROrel	MORPH=empty
ne	ne1	ADVneg	MORPH=empty
puet	pöoir	VERcjg	MORPH=empty
refraindre	refraindre2	VERinf	MORPH=empty
le	le	DETdef	MORPH=empty
duel	duel	NOMcom	MORPH=empty
que	que2	PROrel	MORPH=empty
ele	il	PROper	MORPH=empty
a	avoir	VERcjg	MORPH=empty
a	a3	PRE	MORPH=empty
son	son4	DETpos	MORPH=empty
cuer	cuer2	NOMcom	MORPH=empty
,	,	PONfbl	MORPH=empty
li	il	PROper	MORPH=empty
dist	dire	VERcjg	MORPH=empty
:	:	PONfbl	MORPH=empty
"	"	PONpxx	MORPH=empty
Sire	seignor	NOMcom	MORPH=empty
,	,	PONfbl	MORPH=empty
ge	je	PROper	MORPH=empty
a	a3	PRE	MORPH=empty
nul	nul	DETind	MORPH=empty
fuer	fuer2	NOMcom	MORPH=empty
ansanble	ensemble	ADVgen	MORPH=empty
o	o4	PRE	MORPH=empty
vos	vos	PROper	MORPH=empty
ne	ne1	ADVneg	MORPH=empty
m'	je	PROper	MORPH=empty
an	en2	PROadv	MORPH=empty
iroie	aler	VERcjg	MORPH=empty
ne	ne2	CONcoo	MORPH=empty
de	de	PRE	MORPH=empty
lui	il	PROper	MORPH=empty
ne	ne1	ADVneg	MORPH=empty
me	je	PROper	MORPH=empty
partiroie	partir	VERcjg	MORPH=empty
devant	devant	ADVgen	MORPH=empty
que	que4	CONsub	MORPH=empty
ge	je	PROper	MORPH=empty
l'	il	PROper	MORPH=empty
aie	avoir	VERcjg	MORPH=empty
anterré	enterrer	VERppe	MORPH=empty
.	.	PONfrt	MORPH=empty
Vos	vos	PROper	MORPH=empty
tanrez	tenir1	VERcjg	MORPH=empty
ce	ce2	DETdem	MORPH=empty
chemin	chemin	NOMcom	MORPH=empty
ferré	ferrer	VERppe	MORPH=empty
,	,	PONfbl	MORPH=empty
se	se	CONsub	MORPH=empty
vos	vos	PROper	MORPH=empty
me	je	PROper	MORPH=empty
creez	croire	VERcjg	MORPH=empty
,	,	PONfbl	MORPH=empty
par	par	PRE	MORPH=empty
de	de	PRE	MORPH=empty
ça	ça	ADVgen	MORPH=empty
,	,	PONfbl	MORPH=empty
et	et	CONcoo	MORPH=empty
par	par	PRE	MORPH=empty
ce	ce2	DETdem	MORPH=empty
santier	sentier	NOMcom	MORPH=empty
s'	soi1	PROper	MORPH=empty
an	en2	PROadv	MORPH=empty
ala	aler	VERcjg	MORPH=empty
li	le	DETdef	MORPH=empty
chevaliers	chevalier	NOMcom	MORPH=empty
fel	felon	ADJqua	MORPH=empty
et	et	CONcoo	MORPH=empty
estouz	estout	ADJqua	MORPH=empty
qui	qui	PROrel	MORPH=empty
me	je	PROper	MORPH=empty
toli	tolir	VERcjg	MORPH=empty
mon	mon1	DETpos	MORPH=empty
ami	ami	NOMcom	MORPH=empty
douz	douz	ADJqua	MORPH=empty
.	.	PONfrt	MORPH=empty
Et	et	CONcoo	MORPH=empty
por	por2	PRE	MORPH=empty
ce	ce1	PROdem	MORPH=empty
mie	mie	ADVneg	MORPH=empty
ne	ne1	ADVneg	MORPH=empty
l'	il	PROper	MORPH=empty
ai	avoir	VERcjg	MORPH=empty
dit	dire	VERppe	MORPH=empty
que	que4	CONsub	MORPH=empty
je	je	PROper	MORPH=empty
voille	voloir	VERcjg	MORPH=empty
,	,	PONfbl	MORPH=empty
se	se	CONsub	MORPH=empty
Dex	Dieu	NOMpro	MORPH=empty
m'	je	PROper	MORPH=empty
aït	aidier	VERcjg	MORPH=empty
,	,	PONfbl	MORPH=empty
que	que4	CONsub	MORPH=empty
vos	vos	PROper	MORPH=empty
alesiez	aler	VERcjg	MORPH=empty
aprés	après	PRE	MORPH=empty
lui	il	PROper	MORPH=empty
;	;	PONfbl	MORPH=empty
si	si	ADVgen	MORPH=empty
voldroie	voloir	VERcjg	MORPH=empty
ge	je	PROper	MORPH=empty
son	son4	DETpos	MORPH=empty
enui	enui	NOMcom	MORPH=empty
ausi	aussi	ADVgen	MORPH=empty
con	come1	CONsub	MORPH=empty
s'	se	CONsub	MORPH=empty
il	il	PROper	MORPH=empty
m'	je	PROper	MORPH=empty
avoit	avoir	VERcjg	MORPH=empty
ocise	ocire	VERppe	MORPH=empty
.	.	PONfrt	MORPH=empty
Mes	mais1	CONcoo	MORPH=empty
ou	où	PROint	MORPH=empty
fu	estre1	VERcjg	MORPH=empty
cele	cel	DETdem	MORPH=empty
espee	espee	NOMcom	MORPH=empty
prise	prendre	VERppe	MORPH=empty
qui	qui	PROrel	MORPH=empty
vos	vos	PROper	MORPH=empty
pant	pendre	VERcjg	MORPH=empty
au	a3+le	PRE.DETdef	MORPH=empty
senestre	senestre	ADJqua	MORPH=empty
flanc	flanc	NOMcom	MORPH=empty
,	,	PONfbl	MORPH=empty
qui	qui	PROrel	MORPH=empty
onques	onque	ADVgen	MORPH=empty
d'	de	PRE	MORPH=empty
ome	ome	NOMcom	MORPH=empty
ne	ne1	ADVneg	MORPH=empty
trest	traire	VERcjg	MORPH=empty
sanc	sanc	NOMcom	MORPH=empty
ne	ne2	CONcoo	MORPH=empty
ne	ne1	ADVneg	MORPH=empty
fu	estre1	VERcjg	MORPH=empty
a	a3	PRE	MORPH=empty
nul	nul	DETind	MORPH=empty
besoing	besoing	NOMcom	MORPH=empty
trete	traire	VERppe	MORPH=empty
?	?	PONfrt	MORPH=empty
Je	je	PROper	MORPH=empty
sai	savoir	VERcjg	MORPH=empty
bien	bien1	ADVgen	MORPH=empty
ou	où	PROrel	MORPH=empty
ele	il	PROper	MORPH=empty
fu	estre1	VERcjg	MORPH=empty
fete	faire	VERppe	MORPH=empty
et	et	CONcoo	MORPH=empty
si	si	ADVgen	MORPH=empty
sai	savoir	VERcjg	MORPH=empty
bien	bien1	ADVgen	MORPH=empty
qui	qui	PROrel	MORPH=empty
la	il	PROper	MORPH=empty
forja	forgier	VERcjg	MORPH=empty
.	.	PONfrt	MORPH=empty
Gardez	garder	VERcjg	MORPH=empty
,	,	PONfbl	MORPH=empty
ne	ne1	ADVneg	MORPH=empty
vos	vos	PROper	MORPH=empty
i	i2	PROadv	MORPH=empty
fiez	fïer	VERcjg	MORPH=empty
ja	ja	ADVgen	MORPH=empty
,	,	PONfbl	MORPH=empty
qu'	que4	CONsub	MORPH=empty
ele	il	PROper	MORPH=empty
vos	vos	PROper	MORPH=empty
traïra	träir	VERcjg	MORPH=empty
sanz	sans	PRE	MORPH=empty
faille	faille3	NOMcom	MORPH=empty
qant	cant1	CONsub	MORPH=empty
vos	vos	PROper	MORPH=empty
vanroiz	venir	VERcjg	MORPH=empty
a	a3	PRE	MORPH=empty
la	le	DETdef	MORPH=empty
bataille	bataille	NOMcom	MORPH=empty
,	,	PONfbl	MORPH=empty
qu'	que4	CONcoo	MORPH=empty
ele	il	PROper	MORPH=empty
vos	vos	PROper	MORPH=empty
volera	voler	VERcjg	MORPH=empty
an	en1	PRE	MORPH=empty
pieces	piece	NOMcom	MORPH=empty
.	.	PONfrt	MORPH=empty
Bele	bel1	ADJqua	MORPH=empty
cosine	cosin	NOMcom	MORPH=empty
,	,	PONfbl	MORPH=empty
une	un	PROind	MORPH=empty
des	de+le	PRE.DETdef	MORPH=empty
nieces	niece	NOMcom	MORPH=empty
mon	mon1	DETpos	MORPH=empty
oste	oste	NOMcom	MORPH=empty
si	si	ADVgen	MORPH=empty
li	il	PROper	MORPH=empty
anvea	envoiier	VERcjg	MORPH=empty
hersoir	ersoir	ADVgen	MORPH=empty
,	,	PONfbl	MORPH=empty
et	et	CONcoo	MORPH=empty
il	il	PROper	MORPH=empty
la	il	PROper	MORPH=empty
me	je	PROper	MORPH=empty
dona	doner	VERcjg	MORPH=empty
.	.	PONfrt	MORPH=empty
Ge	je	PROper	MORPH=empty
m'	je	PROper	MORPH=empty
an	en2	PROadv	MORPH=empty
tenoie	tenir1	VERcjg	MORPH=empty
a	a3	PRE	MORPH=empty
bien	bien1	ADVgen	MORPH=empty
paié	paiier	VERppe	MORPH=empty
,	,	PONfbl	MORPH=empty
mes	mais1	CONcoo	MORPH=empty
mout	mout	ADVgen	MORPH=empty
m'	je	PROper	MORPH=empty
an	en2	PROadv	MORPH=empty
avez	avoir	VERcjg	MORPH=empty
esmaié	esmaiier	VERppe	MORPH=empty
,	,	PONfbl	MORPH=empty
se	se	CONsub	MORPH=empty
ce	ce1	PROdem	MORPH=empty
est	estre1	VERcjg	MORPH=empty
voirs	voir	ADJqua	MORPH=empty
que	que2	PROrel	MORPH=empty
dit	dire	VERppe	MORPH=empty
m'	je	PROper	MORPH=empty
avez	avoir	VERcjg	MORPH=empty
.	.	PONfrt	MORPH=empty
Or	or4	ADVgen	MORPH=empty
me	je	PROper	MORPH=empty
dites	dire	VERcjg	MORPH=empty
,	,	PONfbl	MORPH=empty
se	se	CONsub	MORPH=empty
vos	vos	PROper	MORPH=empty
savez	savoir	VERcjg	MORPH=empty
,	,	PONfbl	MORPH=empty
se	se	CONsub	MORPH=empty
il	il	PROper	MORPH=empty
avient	avenant	VERcjg	MORPH=empty
qu'	que4	CONsub	MORPH=empty
ele	il	PROper	MORPH=empty
soit	estre1	VERcjg	MORPH=empty
frete	fraindre	VERppe	MORPH=empty
,	,	PONfbl	MORPH=empty
sera	estre1	VERcjg	MORPH=empty
ele	il	PROper	MORPH=empty
ja	ja	ADVgen	MORPH=empty
mes	mais1	ADVgen	MORPH=empty
refete	refaire1	VERppe	MORPH=empty
?	?	PONfrt	MORPH=empty
Oïl	öil	ADVgen	MORPH=empty
,	,	PONfbl	MORPH=empty
mes	mais1	CONcoo	MORPH=empty
grant	grant	ADJqua	MORPH=empty
poinne	peine	NOMcom	MORPH=empty
i	i2	PROadv	MORPH=empty
avroit	avoir	VERcjg	MORPH=empty
.	.	PONfrt	MORPH=empty
Qui	qui	PROrel	MORPH=empty
la	le	DETdef	MORPH=empty
voie	voie	NOMcom	MORPH=empty
tenir	tenir1	VERinf	MORPH=empty
savroit	savoir	VERcjg	MORPH=empty
,	,	PONfbl	MORPH=empty
au	a3+le	PRE.DETdef	MORPH=empty
lac	lac	NOMcom	MORPH=empty
qui	qui	PROrel	MORPH=empty
est	estre1	VERcjg	MORPH=empty
sor	sor2	PRE	MORPH=empty
Cotouatre	Cotoatre	NOMpro	MORPH=empty
,	,	PONfbl	MORPH=empty
la	là	ADVgen	MORPH=empty
la	il	PROper	MORPH=empty
porroit	pöoir	VERcjg	MORPH=empty
fere	faire	VERinf	MORPH=empty
rebatre	rebatre	VERinf	MORPH=empty
et	et	CONcoo	MORPH=empty
retemprer	retemprer	VERinf	MORPH=empty
et	et	CONcoo	MORPH=empty
fere	faire	VERinf	MORPH=empty
sainne	sain	ADJqua	MORPH=empty
.	.	PONfrt	MORPH=empty
Se	se	CONsub	MORPH=empty
avanture	aventure	NOMcom	MORPH=empty
vos	vos	PROper	MORPH=empty
i	i2	PROadv	MORPH=empty
mainne	mener	VERcjg	MORPH=empty
,	,	PONfbl	MORPH=empty
n'	ne1	ADVneg	MORPH=empty
alez	aler	VERcjg	MORPH=empty
se	se	CONsub	MORPH=empty
chiés	chiés	PRE	MORPH=empty
Trabuchet	Trebuchet	NOMpro	MORPH=empty
non	non	ADVneg	MORPH=empty
,	,	PONfbl	MORPH=empty
.i.	un	DETndf	MORPH=empty
fevre	fevre	NOMcom	MORPH=empty
qui	qui	PROrel	MORPH=empty
ensi	ainsi	ADVgen	MORPH=empty
a	avoir	VERcjg	MORPH=empty
non	nom	NOMcom	MORPH=empty
,	,	PONfbl	MORPH=empty
que	que4	CONcoo	MORPH=empty
cil	cel	PROdem	MORPH=empty
la	il	PROper	MORPH=empty
fist	faire	VERcjg	MORPH=empty
et	et	CONcoo	MORPH=empty
refera	refaire2	VERcjg	MORPH=empty
,	,	PONfbl	MORPH=empty
ou	o3	CONcoo	MORPH=empty
ja	ja	ADVgen	MORPH=empty
mes	mais1	ADVgen	MORPH=empty
fete	faire	VERppe	MORPH=empty
ne	ne1	ADVneg	MORPH=empty
sera	estre1	VERcjg	MORPH=empty
par	par	PRE	MORPH=empty
home	ome	NOMcom	MORPH=empty
qui	qui	PROrel	MORPH=empty
s'	soi1	PROper	MORPH=empty
an	en2	PROadv	MORPH=empty
antremete	entremetre	VERcjg	MORPH=empty
.	.	PONfrt	MORPH=empty
Gardez	garder	VERcjg	MORPH=empty
,	,	PONfbl	MORPH=empty
autres	autre	PROind	MORPH=empty
la	le	DETdef	MORPH=empty
main	main2	NOMcom	MORPH=empty
n'	ne1	ADVneg	MORPH=empty
i	i2	PROadv	MORPH=empty
mete	metre2	VERcjg	MORPH=empty
,	,	PONfbl	MORPH=empty
qu'	que4	CONcoo	MORPH=empty
il	il	PROper	MORPH=empty
n'	ne1	ADVneg	MORPH=empty
an	en2	PROadv	MORPH=empty
savroit	savoir	VERcjg	MORPH=empty
venir	venir	VERinf	MORPH=empty
a	a3	PRE	MORPH=empty
chief	chief1	NOMcom	MORPH=empty
.	.	PONfrt	MORPH=empty
Certes	certes	ADVgen	MORPH=empty
,	,	PONfbl	MORPH=empty
fet	faire	VERcjg	MORPH=empty
il	il	PROper	MORPH=empty
,	,	PONfbl	MORPH=empty
ice	ice1	PROdem	MORPH=empty
m'	je	PROper	MORPH=empty
est	estre1	VERcjg	MORPH=empty
grief	grief	ADJqua	MORPH=empty
,	,	PONfbl	MORPH=empty
dist	dire	VERcjg	MORPH=empty
Percevax	Perceval	NOMpro	MORPH=empty
,	,	PONfbl	MORPH=empty
se	se	CONsub	MORPH=empty
ele	il	PROper	MORPH=empty
fraint	fraindre	VERcjg	MORPH=empty
.	.	PONfrt	MORPH=empty
"	"	PONpxx	MORPH=empty
Lors	lors	ADVgen	MORPH=empty
s'	soi1	PROper	MORPH=empty
an	en2	PROadv	MORPH=empty
va	aler	VERcjg	MORPH=empty
,	,	PONfbl	MORPH=empty
et	et	CONcoo	MORPH=empty
ele	il	PROper	MORPH=empty
remaint	remanoir	VERcjg	MORPH=empty
,	,	PONfbl	MORPH=empty
que	que4	CONcoo	MORPH=empty
del	de+le	PRE.DETdef	MORPH=empty
mort	morir	VERppe	MORPH=empty
partir	partir	VERinf	MORPH=empty
ne	ne1	ADVneg	MORPH=empty
se	soi1	PROper	MORPH=empty
vialt	voloir	VERcjg	MORPH=empty
,	,	PONfbl	MORPH=empty
dont	dont	PROrel	MORPH=empty
ele	il	PROper	MORPH=empty
mout	mout	ADVgen	MORPH=empty
formant	forment2	ADVgen	MORPH=empty
se	soi1	PROper	MORPH=empty
dialt	doloir	VERcjg	MORPH=empty
.	.	PONfrt	MORPH=empty
Percevax	Perceval	NOMpro	MORPH=empty
la	le	DETdef	MORPH=empty
santele	sentele	NOMcom	MORPH=empty
va	aler	VERcjg	MORPH=empty
toz	tot	DETind	MORPH=empty
uns	un	DETndf	MORPH=empty
escloz	esclo	NOMcom	MORPH=empty
que	que2	PROrel	MORPH=empty
il	il	PROper	MORPH=empty
trova	trover	VERcjg	MORPH=empty
d'	de	PRE	MORPH=empty
un	un	DETndf	MORPH=empty
palefroi	palefroi	NOMcom	MORPH=empty
et	et	CONcoo	MORPH=empty
megre	maigre	ADJqua	MORPH=empty
et	et	CONcoo	MORPH=empty
las	las	ADJqua	MORPH=empty
,	,	PONfbl	MORPH=empty
qui	qui	PROrel	MORPH=empty
devant	devant	PRE	MORPH=empty
lui	il	PROper	MORPH=empty
aloit	aler	VERcjg	MORPH=empty
le	le	DETdef	MORPH=empty
pas	pas	NOMcom	MORPH=empty
.	.	PONfrt	MORPH=empty
Del	de+le	PRE.DETdef	MORPH=empty
palefroi	palefroi	NOMcom	MORPH=empty
li	il	PROper	MORPH=empty
estoit	estre1	VERcjg	MORPH=empty
vis	vis2	NOMcom	MORPH=empty
,	,	PONfbl	MORPH=empty
tant	tant	ADVgen	MORPH=empty
estoit	estre1	VERcjg	MORPH=empty
megres	maigre	ADJqua	MORPH=empty
et	et	CONcoo	MORPH=empty
cheitis	chaitif	ADJqua	MORPH=empty
,	,	PONfbl	MORPH=empty
qu'	que4	CONsub	MORPH=empty
an	en1	PRE	MORPH=empty
males	mal1	ADJqua	MORPH=empty
mains	main2	NOMcom	MORPH=empty
estoit	estre1	VERcjg	MORPH=empty
cheüz	chëoir	VERppe	MORPH=empty
.	.	PONfrt	MORPH=empty
Bien	bien1	ADVgen	MORPH=empty
travelliez	travaillier	VERcjg	MORPH=empty
et	et	CONcoo	MORPH=empty
mal	mal1	ADJqua	MORPH=empty
peüz	paistre	VERppe	MORPH=empty
sanble	sembler	VERcjg	MORPH=empty
que	que4	CONsub	MORPH=empty
il	il	PROper	MORPH=empty
eüst	avoir	VERcjg	MORPH=empty
esté	estre1	VERppe	MORPH=empty
,	,	PONfbl	MORPH=empty
ausi	aussi	ADVgen	MORPH=empty
come	come1	CONsub	MORPH=empty
cheval	cheval	NOMcom	MORPH=empty
presté	prester	VERppe	MORPH=empty
,	,	PONfbl	MORPH=empty
qui	qui	PROrel	MORPH=empty
le	le	DETdef	MORPH=empty
jor	jor	NOMcom	MORPH=empty
est	estre1	VERcjg	MORPH=empty
bien	bien1	ADVgen	MORPH=empty
travelliez	travaillier	VERppe	MORPH=empty
et	et	CONcoo	MORPH=empty
la	le	DETdef	MORPH=empty
nuit	nuit	NOMcom	MORPH=empty
mal	mal1	ADJqua	MORPH=empty
aparelliez	apareillier1	VERppe	MORPH=empty
.	.	PONfrt	MORPH=empty
Autel	autel1	PROind	MORPH=empty
del	de+le	PRE.DETdef	MORPH=empty
palefroi	palefroi	NOMcom	MORPH=empty
sanbloit	sembler	VERcjg	MORPH=empty
.	.	PONfrt	MORPH=empty
Tant	tant	ADVgen	MORPH=empty
estoit	estre1	VERcjg	MORPH=empty
megres	maigre	ADJqua	MORPH=empty
qu'	que4	CONsub	MORPH=empty
il	il	PROper	MORPH=empty
tranbloit	trembler1	VERcjg	MORPH=empty
ausi	aussi	ADVgen	MORPH=empty
com	come1	CONsub	MORPH=empty
s'	se	CONsub	MORPH=empty
il	il	PROper	MORPH=empty
fust	estre1	VERcjg	MORPH=empty
anfonduz	enfondre2	VERppe	MORPH=empty
;	;	PONfbl	MORPH=empty
trestoz	trestot	DETind	MORPH=empty
les	le	DETdef	MORPH=empty
crins	crin	NOMcom	MORPH=empty
avoit	avoir	VERcjg	MORPH=empty
tonduz	tondre1	VERppe	MORPH=empty
et	et	CONcoo	MORPH=empty
les	le	DETdef	MORPH=empty
oroilles	oreille	NOMcom	MORPH=empty
li	il	PROper	MORPH=empty
pandoient	pendre	VERcjg	MORPH=empty
;	;	PONfbl	MORPH=empty
cuiriee	cuiriee2	NOMcom	MORPH=empty
et	et	CONcoo	MORPH=empty
past	past2	NOMcom	MORPH=empty
i	i2	PROadv	MORPH=empty
atandoient	atendre	VERcjg	MORPH=empty
tuit	tot	DETind	MORPH=empty
li	le	DETdef	MORPH=empty
mastin	mastin	NOMcom	MORPH=empty
et	et	CONcoo	MORPH=empty
li	le	DETdef	MORPH=empty
gaignon	gaignon	NOMcom	MORPH=empty
,	,	PONfbl	MORPH=empty
que	que4	CONcoo	MORPH=empty
il	il	PROper	MORPH=empty
n'	ne1	ADVneg	MORPH=empty
avoit	avoir	VERcjg	MORPH=empty
se	se	CONsub	MORPH=empty
le	le	DETdef	MORPH=empty
cuir	cuir	NOMcom	MORPH=empty
non	non	ADVneg	MORPH=empty
tant	tant	ADVgen	MORPH=empty
seulemant	solement2	ADVgen	MORPH=empty
desor	desor	PRE	MORPH=empty
les	le	DETdef	MORPH=empty
os	os2	NOMcom	MORPH=empty
.	.	PONfrt	MORPH=empty
Une	un	DETndf	MORPH=empty
sanbue	sambüe	NOMcom	MORPH=empty
sor	sor2	PRE	MORPH=empty
le	le	DETdef	MORPH=empty
dos	dos	NOMcom	MORPH=empty
et	et	CONcoo	MORPH=empty
.i.	un	DETndf	MORPH=empty
lorain	lorain	NOMcom	MORPH=empty
ot	avoir	VERcjg	MORPH=empty
an	en1	PRE	MORPH=empty
la	le	DETdef	MORPH=empty
teste	teste	NOMcom	MORPH=empty
,	,	PONfbl	MORPH=empty
tel	tel	ADJind	MORPH=empty
con	come1	CONsub	MORPH=empty
covint	covenir	VERcjg	MORPH=empty
a	a3	PRE	MORPH=empty
tele	tel	DETind	MORPH=empty
beste	beste	NOMcom	MORPH=empty
;	;	PONfbl	MORPH=empty
et	et	CONcoo	MORPH=empty
une	un	DETndf	MORPH=empty
pucele	pucele	NOMcom	MORPH=empty
ot	avoir	VERcjg	MORPH=empty
desus	desus	ADVgen	MORPH=empty
,	,	PONfbl	MORPH=empty
einz	ainc	ADVgen	MORPH=empty
si	si	ADVgen	MORPH=empty
chestive	chaitif	ADJqua	MORPH=empty
ne	ne1	ADVneg	MORPH=empty
vit	vëoir	VERcjg	MORPH=empty
nus	nul	PROind	MORPH=empty
.	.	PONfrt	MORPH=empty
Neporquant	neporcant	ADVgen	MORPH=empty
assez	assez	ADVgen	MORPH=empty
bele	bel1	ADJqua	MORPH=empty
fust	estre1	VERcjg	MORPH=empty
se	se	CONsub	MORPH=empty
assez	assez	ADVgen	MORPH=empty
bien	bien1	ADVgen	MORPH=empty
li	il	PROper	MORPH=empty
esteüst	ester	VERcjg	MORPH=empty
;	;	PONfbl	MORPH=empty
mes	mais1	CONcoo	MORPH=empty
si	si	ADVgen	MORPH=empty
malemant	malement	ADVgen	MORPH=empty
li	il	PROper	MORPH=empty
estoit	ester	VERcjg	MORPH=empty
qu'	que4	CONsub	MORPH=empty
an	en1	PRE	MORPH=empty
la	le	DETdef	MORPH=empty
robe	robe	NOMcom	MORPH=empty
que	que2	PROrel	MORPH=empty
ele	il	PROper	MORPH=empty
vestoit	vestir	VERcjg	MORPH=empty
n'	ne1	ADVneg	MORPH=empty
avoit	avoir	VERcjg	MORPH=empty
plainne	plein	ADJqua	MORPH=empty
paume	paume1	NOMcom	MORPH=empty
de	de	PRE	MORPH=empty
sain	sain	ADJqua	MORPH=empty
,	,	PONfbl	MORPH=empty
einz	ainz	ADVgen	MORPH=empty
li	il	PROper	MORPH=empty
sailloient	salir2	VERcjg	MORPH=empty
hors	hors	ADVgen	MORPH=empty
del	de+le	PRE.DETdef	MORPH=empty
sain	sein	NOMcom	MORPH=empty
les	le	DETdef	MORPH=empty
memeles	mamele	NOMcom	MORPH=empty
par	par	PRE	MORPH=empty
les	le	DETdef	MORPH=empty
rotures	roture	NOMcom	MORPH=empty
.	.	PONfrt	MORPH=empty
A	a3	PRE	MORPH=empty
neuz	no1	NOMcom	MORPH=empty
et	et	CONcoo	MORPH=empty
a	a3	PRE	MORPH=empty
grosses	gros	ADJqua	MORPH=empty
costures	costure	NOMcom	MORPH=empty
de	de	PRE	MORPH=empty
leus	lieu	NOMcom	MORPH=empty
an	en1	PRE	MORPH=empty
leus	lieu	NOMcom	MORPH=empty
ert	estre1	VERcjg	MORPH=empty
atachiee	atachier2	VERppe	MORPH=empty
,	,	PONfbl	MORPH=empty
et	et	CONcoo	MORPH=empty
sa	son4	DETpos	MORPH=empty
char	char2	NOMcom	MORPH=empty
si	si	ADVgen	MORPH=empty
fu	estre1	VERcjg	MORPH=empty
dehachiee	dehachier	VERppe	MORPH=empty
de	de	PRE	MORPH=empty
noif	noif	NOMcom	MORPH=empty
,	,	PONfbl	MORPH=empty
de	de	PRE	MORPH=empty
gresle	gresle	NOMcom	MORPH=empty
et	et	CONcoo	MORPH=empty
de	de	PRE	MORPH=empty
gelee	gelee	NOMcom	MORPH=empty
.	.	PONfrt	MORPH=empty
Desliee	desliier	VERppe	MORPH=empty
et	et	CONcoo	MORPH=empty
desafublee	desafubler	VERppe	MORPH=empty
estoit	estre1	VERcjg	MORPH=empty
,	,	PONfbl	MORPH=empty
si	si	ADVgen	MORPH=empty
li	il	PROper	MORPH=empty
paroit	paroir	VERcjg	MORPH=empty
la	le	DETdef	MORPH=empty
face	face	NOMcom	MORPH=empty
ou	où	PROrel	MORPH=empty
avoit	avoir	VERcjg	MORPH=empty
mainte	maint	DETind	MORPH=empty
leide	lait1	ADJqua	MORPH=empty
trace	trace	NOMcom	MORPH=empty
,	,	PONfbl	MORPH=empty
que	que4	CONcoo	MORPH=empty
ses	son4	DETpos	MORPH=empty
lermes	larme	NOMcom	MORPH=empty
par	par	PRE	MORPH=empty
tot	tot	PROind	MORPH=empty
sanz	sans	PRE	MORPH=empty
fin	fin1	NOMcom	MORPH=empty
i	i2	PROadv	MORPH=empty
avoient	avoir	VERcjg	MORPH=empty
fet	faire	VERppe	MORPH=empty
le	le	DETdef	MORPH=empty
traïn	träin	NOMcom	MORPH=empty
;	;	PONfbl	MORPH=empty
que	que4	CONcoo	MORPH=empty
jusqu'	jusque	PRE	MORPH=empty
au	a3+le	PRE.DETdef	MORPH=empty
manton	menton	NOMcom	MORPH=empty
li	il	PROper	MORPH=empty
coloient	coler1	VERcjg	MORPH=empty
et	et	CONcoo	MORPH=empty
par	par	PRE	MORPH=empty
desor	desor	PRE	MORPH=empty
sa	son4	DETpos	MORPH=empty
robe	robe	NOMcom	MORPH=empty
aloient	aler	VERcjg	MORPH=empty
jusque	jusque	PRE	MORPH=empty
sor	sor2	PRE	MORPH=empty
les	le	DETdef	MORPH=empty
genolz	genoil	NOMcom	MORPH=empty
colant	coler1	VERppa	MORPH=empty
.	.	PONfrt	MORPH=empty
Mes	mais1	CONcoo	MORPH=empty
mout	mout	ADVgen	MORPH=empty
pooit	pöoir	VERcjg	MORPH=empty
avoir	avoir	VERinf	MORPH=empty
dolant	dolent	ADJqua	MORPH=empty
le	le	DETdef	MORPH=empty
cuer	cuer2	NOMcom	MORPH=empty
qui	qui	PROrel	MORPH=empty
tant	tant	ADVgen	MORPH=empty
meseise	mesaise	NOMcom	MORPH=empty
avoit	avoir	VERcjg	MORPH=empty
.	.	PONfrt	MORPH=empty
Si	si	ADVgen	MORPH=empty
tost	tost1	ADVgen	MORPH=empty
com	come1	CONsub	MORPH=empty
Percevax	Perceval	NOMpro	MORPH=empty
la	il	PROper	MORPH=empty
voit	vëoir	VERcjg	MORPH=empty
,	,	PONfbl	MORPH=empty
si	si	ADVgen	MORPH=empty
cort	corir	VERcjg	MORPH=empty
vers	vers2	PRE	MORPH=empty
li	il	PROper	MORPH=empty
grant	grant	ADJqua	MORPH=empty
aleüre	alëure	NOMcom	MORPH=empty
,	,	PONfbl	MORPH=empty
et	et	CONcoo	MORPH=empty
ele	il	PROper	MORPH=empty
estraint	estreindre	VERcjg	MORPH=empty
sa	son4	DETpos	MORPH=empty
vesteüre	vestëure	NOMcom	MORPH=empty
antor	entor	PRE	MORPH=empty
li	il	PROper	MORPH=empty
por	por2	PRE	MORPH=empty
le	il	PROper	MORPH=empty
mialz	mieus	ADVgen	MORPH=empty
covrir	covrir	VERinf	MORPH=empty
.	.	PONfrt	MORPH=empty
Lors	lors	ADVgen	MORPH=empty
comancent	comencier	VERcjg	MORPH=empty
pertuis	pertuis	NOMcom	MORPH=empty
ovrir	ovrir	VERinf	MORPH=empty
,	,	PONfbl	MORPH=empty
que	que4	CONsub	MORPH=empty
,	,	PONfbl	MORPH=empty
quantque	cantque	PROrel	MORPH=empty
ele	il	PROper	MORPH=empty
mialz	mieus	ADVgen	MORPH=empty
se	soi1	PROper	MORPH=empty
cuevre	covrir	VERcjg	MORPH=empty
,	,	PONfbl	MORPH=empty
.i.	un	DETndf	MORPH=empty
pertuis	pertuis	NOMcom	MORPH=empty
clost	clore	VERppe	MORPH=empty
et	et	CONcoo	MORPH=empty
.c.	100	PROcar	MORPH=empty
an	en2	PROadv	MORPH=empty
oevre	ovrir	VERcjg	MORPH=empty
.	.	PONfrt	MORPH=empty
Ensi	ainsi	ADVgen	MORPH=empty
descoloree	descolorer	VERppe	MORPH=empty
et	et	CONcoo	MORPH=empty
tainte	teindre	VERppe	MORPH=empty
et	et	CONcoo	MORPH=empty
si	si	ADVgen	MORPH=empty
cheitive	chaitif	ADJqua	MORPH=empty
l'	il	PROper	MORPH=empty
a	avoir	VERcjg	MORPH=empty
atainte	ataindre	VERppe	MORPH=empty
Percevax	Perceval	NOMpro	MORPH=empty
,	,	PONfbl	MORPH=empty
et	et	CONcoo	MORPH=empty
an	en1	PRE	MORPH=empty
son	son4	DETpos	MORPH=empty
ataindre	ataindre	VERinf	MORPH=empty
l'	il	PROper	MORPH=empty
oï	öir	VERcjg	MORPH=empty
dolereusemant	dolorosement	ADVgen	MORPH=empty
plaindre	plaindre	VERinf	MORPH=empty
de	de	PRE	MORPH=empty
sa	son4	DETpos	MORPH=empty
poinne	peine	NOMcom	MORPH=empty
et	et	CONcoo	MORPH=empty
de	de	PRE	MORPH=empty
sa	son4	DETpos	MORPH=empty
meseise	mesaise	NOMcom	MORPH=empty
:	:	PONfbl	MORPH=empty
"	"	PONpxx	MORPH=empty
Dex	Dieu	NOMpro	MORPH=empty
,	,	PONfbl	MORPH=empty
fet	faire	VERcjg	MORPH=empty
ele	il	PROper	MORPH=empty
,	,	PONfbl	MORPH=empty
ja	ja	ADVgen	MORPH=empty
ne	ne1	ADVneg	MORPH=empty
vos	vos	PROper	MORPH=empty
pleise	plaire	VERcjg	MORPH=empty
que	que4	CONsub	MORPH=empty
je	je	PROper	MORPH=empty
ensi	ainsi	ADVgen	MORPH=empty
longuemant	longement2	ADVgen	MORPH=empty
vive	vivre1	VERcjg	MORPH=empty
!	!	PONfrt	MORPH=empty
Trop	trop	ADVgen	MORPH=empty
ai	avoir	VERcjg	MORPH=empty
esté	estre1	VERppe	MORPH=empty
lonc	lonc	ADJqua	MORPH=empty
tans	tens	NOMcom	MORPH=empty
cheitive	chaitif	ADJqua	MORPH=empty
,	,	PONfbl	MORPH=empty
si	si	ADVgen	MORPH=empty
n'	ne1	ADVneg	MORPH=empty
est	estre1	VERcjg	MORPH=empty
mie	mie	ADVneg	MORPH=empty
par	par	PRE	MORPH=empty
ma	mon1	DETpos	MORPH=empty
desserte	deserte2	NOMcom	MORPH=empty
!	!	PONfrt	MORPH=empty
Trop	trop	ADVgen	MORPH=empty
ai	avoir	VERcjg	MORPH=empty
maleürté	malëurté	NOMcom	MORPH=empty
soferte	sofrir	VERppe	MORPH=empty
!	!	PONfrt	MORPH=empty
Dex	Dieu	NOMpro	MORPH=empty
,	,	PONfbl	MORPH=empty
ensi	ainsi	ADVgen	MORPH=empty
com	come1	CONsub	MORPH=empty
tu	tu	PROper	MORPH=empty
le	il	PROper	MORPH=empty
sez	savoir	VERcjg	MORPH=empty
bien	bien1	ADVgen	MORPH=empty
,	,	PONfbl	MORPH=empty
que	que4	CONsub	MORPH=empty
ge	je	PROper	MORPH=empty
n'	ne1	ADVneg	MORPH=empty
i	i2	PROadv	MORPH=empty
ai	avoir	VERcjg	MORPH=empty
desservi	deservir	VERppe	MORPH=empty
rien	rien	PROind	MORPH=empty
,	,	PONfbl	MORPH=empty
si	si	ADVgen	MORPH=empty
m'	je	PROper	MORPH=empty
anvoies	envoiier	VERcjg	MORPH=empty
tu	tu	PROper	MORPH=empty
,	,	PONfbl	MORPH=empty
se	se	CONsub	MORPH=empty
toi	tu	PROper	MORPH=empty
siet	sëoir	VERcjg	MORPH=empty
,	,	PONfbl	MORPH=empty
qui	qui	PROrel	MORPH=empty
de	de	PRE	MORPH=empty
ceste	cest	DETdem	MORPH=empty
poinne	peine	NOMcom	MORPH=empty
me	je	PROper	MORPH=empty
giet	jeter	VERcjg	MORPH=empty
,	,	PONfbl	MORPH=empty
ou	o3	CONcoo	MORPH=empty
tu	tu	PROper	MORPH=empty
de	de	PRE	MORPH=empty
celui	cel	PROdem	MORPH=empty
me	je	PROper	MORPH=empty
delivre	delivrer	VERcjg	MORPH=empty
qui	qui	PROrel	MORPH=empty
a	a3	PRE	MORPH=empty
tel	tel	DETind	MORPH=empty
honte	honte	NOMcom	MORPH=empty
me	je	PROper	MORPH=empty
fet	faire	VERcjg	MORPH=empty
vivre	vivre1	VERinf	MORPH=empty
.	.	PONfrt	MORPH=empty
An	en1	PRE	MORPH=empty
lui	il	PROper	MORPH=empty
nule	nul	DETind	MORPH=empty
merci	merci	NOMcom	MORPH=empty
ne	ne1	ADVneg	MORPH=empty
truis	trover	VERcjg	MORPH=empty
,	,	PONfbl	MORPH=empty
ne	ne2	CONcoo	MORPH=empty
vive	vif	ADJqua	MORPH=empty
eschaper	eschaper	VERinf	MORPH=empty
ne	ne1	ADVneg	MORPH=empty
li	il	PROper	MORPH=empty
puis	pöoir	VERcjg	MORPH=empty
,	,	PONfbl	MORPH=empty
ne	ne2	CONcoo	MORPH=empty
il	il	PROper	MORPH=empty
ne	ne1	ADVneg	MORPH=empty
me	je	PROper	MORPH=empty
par	par2	ADVgen	MORPH=empty
vialt	voloir	VERcjg	MORPH=empty
ocirre	ocire	VERinf	MORPH=empty
,	,	PONfbl	MORPH=empty
ne	ne2	CONcoo	MORPH=empty
ge	je	PROper	MORPH=empty
ne	ne1	ADVneg	MORPH=empty
sai	savoir	VERcjg	MORPH=empty
por	por2	PRE	MORPH=empty
qu'	que2	PROrel	MORPH=empty
il	il	PROper	MORPH=empty
desirre	desirrer	VERcjg	MORPH=empty
ma	mon1	DETpos	MORPH=empty
conpaingnie	compagnie	NOMcom	MORPH=empty
an	en1	PRE	MORPH=empty
tel	tel	DETind	MORPH=empty
meniere	maniere	NOMcom	MORPH=empty
,	,	PONfbl	MORPH=empty
se	se	CONsub	MORPH=empty
por	por2	PRE	MORPH=empty
ce	ce1	PROdem	MORPH=empty
non	non	ADVneg	MORPH=empty
qu'	que4	CONsub	MORPH=empty
ausins	aussi	ADVgen	MORPH=empty
a	avoir	VERcjg	MORPH=empty
chiere	chier	ADJqua	MORPH=empty
ma	mon1	DETpos	MORPH=empty
honte	honte	NOMcom	MORPH=empty
et	et	CONcoo	MORPH=empty
ma	mon1	DETpos	MORPH=empty
maleürté	malëurté	NOMcom	MORPH=empty
.	.	PONfrt	MORPH=empty
Se	se	CONsub	MORPH=empty
il	il	PROper	MORPH=empty
seüst	savoir	VERcjg	MORPH=empty
de	de	PRE	MORPH=empty
verité	verité	NOMcom	MORPH=empty
que	que4	CONsub	MORPH=empty
ge	je	PROper	MORPH=empty
l'	il	PROper	MORPH=empty
eüsse	avoir	VERcjg	MORPH=empty
desservi	deservir	VERppe	MORPH=empty
,	,	PONfbl	MORPH=empty
s'	si	ADVgen	MORPH=empty
an	en2	PROadv	MORPH=empty
deüst	devoir	VERcjg	MORPH=empty
il	il	PROper	MORPH=empty
avoir	avoir	VERinf	MORPH=empty
merci	merci	NOMcom	MORPH=empty
puis	puis	ADVgen	MORPH=empty
que	que4	CONsub	MORPH=empty
tant	tant	ADVgen	MORPH=empty
conparé	comparer2	VERppe	MORPH=empty
l'	il	PROper	MORPH=empty
eüsse	avoir	VERcjg	MORPH=empty
,	,	PONfbl	MORPH=empty
se	se	CONsub	MORPH=empty
de	de	PRE	MORPH=empty
rien	rien	NOMcom	MORPH=empty
nule	nul	ADJind	MORPH=empty
li	il	PROper	MORPH=empty
pleüsse	plaire	VERcjg	MORPH=empty
.	.	PONfrt	MORPH=empty
Mes	mais1	CONcoo	MORPH=empty
certes	certes	ADVgen	MORPH=empty
il	il	PROper	MORPH=empty
ne	ne1	ADVneg	MORPH=empty
m'	je	PROper	MORPH=empty
ainme	amer1	VERcjg	MORPH=empty
mie	mie	ADVneg	MORPH=empty
quant	cant1	CONsub	MORPH=empty
il	il	PROper	MORPH=empty
me	je	PROper	MORPH=empty
fet	faire	VERcjg	MORPH=empty
si	si	ADVgen	MORPH=empty
aspre	aspre	ADJqua	MORPH=empty
vie	vie1	NOMcom	MORPH=empty
aprés	après	PRE	MORPH=empty
lui	il	PROper	MORPH=empty
trere	traire	VERinf	MORPH=empty
,	,	PONfbl	MORPH=empty
et	et	CONcoo	MORPH=empty
ne	ne1	ADVneg	MORPH=empty
li	il	PROper	MORPH=empty
chaut	chaloir	VERcjg	MORPH=empty
.	.	PONfrt	MORPH=empty
"	"	PONpxx	MORPH=empty
Lors	lors	ADVgen	MORPH=empty
li	il	PROper	MORPH=empty
dist	dire	VERcjg	MORPH=empty
:	:	PONfbl	MORPH=empty
"	"	PONpxx	MORPH=empty
Bele	bel1	ADJqua	MORPH=empty
,	,	PONfbl	MORPH=empty
Dex	Dieu	NOMpro	MORPH=empty
vos	vos	PROper	MORPH=empty
saut	sauver	VERcjg	MORPH=empty
!	!	PONfrt	MORPH=empty
"	"	PONpxx	MORPH=empty
Percevax	Perceval	NOMpro	MORPH=empty
,	,	PONfbl	MORPH=empty
qui	qui	PROrel	MORPH=empty
atainte	ataindre	VERppe	MORPH=empty
l'	il	PROper	MORPH=empty
ot	avoir	VERcjg	MORPH=empty
.	.	PONfrt	MORPH=empty
Et	et	CONcoo	MORPH=empty
quant	cant1	CONsub	MORPH=empty
la	le	DETdef	MORPH=empty
dameisele	damoisele	NOMcom	MORPH=empty
l'	il	PROper	MORPH=empty
ot	öir	VERcjg	MORPH=empty
,	,	PONfbl	MORPH=empty
si	si	ADVgen	MORPH=empty
s'	soi1	PROper	MORPH=empty
anbruncha	embronchier	VERcjg	MORPH=empty
et	et	CONcoo	MORPH=empty
dist	dire	VERcjg	MORPH=empty
an	en1	PRE	MORPH=empty
bas	bas	ADJqua	MORPH=empty
:	:	PONfbl	MORPH=empty
"	"	PONpxx	MORPH=empty
Sire	seignor	NOMcom	MORPH=empty
,	,	PONfbl	MORPH=empty
qui	qui	PROrel	MORPH=empty
saluee	salüer	VERppe	MORPH=empty
m'	je	PROper	MORPH=empty
as	avoir	VERcjg	MORPH=empty
,	,	PONfbl	MORPH=empty
tes	ton4	DETpos	MORPH=empty
cuers	cuer2	NOMcom	MORPH=empty
ait	avoir	VERcjg	MORPH=empty
tot	tot	DETind	MORPH=empty
ce	ce1	PROdem	MORPH=empty
qu'	que2	PROrel	MORPH=empty
il	il	PROper	MORPH=empty
voldroit	voloir	VERcjg	MORPH=empty
,	,	PONfbl	MORPH=empty
et	et	CONcoo	MORPH=empty
si	si	ADVgen	MORPH=empty
n'	ne1	ADVneg	MORPH=empty
i	i2	PROadv	MORPH=empty
ai	avoir	VERcjg	MORPH=empty
ge	je	PROper	MORPH=empty
mie	mie	ADVneg	MORPH=empty
droit	droit	ADJqua	MORPH=empty
.	.	PONfrt	MORPH=empty
"	"	PONpxx	MORPH=empty
Et	et	CONcoo	MORPH=empty
Percevax	Perceval	NOMpro	MORPH=empty
respondu	respondre1	VERppe	MORPH=empty
a	avoir	VERcjg	MORPH=empty
,	,	PONfbl	MORPH=empty
qui	qui	PROrel	MORPH=empty
de	de	PRE	MORPH=empty
honte	honte	NOMcom	MORPH=empty
color	color	NOMcom	MORPH=empty
mua	müer	VERcjg	MORPH=empty
:	:	PONfbl	MORPH=empty
"	"	PONpxx	MORPH=empty
Avoi	avoi	INJ	MORPH=empty
,	,	PONfbl	MORPH=empty
dameisele	damoisele	NOMcom	MORPH=empty
,	,	PONfbl	MORPH=empty
por	por2	PRE	MORPH=empty
coi	coi2	PROint	MORPH=empty
?	?	PONfrt	MORPH=empty
Certes	certes	ADVgen	MORPH=empty
ge	je	PROper	MORPH=empty
ne	ne1	ADVneg	MORPH=empty
pans	penser	VERcjg	MORPH=empty
ne	ne2	CONcoo	MORPH=empty
ne	ne1	ADVneg	MORPH=empty
croi	croire	VERcjg	MORPH=empty
que	que4	CONsub	MORPH=empty
ge	je	PROper	MORPH=empty
onques	onque	ADVgen	MORPH=empty
mes	mais1	ADVgen	MORPH=empty
vos	vos	PROper	MORPH=empty
veïsse	vëoir	VERcjg	MORPH=empty
ne	ne2	CONcoo	MORPH=empty
rien	rien	NOMcom	MORPH=empty
nule	nul	ADJind	MORPH=empty
vos	vos	PROper	MORPH=empty
mesfeïsse	mesfaire	VERcjg	MORPH=empty
.	.	PONfrt	MORPH=empty
Si	si	ADVgen	MORPH=empty
as	avoir	VERcjg	MORPH=empty
,	,	PONfbl	MORPH=empty
fet	faire	VERcjg	MORPH=empty
ele	il	PROper	MORPH=empty
,	,	PONfbl	MORPH=empty
que	que4	CONcoo	MORPH=empty
ge	je	PROper	MORPH=empty
sui	estre1	VERcjg	MORPH=empty
si	si	ADVgen	MORPH=empty
cheitive	chaitif	ADJqua	MORPH=empty
et	et	CONcoo	MORPH=empty
ai	avoir	VERcjg	MORPH=empty
tant	tant	ADVgen	MORPH=empty
d'	de	PRE	MORPH=empty
ennui	enui	NOMcom	MORPH=empty
que	que4	CONsub	MORPH=empty
nus	nul	PROind	MORPH=empty
ne	ne1	ADVneg	MORPH=empty
me	je	PROper	MORPH=empty
doit	devoir	VERcjg	MORPH=empty
saluer	salüer	VERinf	MORPH=empty
.	.	PONfrt	MORPH=empty
D'	de	PRE	MORPH=empty
angoisse	angoisse	NOMcom	MORPH=empty
me	je	PROper	MORPH=empty
covient	covenir	VERcjg	MORPH=empty
suer	süer	VERinf	MORPH=empty
qant	cant1	CONsub	MORPH=empty
nus	nul	PROind	MORPH=empty
m'	je	PROper	MORPH=empty
areste	arester	VERcjg	MORPH=empty
ne	ne2	CONcoo	MORPH=empty
esgarde	esgarder	VERcjg	MORPH=empty
.	.	PONfrt	MORPH=empty
Voir	voir	ADVgen	MORPH=empty
,	,	PONfbl	MORPH=empty
ge	je	PROper	MORPH=empty
ne	ne1	ADVneg	MORPH=empty
me	je	PROper	MORPH=empty
donoie	doner	VERcjg	MORPH=empty
garde	garde	NOMcom	MORPH=empty
,	,	PONfbl	MORPH=empty
fet	faire	VERcjg	MORPH=empty
Percevax	Perceval	NOMpro	MORPH=empty
,	,	PONfbl	MORPH=empty
de	de	PRE	MORPH=empty
ce	ce2	DETdem	MORPH=empty
mesfet	mesfait	NOMcom	MORPH=empty
.	.	PONfrt	MORPH=empty
Por	por2	PRE	MORPH=empty
vos	vos	PROper	MORPH=empty
fere	faire	VERinf	MORPH=empty
honte	honte	NOMcom	MORPH=empty
ne	ne2	CONcoo	MORPH=empty
let	lait2	NOMcom	MORPH=empty
,	,	PONfbl	MORPH=empty
certes	certes	ADVgen	MORPH=empty
,	,	PONfbl	MORPH=empty
ne	ne1	ADVneg	MORPH=empty
ving	venir	VERcjg	MORPH=empty
ge	je	PROper	MORPH=empty
mie	mie	ADVneg	MORPH=empty
ça	ça	ADVgen	MORPH=empty
,	,	PONfbl	MORPH=empty
mes	mais1	CONcoo	MORPH=empty
ma	mon1	DETpos	MORPH=empty
voie	voie	NOMcom	MORPH=empty
m'	je	PROper	MORPH=empty
i	i2	PROadv	MORPH=empty
adreça	adrecier	VERcjg	MORPH=empty
;	;	PONfbl	MORPH=empty
et	et	CONcoo	MORPH=empty
des	des2	ADVgen	MORPH=empty
que	que4	CONsub	MORPH=empty
ge	je	PROper	MORPH=empty
vos	vos	PROper	MORPH=empty
oi	avoir	VERcjg	MORPH=empty
veüe	vëoir	VERppe	MORPH=empty
si	si	ADVgen	MORPH=empty
desprise	desprendre	VERcjg	MORPH=empty
et	et	CONcoo	MORPH=empty
si	si	ADVgen	MORPH=empty
povre	povre	ADJqua	MORPH=empty
et	et	CONcoo	MORPH=empty
nue	nu1	ADJqua	MORPH=empty
,	,	PONfbl	MORPH=empty
ja	ja	ADVgen	MORPH=empty
mes	mais1	ADVgen	MORPH=empty
joie	joie	NOMcom	MORPH=empty
an	en1	PRE	MORPH=empty
mon	mon1	DETpos	MORPH=empty
cuer	cuer2	NOMcom	MORPH=empty
n'	ne1	ADVneg	MORPH=empty
eüsse	avoir	VERcjg	MORPH=empty
se	se	CONsub	MORPH=empty
la	le	DETdef	MORPH=empty
verité	verité	NOMcom	MORPH=empty
ne	ne1	ADVneg	MORPH=empty
seüsse	savoir	VERcjg	MORPH=empty
quex	quel1	DETrel	MORPH=empty
avanture	aventure	NOMcom	MORPH=empty
vos	vos	PROper	MORPH=empty
demainne	demener	VERcjg	MORPH=empty
an	en1	PRE	MORPH=empty
tel	tel	DETind	MORPH=empty
dolor	dolor	NOMcom	MORPH=empty
et	et	CONcoo	MORPH=empty
an	en1	PRE	MORPH=empty
tel	tel	DETind	MORPH=empty
painne	peine	NOMcom	MORPH=empty
.	.	PONfrt	MORPH=empty
Ha	ha	INJ	MORPH=empty
!	!	PONfrt	MORPH=empty
sire	seignor	NOMcom	MORPH=empty
,	,	PONfbl	MORPH=empty
fet	faire	VERcjg	MORPH=empty
ele	il	PROper	MORPH=empty
,	,	PONfbl	MORPH=empty
merci	merci	NOMcom	MORPH=empty
!	!	PONfrt	MORPH=empty
Teisiez	taire	VERcjg	MORPH=empty
vos	vos	PROper	MORPH=empty
et	et	CONcoo	MORPH=empty
fuiez	fuir	VERcjg	MORPH=empty
de	de	PRE	MORPH=empty
ci	ci	ADVgen	MORPH=empty
et	et	CONcoo	MORPH=empty
me	je	PROper	MORPH=empty
lessiez	laissier	VERcjg	MORPH=empty
an	en1	PRE	MORPH=empty
pes	pais	NOMcom	MORPH=empty
ester	ester	VERinf	MORPH=empty
.	.	PONfrt	MORPH=empty
Pechiez	pechié	NOMcom	MORPH=empty
vos	vos	PROper	MORPH=empty
fet	faire	VERcjg	MORPH=empty
ci	ci	ADVgen	MORPH=empty
arester	arester	VERinf	MORPH=empty
;	;	PONfbl	MORPH=empty
mes	mais1	ADVgen	MORPH=empty
fuiez	fuir	VERcjg	MORPH=empty
,	,	PONfbl	MORPH=empty
si	si	ADVgen	MORPH=empty
feroiz	faire	VERcjg	MORPH=empty
savoir	savoir	VERinf	MORPH=empty
.	.	PONfrt	MORPH=empty
Ice	ice1	PROdem	MORPH=empty
,	,	PONfbl	MORPH=empty
fet	faire	VERcjg	MORPH=empty
il	il	PROper	MORPH=empty
,	,	PONfbl	MORPH=empty
vuel	voloir	VERcjg	MORPH=empty
ge	je	PROper	MORPH=empty
savoir	savoir	VERinf	MORPH=empty
por	por2	PRE	MORPH=empty
quel	quel1	DETrel	MORPH=empty
peor	pëor	NOMcom	MORPH=empty
,	,	PONfbl	MORPH=empty
por	por2	PRE	MORPH=empty
quel	quel1	DETrel	MORPH=empty
menace	menace	NOMcom	MORPH=empty
je	je	PROper	MORPH=empty
fuie	fuir	VERcjg	MORPH=empty
,	,	PONfbl	MORPH=empty
et	et	CONcoo	MORPH=empty
nus	nul	DETind	MORPH=empty
hom	ome	NOMcom	MORPH=empty
ne	ne1	ADVneg	MORPH=empty
me	je	PROper	MORPH=empty
chace	chacier	VERcjg	MORPH=empty
.	.	PONfrt	MORPH=empty
Que	que3	ADVint	MORPH=empty
li	le	DETdef	MORPH=empty
Orguilleus	orgoillos	ADJqua	MORPH=empty
de	de	PRE	MORPH=empty
la	le	DETdef	MORPH=empty
Lande	lande1	NOMcom	MORPH=empty
,	,	PONfbl	MORPH=empty
qui	qui	PROrel	MORPH=empty
autre	autre	DETind	MORPH=empty
chose	chose	NOMcom	MORPH=empty
ne	ne1	ADVneg	MORPH=empty
demande	demander	VERcjg	MORPH=empty
se	se	CONsub	MORPH=empty
bataille	bataille	NOMcom	MORPH=empty
non	non	ADVneg	MORPH=empty
et	et	CONcoo	MORPH=empty
meslee	meslee	NOMcom	MORPH=empty
,	,	PONfbl	MORPH=empty
ne	ne1	ADVneg	MORPH=empty
sorveigne	sorvenir	VERcjg	MORPH=empty
a	a3	PRE	MORPH=empty
ceste	cest	DETdem	MORPH=empty
assanblee	assemblee	NOMcom	MORPH=empty
,	,	PONfbl	MORPH=empty
que	que4	CONcoo	MORPH=empty
s'	se	CONsub	MORPH=empty
il	il	PROper	MORPH=empty
vos	vos	PROper	MORPH=empty
trovoit	trover	VERcjg	MORPH=empty
ci	ci	ADVgen	MORPH=empty
elués	eluec	ADVgen	MORPH=empty
,	,	PONfbl	MORPH=empty
certes	certes	ADVgen	MORPH=empty
,	,	PONfbl	MORPH=empty
il	il	PROper	MORPH=empty
vos	vos	PROper	MORPH=empty
ocirroit	ocire	VERcjg	MORPH=empty
lués	luès	ADVgen	MORPH=empty
.	.	PONfrt	MORPH=empty
Tant	tant	ADVgen	MORPH=empty
li	il	PROper	MORPH=empty
poise	peser	VERcjg	MORPH=empty
quant	cant1	CONsub	MORPH=empty
nus	nul	PROind	MORPH=empty
m'	je	PROper	MORPH=empty
areste	arester	VERcjg	MORPH=empty
que	que4	CONsub	MORPH=empty
nus	nul	PROind	MORPH=empty
n'	ne1	ADVneg	MORPH=empty
an	en2	PROadv	MORPH=empty
puet	pöoir	VERcjg	MORPH=empty
porter	porter	VERinf	MORPH=empty
la	le	DETdef	MORPH=empty
teste	teste	NOMcom	MORPH=empty
qui	qui	PROrel	MORPH=empty
parolt	parler	VERcjg	MORPH=empty
a	a3	PRE	MORPH=empty
moi	je	PROper	MORPH=empty
et	et	CONcoo	MORPH=empty
retaigne	retenir	VERcjg	MORPH=empty
,	,	PONfbl	MORPH=empty
por	por2	PRE	MORPH=empty
ce	ce1	PROdem	MORPH=empty
que	que4	CONsub	MORPH=empty
il	il	PROper	MORPH=empty
a	a3	PRE	MORPH=empty
tans	tens	NOMcom	MORPH=empty
i	i2	PROadv	MORPH=empty
vaigne	venir	VERcjg	MORPH=empty
.	.	PONfrt	MORPH=empty
N'	ne1	ADVneg	MORPH=empty
a	avoir	VERcjg	MORPH=empty
gueres	gaire	ADVgen	MORPH=empty
qu'	que4	CONsub	MORPH=empty
il	il	PROper	MORPH=empty
an	en2	PROadv	MORPH=empty
ocist	ocire	VERcjg	MORPH=empty
un	un	PROind	MORPH=empty
,	,	PONfbl	MORPH=empty
mes	mais1	CONcoo	MORPH=empty
il	il	PROper	MORPH=empty
conte	conter	VERcjg	MORPH=empty
avant	avant	ADVgen	MORPH=empty
a	a3	PRE	MORPH=empty
chascun	chascun	PROind	MORPH=empty
por	por2	PRE	MORPH=empty
coi	coi2	PROrel	MORPH=empty
il	il	PROper	MORPH=empty
m'	je	PROper	MORPH=empty
a	avoir	VERcjg	MORPH=empty
an	en1	PRE	MORPH=empty
tel	tel	DETind	MORPH=empty
vilté	vilté	NOMcom	MORPH=empty
et	et	CONcoo	MORPH=empty
mise	metre2	VERppe	MORPH=empty
an	en1	PRE	MORPH=empty
tel	tel	DETind	MORPH=empty
chestiveté	chaitiveté	NOMcom	MORPH=empty
.	.	PONfrt	MORPH=empty
"	"	PONpxx	MORPH=empty
Queque	que_que	PROrel	MORPH=empty
il	il	PROper	MORPH=empty
parloient	parler	VERcjg	MORPH=empty
ensi	ainsi	ADVgen	MORPH=empty
,	,	PONfbl	MORPH=empty
li	le	DETdef	MORPH=empty
Orguilleus	orgoillos	ADJqua	MORPH=empty
del	de+le	PRE.DETdef	MORPH=empty
bois	bois	NOMcom	MORPH=empty
issi	issir	VERcjg	MORPH=empty
et	et	CONcoo	MORPH=empty
vint	venir	VERcjg	MORPH=empty
ausi	aussi	ADVgen	MORPH=empty
con	come1	CONsub	MORPH=empty
une	un	DETndf	MORPH=empty
foudre	foudre	NOMcom	MORPH=empty
par	par	PRE	MORPH=empty
le	le	DETdef	MORPH=empty
sablon	sablon	NOMcom	MORPH=empty
et	et	CONcoo	MORPH=empty
par	par	PRE	MORPH=empty
la	le	DETdef	MORPH=empty
poudre	poudre	NOMcom	MORPH=empty
,	,	PONfbl	MORPH=empty
criant	crïer2	VERppa	MORPH=empty
:	:	PONfbl	MORPH=empty
"	"	PONpxx	MORPH=empty
Voir	voir	ADVgen	MORPH=empty
,	,	PONfbl	MORPH=empty
mar	mar	ADVgen	MORPH=empty
i	i2	PROadv	MORPH=empty
arestas	arester	VERcjg	MORPH=empty
tu	tu	PROper	MORPH=empty
qui	qui	PROrel	MORPH=empty
lez	lez	PRE	MORPH=empty
la	le	DETdef	MORPH=empty
pucele	pucele	NOMcom	MORPH=empty
estas	ester	VERcjg	MORPH=empty
.	.	PONfrt	MORPH=empty
Saches	savoir	VERcjg	MORPH=empty
que	que4	CONsub	MORPH=empty
ta	ton4	DETpos	MORPH=empty
fins	fin1	NOMcom	MORPH=empty
est	estre1	VERcjg	MORPH=empty
venue	venir	VERppe	MORPH=empty
por	por2	PRE	MORPH=empty
ce	ce1	PROdem	MORPH=empty
que	que4	CONsub	MORPH=empty
tu	tu	PROper	MORPH=empty
l'	il	PROper	MORPH=empty
as	avoir	VERcjg	MORPH=empty
retenue	retenir	VERppe	MORPH=empty
ne	ne2	CONcoo	MORPH=empty
arestee	arester	VERppe	MORPH=empty
.i.	1	DETcar	MORPH=empty
tot	tot	ADVgen	MORPH=empty
seul	sol1	ADJqua	MORPH=empty
pas	pas	NOMcom	MORPH=empty
.	.	PONfrt	MORPH=empty
Mes	mais1	CONcoo	MORPH=empty
ge	je	PROper	MORPH=empty
ne	ne1	ADVneg	MORPH=empty
t'	tu	PROper	MORPH=empty
ocirroie	ocire	VERcjg	MORPH=empty
pas	pas	ADVneg	MORPH=empty
devant	devant	ADVgen	MORPH=empty
que	que4	CONsub	MORPH=empty
ge	je	PROper	MORPH=empty
t'	tu	PROper	MORPH=empty
aie	avoir	VERcjg	MORPH=empty
retret	retraire	VERppe	MORPH=empty
por	por2	PRE	MORPH=empty
quel	quel1	DETrel	MORPH=empty
honte	honte	NOMcom	MORPH=empty
,	,	PONfbl	MORPH=empty
por	por2	PRE	MORPH=empty
quel	quel1	DETrel	MORPH=empty
mesfet	mesfait	NOMcom	MORPH=empty
je	je	PROper	MORPH=empty
la	il	PROper	MORPH=empty
fais	faire	VERcjg	MORPH=empty
vivre	vivre1	VERinf	MORPH=empty
a	a3	PRE	MORPH=empty
si	si	ADVgen	MORPH=empty
grant	grant	ADJqua	MORPH=empty
honte	honte	NOMcom	MORPH=empty
.	.	PONfrt	MORPH=empty
Mes	mais1	CONcoo	MORPH=empty
or	or4	ADVgen	MORPH=empty
antant	entendre	VERcjg	MORPH=empty
,	,	PONfbl	MORPH=empty
s'	si	ADVgen	MORPH=empty
orras	öir	VERcjg	MORPH=empty
le	le	DETdef	MORPH=empty
conte	conte2	NOMcom	MORPH=empty
.	.	PONfrt	MORPH=empty
Un	un	DETndf	MORPH=empty
jor	jor	NOMcom	MORPH=empty
el	en1+le	PRE.DETdef	MORPH=empty
bois	bois	NOMcom	MORPH=empty
alez	aler	VERppe	MORPH=empty
estoie	estre1	VERcjg	MORPH=empty
et	et	CONcoo	MORPH=empty
ceste	cest	DETdem	MORPH=empty
dameisele	damoisele	NOMcom	MORPH=empty
avoie	avoir	VERcjg	MORPH=empty
lessiee	laissier	VERppe	MORPH=empty
an	en1	PRE	MORPH=empty
.i.	un	DETndf	MORPH=empty
mien	mien	ADJpos	MORPH=empty
pavellon	paveillon	NOMcom	MORPH=empty
,	,	PONfbl	MORPH=empty
et	et	CONcoo	MORPH=empty
n'	ne1	ADVneg	MORPH=empty
amoie	amer1	VERcjg	MORPH=empty
rien	rien	PROind	MORPH=empty
se	se	CONsub	MORPH=empty
li	il	PROper	MORPH=empty
non	non	ADVneg	MORPH=empty
,	,	PONfbl	MORPH=empty
tant	tant	ADVgen	MORPH=empty
que	que4	CONsub	MORPH=empty
par	par	PRE	MORPH=empty
avanture	aventure	NOMcom	MORPH=empty
avint	avenant	VERcjg	MORPH=empty
que	que4	CONsub	MORPH=empty
uns	un	DETndf	MORPH=empty
vaslez	vaslet	NOMcom	MORPH=empty
del	de+le	PRE.DETdef	MORPH=empty
bois	bois	NOMcom	MORPH=empty
revint	revenir	VERcjg	MORPH=empty
.	.	PONfrt	MORPH=empty
Ne	ne1	ADVneg	MORPH=empty
sai	savoir	VERcjg	MORPH=empty
quex	quel1	DETrel	MORPH=empty
voies	voie	NOMcom	MORPH=empty
il	il	PROper	MORPH=empty
ala	aler	VERcjg	MORPH=empty
,	,	PONfbl	MORPH=empty
mes	mais1	CONcoo	MORPH=empty
tant	tant	ADVgen	MORPH=empty
fist	faire	VERcjg	MORPH=empty
que	que4	CONsub	MORPH=empty
il	il	PROper	MORPH=empty
la	il	PROper	MORPH=empty
beisa	baisier	VERcjg	MORPH=empty
par	par	PRE	MORPH=empty
force	force2	NOMcom	MORPH=empty
,	,	PONfbl	MORPH=empty
si	si	ADVgen	MORPH=empty
le	il	PROper	MORPH=empty
me	je	PROper	MORPH=empty
conut	conoistre	VERcjg	MORPH=empty
.	.	PONfrt	MORPH=empty
S'	se	CONsub	MORPH=empty
ele	il	PROper	MORPH=empty
an	en2	PROadv	MORPH=empty
manti	mentir	VERcjg	MORPH=empty
,	,	PONfbl	MORPH=empty
ce	ce1	PROdem	MORPH=empty
,	,	PONfbl	MORPH=empty
que	que2	PROrel	MORPH=empty
li	il	PROper	MORPH=empty
nut	nuire	VERcjg	MORPH=empty
?	?	PONfrt	MORPH=empty
Qant	cant1	CONsub	MORPH=empty
il	il	PROper	MORPH=empty
la	il	PROper	MORPH=empty
beisa	baisier	VERcjg	MORPH=empty
mau	mal1	ADJqua	MORPH=empty
gré	gré2	NOMcom	MORPH=empty
suen	suen	ADJpos	MORPH=empty
,	,	PONfbl	MORPH=empty
n'	ne1	ADVneg	MORPH=empty
an	en2	PROadv	MORPH=empty
fist	faire	VERcjg	MORPH=empty
il	il	PROper	MORPH=empty
aprés	après	ADVgen	MORPH=empty
tot	tot	DETind	MORPH=empty
son	son4	DETpos	MORPH=empty
buen	bon	ADJqua	MORPH=empty
?	?	PONfrt	MORPH=empty
Oïl	öil	ADVgen	MORPH=empty
,	,	PONfbl	MORPH=empty
ce	ce1	PROdem	MORPH=empty
ne	ne1	ADVneg	MORPH=empty
cresra	croire	VERcjg	MORPH=empty
ja	ja	ADVgen	MORPH=empty
nus	nul	PROind	MORPH=empty
qu'	que4	CONsub	MORPH=empty
il	il	PROper	MORPH=empty
la	il	PROper	MORPH=empty
beisast	baisier	VERcjg	MORPH=empty
sanz	sans	PRE	MORPH=empty
fere	faire	VERinf	MORPH=empty
plus	plus	ADVgen	MORPH=empty
,	,	PONfbl	MORPH=empty
que	que1	CONcoo	MORPH=empty
l'	le	DETdef	MORPH=empty
une	un	DETndf	MORPH=empty
chose	chose	NOMcom	MORPH=empty
l'	le	DETdef	MORPH=empty
autre	autre	PROind	MORPH=empty
atret	atraire	VERcjg	MORPH=empty
.	.	PONfrt	MORPH=empty
Qui	qui	PROrel	MORPH=empty
beise	baisier	VERcjg	MORPH=empty
fame	feme	NOMcom	MORPH=empty
et	et	CONcoo	MORPH=empty
plus	plus	ADVgen	MORPH=empty
n'	ne1	ADVneg	MORPH=empty
i	i2	PROadv	MORPH=empty
fet	faire	VERcjg	MORPH=empty
,	,	PONfbl	MORPH=empty
qant	cant1	CONsub	MORPH=empty
il	il	PROper	MORPH=empty
sont	estre1	VERcjg	MORPH=empty
seul	sol1	ADJqua	MORPH=empty
a	a3	PRE	MORPH=empty
seul	sol1	ADJqua	MORPH=empty
andui	ambedos	PROcar	MORPH=empty
,	,	PONfbl	MORPH=empty
dons	donc	ADVgen	MORPH=empty
cuit	cuidier1	VERcjg	MORPH=empty
ge	je	PROper	MORPH=empty
qu'	que4	CONsub	MORPH=empty
il	il	PROper	MORPH=empty
remaint	remanoir	VERcjg	MORPH=empty
an	en1	PRE	MORPH=empty
lui	il	PROper	MORPH=empty
.	.	PONfrt	MORPH=empty
Fame	feme	NOMcom	MORPH=empty
qui	qui	PROrel	MORPH=empty
sa	son4	DETpos	MORPH=empty
boche	boche	NOMcom	MORPH=empty
abandone	abandoner	VERcjg	MORPH=empty
le	le	DETdef	MORPH=empty
soreplus	sorplus	NOMcom	MORPH=empty
de	de	PRE	MORPH=empty
legier	legier2	ADJqua	MORPH=empty
done	doner	VERcjg	MORPH=empty
,	,	PONfbl	MORPH=empty
s'	se	CONsub	MORPH=empty
est	estre1	VERcjg	MORPH=empty
qui	qui	PROrel	MORPH=empty
a	a3	PRE	MORPH=empty
certes	certes	ADVgen	MORPH=empty
le	il	PROper	MORPH=empty
demant	demander	VERcjg	MORPH=empty
;	;	PONfbl	MORPH=empty
et	et	CONcoo	MORPH=empty
bien	bien1	ADVgen	MORPH=empty
soit	estre1	VERcjg	MORPH=empty
qu'	que4	CONsub	MORPH=empty
ele	il	PROper	MORPH=empty
se	soi1	PROper	MORPH=empty
desfant	defendre	VERcjg	MORPH=empty
,	,	PONfbl	MORPH=empty
si	si	ADVgen	MORPH=empty
set	savoir	VERcjg	MORPH=empty
an	on	PROind	MORPH=empty
bien	bien1	ADVgen	MORPH=empty
tot	tot	ADVgen	MORPH=empty
sanz	sans	PRE	MORPH=empty
redot	redot	NOMcom	MORPH=empty
que	que4	CONsub	MORPH=empty
fame	feme	NOMcom	MORPH=empty
vialt	voloir	VERcjg	MORPH=empty
vaintre	veintre	VERinf	MORPH=empty
par	par	PRE	MORPH=empty
tot	tot	ADVgen	MORPH=empty
fors	fors1	ADVgen	MORPH=empty
a	a3	PRE	MORPH=empty
cele	cel	DETdem	MORPH=empty
meslee	meslee	NOMcom	MORPH=empty
sole	sol1	ADJqua	MORPH=empty
qu'	que2	PROrel	MORPH=empty
ele	il	PROper	MORPH=empty
tient	tenir1	VERcjg	MORPH=empty
home	ome	NOMcom	MORPH=empty
par	par	PRE	MORPH=empty
la	le	DETdef	MORPH=empty
gole	gole	NOMcom	MORPH=empty
et	et	CONcoo	MORPH=empty
esgratine	esgratiner	VERcjg	MORPH=empty
et	et	CONcoo	MORPH=empty
mort	mordre1	VERcjg	MORPH=empty
et	et	CONcoo	MORPH=empty
tue	tüer	VERcjg	MORPH=empty
,	,	PONfbl	MORPH=empty
si	si	ADVgen	MORPH=empty
voldroit	voloir	VERcjg	MORPH=empty
ele	il	PROper	MORPH=empty
estre	estre1	VERinf	MORPH=empty
vaincue	veintre	VERppe	MORPH=empty
;	;	PONfbl	MORPH=empty
si	si	ADVgen	MORPH=empty
se	soi1	PROper	MORPH=empty
desfant	defendre	VERcjg	MORPH=empty
et	et	CONcoo	MORPH=empty
si	si	ADVgen	MORPH=empty
li	il	PROper	MORPH=empty
tarde	tarder	VERcjg	MORPH=empty
.	.	PONfrt	MORPH=empty
Tant	tant	ADVgen	MORPH=empty
est	estre1	VERcjg	MORPH=empty
de	de	PRE	MORPH=empty
l'	le	DETdef	MORPH=empty
otroier	otroiier	VERinf	MORPH=empty
coarde	cöart	ADJqua	MORPH=empty
,	,	PONfbl	MORPH=empty
si	si	ADVgen	MORPH=empty
vialt	voloir	VERcjg	MORPH=empty
que	que4	CONsub	MORPH=empty
a	a3	PRE	MORPH=empty
force	force2	NOMcom	MORPH=empty
li	il	PROper	MORPH=empty
face	faire	VERcjg	MORPH=empty
,	,	PONfbl	MORPH=empty
si	si	ADVgen	MORPH=empty
n'	ne1	ADVneg	MORPH=empty
an	en2	PROadv	MORPH=empty
avra	avoir	VERcjg	MORPH=empty
ja	ja	ADVgen	MORPH=empty
gré	gré2	NOMcom	MORPH=empty
ne	ne2	CONcoo	MORPH=empty
grace	grace	NOMcom	MORPH=empty
.	.	PONfrt	MORPH=empty
Por	por2	PRE	MORPH=empty
ce	ce1	PROdem	MORPH=empty
cuit	cuidier1	VERcjg	MORPH=empty
ge	je	PROper	MORPH=empty
qu'	que4	CONsub	MORPH=empty
il	il	PROper	MORPH=empty
jut	jesir	VERcjg	MORPH=empty
a	a3	PRE	MORPH=empty
li	il	PROper	MORPH=empty
qant	cant1	CONsub	MORPH=empty
.i.	un	DETndf	MORPH=empty
mien	mien	ADJpos	MORPH=empty
anel	anel1	NOMcom	MORPH=empty
li	il	PROper	MORPH=empty
toli	tolir	VERcjg	MORPH=empty
que	que2	PROrel	MORPH=empty
ele	il	PROper	MORPH=empty
metoit	metre2	VERcjg	MORPH=empty
an	en1	PRE	MORPH=empty
son	son4	DETpos	MORPH=empty
doi	doi	NOMcom	MORPH=empty
,	,	PONfbl	MORPH=empty
si	si	ADVgen	MORPH=empty
l'	il	PROper	MORPH=empty
an	en2	PROadv	MORPH=empty
porta	porter	VERcjg	MORPH=empty
,	,	PONfbl	MORPH=empty
ce	ce1	PROdem	MORPH=empty
poise	peser	VERcjg	MORPH=empty
moi	je	PROper	MORPH=empty
.	.	PONfrt	MORPH=empty
Mes	mais1	CONcoo	MORPH=empty
ainz	ainz	ADVgen	MORPH=empty
but	boivre	VERcjg	MORPH=empty
et	et	CONcoo	MORPH=empty
manja	mangier	VERcjg	MORPH=empty
asez	assez	ADVgen	MORPH=empty
d'	de	PRE	MORPH=empty
un	un	DETndf	MORPH=empty
fort	fort	ADJqua	MORPH=empty
vin	vin	NOMcom	MORPH=empty
et	et	CONcoo	MORPH=empty
de	de	PRE	MORPH=empty
.iii.	3	DETcar	MORPH=empty
pastez	pasté	NOMcom	MORPH=empty
que	que2	PROrel	MORPH=empty
je	je	PROper	MORPH=empty
me	je	PROper	MORPH=empty
feisoie	faire	VERcjg	MORPH=empty
estoier	estuiier	VERinf	MORPH=empty
.	.	PONfrt	MORPH=empty
Mes	mais1	CONcoo	MORPH=empty
or	or4	ADVgen	MORPH=empty
en	en2	PROadv	MORPH=empty
a	avoir	VERcjg	MORPH=empty
cortois	cortois	ADJqua	MORPH=empty
loier	loiier	NOMcom	MORPH=empty
m'	mon1	DETpos	MORPH=empty
amie	ami	NOMcom	MORPH=empty
,	,	PONfbl	MORPH=empty
si	si	ADVgen	MORPH=empty
con	come1	CONsub	MORPH=empty
il	il	PROimp	MORPH=empty
i	i2	PROadv	MORPH=empty
pert	paroir	VERcjg	MORPH=empty
.	.	PONfrt	MORPH=empty
Qui	qui	PROrel	MORPH=empty
fet	faire	VERcjg	MORPH=empty
folie	folie2	NOMcom	MORPH=empty
,	,	PONfbl	MORPH=empty
sel	si+il	ADVgen.PROper	MORPH=empty
conpert	comparer2	VERcjg	MORPH=empty
si	si	ADVgen	MORPH=empty
qu'	que4	CONsub	MORPH=empty
il	il	PROper	MORPH=empty
se	soi1	PROper	MORPH=empty
gart	garder	VERcjg	MORPH=empty
del	de+le	PRE.DETdef	MORPH=empty
rancheoir	renchëoir	VERinf	MORPH=empty
.	.	PONfrt	MORPH=empty
Mout	mout	ADVgen	MORPH=empty
me	je	PROper	MORPH=empty
pot	pöoir	VERcjg	MORPH=empty
an	on	PROind	MORPH=empty
irié	irier	ADJqua	MORPH=empty
veoir	vëoir	VERinf	MORPH=empty
qant	cant1	CONsub	MORPH=empty
je	je	PROper	MORPH=empty
le	il	PROper	MORPH=empty
vi	vëoir	VERcjg	MORPH=empty
et	et	CONcoo	MORPH=empty
ge	je	PROper	MORPH=empty
le	il	PROper	MORPH=empty
soi	savoir	VERcjg	MORPH=empty
.	.	PONfrt	MORPH=empty
Aïrié	äirier	VERcjg	MORPH=empty
m'	je	PROper	MORPH=empty
an	en2	PROadv	MORPH=empty
,	,	PONfbl	MORPH=empty
que	que4	CONcoo	MORPH=empty
droit	droit	ADJqua	MORPH=empty
en	en2	PROadv	MORPH=empty
oi	avoir	VERcjg	MORPH=empty
,	,	PONfbl	MORPH=empty
dis	dis1	PROcar	MORPH=empty
d'	de	PRE	MORPH=empty
aveinne	aveine	NOMcom	MORPH=empty
ne	ne1	ADVneg	MORPH=empty
mangeroit	mangier	VERcjg	MORPH=empty
ses	son4	DETpos	MORPH=empty
palefroiz	palefroi	NOMcom	MORPH=empty
ne	ne2	CONcoo	MORPH=empty
ne	ne1	ADVneg	MORPH=empty
seroit	estre1	VERcjg	MORPH=empty
ferrez	ferrer	VERcjg	MORPH=empty
ne	ne2	CONcoo	MORPH=empty
seniez	saignier	VERppe	MORPH=empty
de	de	PRE	MORPH=empty
novel	novel	ADJqua	MORPH=empty
,	,	PONfbl	MORPH=empty
n'	ne1	ADVneg	MORPH=empty
avroit	avoir	VERcjg	MORPH=empty
ne	ne2	CONcoo	MORPH=empty
cote	cote2	NOMcom	MORPH=empty
ne	ne2	CONcoo	MORPH=empty
mantel	mantel	NOMcom	MORPH=empty
autre	autre	ADJind	MORPH=empty
que	que1	CONsub	MORPH=empty
avoit	avoir	VERcjg	MORPH=empty
a	a3	PRE	MORPH=empty
cele	cel	DETdem	MORPH=empty
ore	ore3	NOMcom	MORPH=empty
tant	tant	ADVgen	MORPH=empty
que	que4	CONsub	MORPH=empty
ge	je	PROper	MORPH=empty
venisse	venir	VERcjg	MORPH=empty
au	a3+le	PRE.DETdef	MORPH=empty
desore	desor	ADVgen	MORPH=empty
de	de	PRE	MORPH=empty
celui	cel	PROdem	MORPH=empty
qui	qui	PROrel	MORPH=empty
l'	il	PROper	MORPH=empty
ot	avoir	VERcjg	MORPH=empty
esforciee	esforcier2	VERppe	MORPH=empty
,	,	PONfbl	MORPH=empty
et	et	CONcoo	MORPH=empty
mort	morir	VERppe	MORPH=empty
et	et	CONcoo	MORPH=empty
la	le	DETdef	MORPH=empty
teste	teste	NOMcom	MORPH=empty
tranchiee	trenchier1	VERppe	MORPH=empty
.	.	PONfrt	MORPH=empty
"	"	PONpxx	MORPH=empty
Qant	cant1	CONsub	MORPH=empty
Percevax	Perceval	NOMpro	MORPH=empty
escoté	escouter	VERppe	MORPH=empty
ot	avoir	VERcjg	MORPH=empty
,	,	PONfbl	MORPH=empty
si	si	ADVgen	MORPH=empty
respondi	respondre1	VERcjg	MORPH=empty
ce	ce1	PROdem	MORPH=empty
que	que2	PROrel	MORPH=empty
lui	il	PROper	MORPH=empty
plot	plaire	VERcjg	MORPH=empty
:	:	PONfbl	MORPH=empty
"	"	PONpxx	MORPH=empty
Amis	ami	NOMcom	MORPH=empty
,	,	PONfbl	MORPH=empty
ce	ce1	PROdem	MORPH=empty
saches	savoir	VERcjg	MORPH=empty
sanz	sans	PRE	MORPH=empty
dotance	dotance	NOMcom	MORPH=empty
qu'	que4	CONsub	MORPH=empty
ele	il	PROper	MORPH=empty
a	avoir	VERcjg	MORPH=empty
fete	faire	VERppe	MORPH=empty
sa	son4	DETpos	MORPH=empty
penitance	penitence	NOMcom	MORPH=empty
,	,	PONfbl	MORPH=empty
que	que4	CONcoo	MORPH=empty
ge	je	PROper	MORPH=empty
sui	estre1	VERcjg	MORPH=empty
cil	cel	PROdem	MORPH=empty
qui	qui	PROrel	MORPH=empty
la	il	PROper	MORPH=empty
beisa	baisier	VERcjg	MORPH=empty
par	par	PRE	MORPH=empty
force	force2	NOMcom	MORPH=empty
,	,	PONfbl	MORPH=empty
et	et	CONcoo	MORPH=empty
mout	mout	ADVgen	MORPH=empty
l'	il	PROper	MORPH=empty
an	en2	PROadv	MORPH=empty
pesa	peser	VERcjg	MORPH=empty
,	,	PONfbl	MORPH=empty
et	et	CONcoo	MORPH=empty
an	en1	PRE	MORPH=empty
son	son4	DETpos	MORPH=empty
doi	doi	NOMcom	MORPH=empty
son	son4	DETpos	MORPH=empty
anel	anel1	NOMcom	MORPH=empty
pris	prendre	VERcjg	MORPH=empty
,	,	PONfbl	MORPH=empty
et	et	CONcoo	MORPH=empty
plus	plus	ADVgen	MORPH=empty
n'	ne1	ADVneg	MORPH=empty
i	i2	PROadv	MORPH=empty
ot	avoir	VERcjg	MORPH=empty
ne	ne2	CONcoo	MORPH=empty
plus	plus	ADVgen	MORPH=empty
n'	ne1	ADVneg	MORPH=empty
i	i2	PROadv	MORPH=empty
fis	faire	VERcjg	MORPH=empty
;	;	PONfbl	MORPH=empty
et	et	CONcoo	MORPH=empty
si	si	ADVgen	MORPH=empty
mangié	mangier	VERcjg	MORPH=empty
,	,	PONfbl	MORPH=empty
ce	ce1	PROdem	MORPH=empty
vos	vos	PROper	MORPH=empty
afi	afïer	VERcjg	MORPH=empty
,	,	PONfbl	MORPH=empty
.i.	un	PROind	MORPH=empty
des	de+le	PRE.DETdef	MORPH=empty
pastez	pasté	NOMcom	MORPH=empty
et	et	CONcoo	MORPH=empty
.i.	un	DETndf	MORPH=empty
demi	demi2	ADJqua	MORPH=empty
,	,	PONfbl	MORPH=empty
et	et	CONcoo	MORPH=empty
bui	boivre	VERcjg	MORPH=empty
del	de+le	PRE.DETdef	MORPH=empty
vin	vin	NOMcom	MORPH=empty
tant	tant	ADVgen	MORPH=empty
con	come1	CONsub	MORPH=empty
ge	je	PROper	MORPH=empty
vos	voloir	VERcjg	MORPH=empty
.	.	PONfrt	MORPH=empty
De	de	PRE	MORPH=empty
ce	ce1	PROdem	MORPH=empty
ne	ne1	ADVneg	MORPH=empty
fui	estre1	VERcjg	MORPH=empty
ge	je	PROper	MORPH=empty
mie	mie	ADVneg	MORPH=empty
fos	fol3	ADJqua	MORPH=empty
.	.	PONfrt	MORPH=empty
Par	par	PRE	MORPH=empty
mon	mon1	DETpos	MORPH=empty
chief	chief1	NOMcom	MORPH=empty
,	,	PONfbl	MORPH=empty
fet	faire	VERcjg	MORPH=empty
li	le	DETdef	MORPH=empty
Orguelleus	orgoillos	ADJqua	MORPH=empty
,	,	PONfbl	MORPH=empty
or	or4	ADVgen	MORPH=empty
as	avoir	VERcjg	MORPH=empty
tu	tu	PROper	MORPH=empty
dit	dire	VERppe	MORPH=empty
que	que4	CONsub	MORPH=empty
mervelleus	merveillos	ADJqua	MORPH=empty
,	,	PONfbl	MORPH=empty
qui	qui	PROrel	MORPH=empty
ceste	cest	DETdem	MORPH=empty
chose	chose	NOMcom	MORPH=empty
as	avoir	VERcjg	MORPH=empty
regeïe	rejehir	VERppe	MORPH=empty
.	.	PONfrt	MORPH=empty
Or	or4	ADVgen	MORPH=empty
as	avoir	VERcjg	MORPH=empty
tu	tu	PROper	MORPH=empty
la	le	DETdef	MORPH=empty
mort	mort	NOMcom	MORPH=empty
desservie	deservir	VERppe	MORPH=empty
,	,	PONfbl	MORPH=empty
qant	cant1	CONsub	MORPH=empty
tu	tu	PROper	MORPH=empty
an	en2	PROadv	MORPH=empty
es	estre1	VERcjg	MORPH=empty
verais	verai	ADJqua	MORPH=empty
confés	confès	NOMcom	MORPH=empty
.	.	PONfrt	MORPH=empty
Ancor	encore	ADVgen	MORPH=empty
n'	ne1	ADVneg	MORPH=empty
est	estre1	VERcjg	MORPH=empty
pas	pas	ADVneg	MORPH=empty
la	le	DETdef	MORPH=empty
morz	mort	NOMcom	MORPH=empty
si	si	ADVgen	MORPH=empty
pres	près	ADVgen	MORPH=empty
con	come1	CONsub	MORPH=empty
tu	tu	PROper	MORPH=empty
cuides	cuidier1	VERcjg	MORPH=empty
"	"	PONpxx	MORPH=empty
,	,	PONfbl	MORPH=empty
fet	faire	VERcjg	MORPH=empty
Percevax	Perceval	NOMpro	MORPH=empty
.	.	PONfrt	MORPH=empty
Lors	lors	ADVgen	MORPH=empty
lessent	laissier	VERcjg	MORPH=empty
corre	corir	VERinf	MORPH=empty
les	le	DETdef	MORPH=empty
chevax	cheval	NOMcom	MORPH=empty
li	le	DETdef	MORPH=empty
uns	un	PROind	MORPH=empty
vers	vers2	PRE	MORPH=empty
l'	le	DETdef	MORPH=empty
autre	autre	PROind	MORPH=empty
sanz	sans	PRE	MORPH=empty
plus	plus	ADVgen	MORPH=empty
dire	dire	VERinf	MORPH=empty
et	et	CONcoo	MORPH=empty
s'	soi1	PROper	MORPH=empty
antrevienent	entrevenir	VERcjg	MORPH=empty
par	par	PRE	MORPH=empty
tele	tel	DETind	MORPH=empty
ire	ire	NOMcom	MORPH=empty
qu'	que4	CONsub	MORPH=empty
il	il	PROper	MORPH=empty
font	faire	VERcjg	MORPH=empty
de	de	PRE	MORPH=empty
lor	lor2	DETpos	MORPH=empty
lances	lance	NOMcom	MORPH=empty
esteles	astele	NOMcom	MORPH=empty
et	et	CONcoo	MORPH=empty
qu'	que4	CONsub	MORPH=empty
amedui	ambedos	PROcar	MORPH=empty
voident	vuidier	VERcjg	MORPH=empty
les	le	DETdef	MORPH=empty
seles	sele	NOMcom	MORPH=empty
et	et	CONcoo	MORPH=empty
porte	porter	VERcjg	MORPH=empty
li	le	DETdef	MORPH=empty
uns	un	PROind	MORPH=empty
l'	le	DETdef	MORPH=empty
autre	autre	PROind	MORPH=empty
jus	jus1	ADVgen	MORPH=empty
.	.	PONfrt	MORPH=empty
Mes	mais1	CONcoo	MORPH=empty
tost	tost1	ADVgen	MORPH=empty
refurent	restre	VERcjg	MORPH=empty
sailli	salir2	VERppe	MORPH=empty
sus	sus	ADVgen	MORPH=empty
,	,	PONfbl	MORPH=empty
si	si	ADVgen	MORPH=empty
traient	traire	VERcjg	MORPH=empty
nues	nu1	ADJqua	MORPH=empty
les	le	DETdef	MORPH=empty
espees	espee	NOMcom	MORPH=empty
et	et	CONcoo	MORPH=empty
s'	soi1	PROper	MORPH=empty
antredonent	entredoner	VERcjg	MORPH=empty
granz	grant	ADJqua	MORPH=empty
colees	colee	NOMcom	MORPH=empty
.	.	PONfrt	MORPH=empty
La	le	DETdef	MORPH=empty
bataille	bataille	NOMcom	MORPH=empty
fu	estre1	VERcjg	MORPH=empty
forz	fort	ADJqua	MORPH=empty
et	et	CONcoo	MORPH=empty
dure	dur	ADJqua	MORPH=empty
.	.	PONfrt	MORPH=empty
De	de	PRE	MORPH=empty
plus	plus	ADVgen	MORPH=empty
deviser	deviser	VERinf	MORPH=empty
n'	ne1	ADVneg	MORPH=empty
ai	avoir	VERcjg	MORPH=empty
ge	je	PROper	MORPH=empty
cure	cure	NOMcom	MORPH=empty
,	,	PONfbl	MORPH=empty
que	que4	CONsub	MORPH=empty
poinne	peine	NOMcom	MORPH=empty
gastee	gaster	VERppe	MORPH=empty
me	je	PROper	MORPH=empty
sanble	sembler	VERcjg	MORPH=empty
,	,	PONfbl	MORPH=empty
mes	mais1	CONcoo	MORPH=empty
tant	tant	ADVgen	MORPH=empty
se	soi1	PROper	MORPH=empty
conbatent	combatre	VERcjg	MORPH=empty
ansanble	ensemble	ADVgen	MORPH=empty
que	que4	CONsub	MORPH=empty
li	le	DETdef	MORPH=empty
Orguilleus	orgoillos	ADJqua	MORPH=empty
de	de	PRE	MORPH=empty
la	le	DETdef	MORPH=empty
Lande	lande1	NOMcom	MORPH=empty
recroit	recroire	VERcjg	MORPH=empty
et	et	CONcoo	MORPH=empty
merci	merci	NOMcom	MORPH=empty
li	il	PROper	MORPH=empty
demande	demander	VERcjg	MORPH=empty
.	.	PONfrt	MORPH=empty
Et	et	CONcoo	MORPH=empty
cil	cel	PROdem	MORPH=empty
qui	qui	PROrel	MORPH=empty
onques	onque	ADVgen	MORPH=empty
n'	ne1	ADVneg	MORPH=empty
oblia	oblïer	VERcjg	MORPH=empty
le	le	DETdef	MORPH=empty
prodome	pro	NOMcom	MORPH=empty
qui	qui	PROrel	MORPH=empty
li	il	PROper	MORPH=empty
pria	priier	VERcjg	MORPH=empty
que	que4	CONsub	MORPH=empty
ja	ja	ADVgen	MORPH=empty
chevalier	chevalier	NOMcom	MORPH=empty
n'	ne1	ADVneg	MORPH=empty
oceïst	ocire	VERcjg	MORPH=empty
puis	puis	ADVgen	MORPH=empty
que	que4	CONsub	MORPH=empty
merci	merci	NOMcom	MORPH=empty
li	il	PROper	MORPH=empty
requeïst	requerre	VERcjg	MORPH=empty
,	,	PONfbl	MORPH=empty
si	si	ADVgen	MORPH=empty
dist	dire	VERcjg	MORPH=empty
:	:	PONfbl	MORPH=empty
"	"	PONpxx	MORPH=empty
Chevaliers	chevalier	NOMcom	MORPH=empty
,	,	PONfbl	MORPH=empty
par	par	PRE	MORPH=empty
ma	mon1	DETpos	MORPH=empty
foi	foi	NOMcom	MORPH=empty
,	,	PONfbl	MORPH=empty
je	je	PROper	MORPH=empty
n'	ne1	ADVneg	MORPH=empty
avrai	avoir	VERcjg	MORPH=empty
ja	ja	ADVgen	MORPH=empty
merci	merci	NOMcom	MORPH=empty
de	de	PRE	MORPH=empty
toi	tu	PROper	MORPH=empty
tant	tant	ADVgen	MORPH=empty
que	que4	CONsub	MORPH=empty
tu	tu	PROper	MORPH=empty
l'	il	PROper	MORPH=empty
aies	avoir	VERcjg	MORPH=empty
de	de	PRE	MORPH=empty
t'	ton4	DETpos	MORPH=empty
amie	ami	NOMcom	MORPH=empty
,	,	PONfbl	MORPH=empty
que	que4	CONcoo	MORPH=empty
le	le	DETdef	MORPH=empty
mal	mal1	NOMcom	MORPH=empty
n'	ne1	ADVneg	MORPH=empty
avoit	avoir	VERcjg	MORPH=empty
ele	il	PROper	MORPH=empty
mie	mie	ADVneg	MORPH=empty
desservi	deservir	VERppe	MORPH=empty
,	,	PONfbl	MORPH=empty
ce	ce1	PROdem	MORPH=empty
puis	pöoir	VERcjg	MORPH=empty
ge	je	PROper	MORPH=empty
jurer	jurer	VERinf	MORPH=empty
,	,	PONfbl	MORPH=empty
que	que2	PROrel	MORPH=empty
tu	tu	PROper	MORPH=empty
li	il	PROper	MORPH=empty
as	avoir	VERcjg	MORPH=empty
fet	faire	VERppe	MORPH=empty
andurer	endurer	VERinf	MORPH=empty
.	.	PONfrt	MORPH=empty
"	"	PONpxx	MORPH=empty
Cil	cel	PROdem	MORPH=empty
qui	qui	PROrel	MORPH=empty
plus	plus	ADVgen	MORPH=empty
l'	il	PROper	MORPH=empty
amoit	amer1	VERcjg	MORPH=empty
que	que1	CONsub	MORPH=empty
son	son4	DETpos	MORPH=empty
oel	ueil	NOMcom	MORPH=empty
li	il	PROper	MORPH=empty
dist	dire	VERcjg	MORPH=empty
:	:	PONfbl	MORPH=empty
"	"	PONpxx	MORPH=empty
Biau	bel1	ADJqua	MORPH=empty
sire	seignor	NOMcom	MORPH=empty
,	,	PONfbl	MORPH=empty
et	et	CONcoo	MORPH=empty
je	je	PROper	MORPH=empty
le	il	PROper	MORPH=empty
voel	voloir	VERcjg	MORPH=empty
a	a3	PRE	MORPH=empty
vostre	vostre	DETpos	MORPH=empty
devise	devise	NOMcom	MORPH=empty
amander	amender	VERinf	MORPH=empty
.	.	PONfrt	MORPH=empty
Ja	ja	ADVgen	MORPH=empty
rien	rien	PROind	MORPH=empty
ne	ne1	ADVneg	MORPH=empty
savroiz	savoir	VERcjg	MORPH=empty
comander	comander	VERinf	MORPH=empty
que	que4	CONsub	MORPH=empty
je	je	PROper	MORPH=empty
ne	ne1	ADVneg	MORPH=empty
soie	estre1	VERcjg	MORPH=empty
prest	prest1	ADJqua	MORPH=empty
del	de+le	PRE.DETdef	MORPH=empty
fere	faire	VERinf	MORPH=empty
.	.	PONfrt	MORPH=empty
Del	de+le	PRE.DETdef	MORPH=empty
mal	mal1	NOMcom	MORPH=empty
que	que2	PROrel	MORPH=empty
je	je	PROper	MORPH=empty
li	il	PROper	MORPH=empty
ai	avoir	VERcjg	MORPH=empty
fet	faire	VERppe	MORPH=empty
trere	traire	VERinf	MORPH=empty
ai	avoir	VERcjg	MORPH=empty
ge	je	PROper	MORPH=empty
le	le	DETdef	MORPH=empty
cuer	cuer2	NOMcom	MORPH=empty
dolant	dolent	ADJqua	MORPH=empty
et	et	CONcoo	MORPH=empty
noir	noir	ADJqua	MORPH=empty
.	.	PONfrt	MORPH=empty
Va	aler	VERcjg	MORPH=empty
donc	donc	ADVgen	MORPH=empty
au	a3+le	PRE.DETdef	MORPH=empty
plus	plus	ADVgen	MORPH=empty
prochien	prochain	ADJqua	MORPH=empty
menoir	manoir2	NOMcom	MORPH=empty
,	,	PONfbl	MORPH=empty
fet	faire	VERcjg	MORPH=empty
il	il	PROper	MORPH=empty
,	,	PONfbl	MORPH=empty
que	que2	PROrel	MORPH=empty
tu	tu	PROper	MORPH=empty
as	avoir	VERcjg	MORPH=empty
ci	ci	ADVgen	MORPH=empty
antor	entor	ADVgen	MORPH=empty
et	et	CONcoo	MORPH=empty
la	il	PROper	MORPH=empty
fei	faire	VERcjg	MORPH=empty
baignier	baignier	VERinf	MORPH=empty
a	a3	PRE	MORPH=empty
sejor	sejor	NOMcom	MORPH=empty
tant	tant	ADVgen	MORPH=empty
qu'	que4	CONsub	MORPH=empty
ele	il	PROper	MORPH=empty
soit	estre1	VERcjg	MORPH=empty
garie	garir	VERppe	MORPH=empty
et	et	CONcoo	MORPH=empty
sainne	sain	ADJqua	MORPH=empty
,	,	PONfbl	MORPH=empty
et	et	CONcoo	MORPH=empty
l'	il	PROper	MORPH=empty
aparoille	apareillier1	VERcjg	MORPH=empty
,	,	PONfbl	MORPH=empty
si	si	ADVgen	MORPH=empty
la	il	PROper	MORPH=empty
mainne	mener	VERcjg	MORPH=empty
bien	bien1	ADVgen	MORPH=empty
acesmee	acesmer	VERppe	MORPH=empty
et	et	CONcoo	MORPH=empty
bien	bien1	ADVgen	MORPH=empty
vestue	vestir	VERppe	MORPH=empty
au	a3+le	PRE.DETdef	MORPH=empty
roi	roi2	NOMcom	MORPH=empty
Artus	Artu	NOMpro	MORPH=empty
,	,	PONfbl	MORPH=empty
sel	si+il	ADVgen.PROper	MORPH=empty
me	je	PROper	MORPH=empty
salue	salüer	VERcjg	MORPH=empty
et	et	CONcoo	MORPH=empty
si	si	ADVgen	MORPH=empty
te	tu	PROper	MORPH=empty
met	metre2	VERcjg	MORPH=empty
an	en1	PRE	MORPH=empty
sa	son4	DETpos	MORPH=empty
merci	merci	NOMcom	MORPH=empty
si	si	ADVgen	MORPH=empty
con	come1	CONsub	MORPH=empty
tu	tu	PROper	MORPH=empty
partiras	partir	VERcjg	MORPH=empty
de	de	PRE	MORPH=empty
ci	ci	ADVgen	MORPH=empty
.	.	PONfrt	MORPH=empty
S'	se	CONsub	MORPH=empty
il	il	PROper	MORPH=empty
te	tu	PROper	MORPH=empty
demande	demander	VERcjg	MORPH=empty
de	de	PRE	MORPH=empty
par	par	PRE	MORPH=empty
cui	cui	PROrel	MORPH=empty
,	,	PONfbl	MORPH=empty
si	si	ADVgen	MORPH=empty
li	il	PROper	MORPH=empty
diras	dire	VERcjg	MORPH=empty
de	de	PRE	MORPH=empty
par	par	PRE	MORPH=empty
celui	cel	PROdem	MORPH=empty
cui	cui	PROrel	MORPH=empty
il	il	PROper	MORPH=empty
fist	faire	VERcjg	MORPH=empty
chevalier	chevalier	NOMcom	MORPH=empty
vermoil	vermeil1	ADJqua	MORPH=empty
par	par	PRE	MORPH=empty
l'	le	DETdef	MORPH=empty
otroi	otroi	NOMcom	MORPH=empty
et	et	CONcoo	MORPH=empty
par	par	PRE	MORPH=empty
le	le	DETdef	MORPH=empty
consoil	conseil	NOMcom	MORPH=empty
monseignor	seignor	NOMcom	MORPH=empty
Kex	Keu	NOMpro	MORPH=empty
le	le	DETdef	MORPH=empty
senechal	seneschal	NOMcom	MORPH=empty
.	.	PONfrt	MORPH=empty
Et	et	CONcoo	MORPH=empty
la	le	DETdef	MORPH=empty
penitance	penitence	NOMcom	MORPH=empty
et	et	CONcoo	MORPH=empty
le	le	DETdef	MORPH=empty
mal	mal1	NOMcom	MORPH=empty
qu'	que2	PROrel	MORPH=empty
a	a3	PRE	MORPH=empty
la	le	DETdef	MORPH=empty
dameisele	damoisele	NOMcom	MORPH=empty
as	avoir	VERcjg	MORPH=empty
fet	faire	VERppe	MORPH=empty
trere	traire	VERinf	MORPH=empty
te	tu	PROper	MORPH=empty
covandra	covenir	VERcjg	MORPH=empty
au	a3+le	PRE.DETdef	MORPH=empty
roi	roi2	NOMcom	MORPH=empty
retrere	retraire	VERinf	MORPH=empty
,	,	PONfbl	MORPH=empty
oiant	öir	VERppa	MORPH=empty
toz	tot	DETind	MORPH=empty
ces	ce2	PROdem	MORPH=empty
qui	qui	PROrel	MORPH=empty
i	i2	PROadv	MORPH=empty
seront	estre1	VERcjg	MORPH=empty
,	,	PONfbl	MORPH=empty
si	si	ADVgen	MORPH=empty
que	que4	CONsub	MORPH=empty
tuit	tot	PROind	MORPH=empty
et	et	CONcoo	MORPH=empty
totes	tot	PROind	MORPH=empty
l'	il	PROper	MORPH=empty
orront	öir	VERcjg	MORPH=empty
,	,	PONfbl	MORPH=empty
et	et	CONcoo	MORPH=empty
la	le	DETdef	MORPH=empty
reïne	röine1	NOMcom	MORPH=empty
et	et	CONcoo	MORPH=empty
ses	son4	DETpos	MORPH=empty
puceles	pucele	NOMcom	MORPH=empty
,	,	PONfbl	MORPH=empty
dom	dont	PROrel	MORPH=empty
il	il	PROper	MORPH=empty
a	avoir	VERcjg	MORPH=empty
o	o4	PRE	MORPH=empty
li	il	PROper	MORPH=empty
de	de	PRE	MORPH=empty
bien	bien1	ADVgen	MORPH=empty
beles	bel1	ADJqua	MORPH=empty
.	.	PONfrt	MORPH=empty
Et	et	CONcoo	MORPH=empty
sor	sor2	PRE	MORPH=empty
totes	tot	PROind	MORPH=empty
une	un	DETndf	MORPH=empty
an	en2	PROadv	MORPH=empty
i	i2	PROadv	MORPH=empty
pris	prisier	VERcjg	MORPH=empty
,	,	PONfbl	MORPH=empty
que	que4	CONsub	MORPH=empty
,	,	PONfbl	MORPH=empty
por	por2	PRE	MORPH=empty
ce	ce1	PROdem	MORPH=empty
qu'	que4	CONsub	MORPH=empty
ele	il	PROper	MORPH=empty
m'	je	PROper	MORPH=empty
avoit	avoir	VERcjg	MORPH=empty
ris	rire	VERppe	MORPH=empty
,	,	PONfbl	MORPH=empty
tele	tel	DETind	MORPH=empty
joee	jöee	NOMcom	MORPH=empty
li	il	PROper	MORPH=empty
dona	doner	VERcjg	MORPH=empty
Kex	Keu	NOMpro	MORPH=empty
que	que4	CONsub	MORPH=empty
tote	tot	ADVgen	MORPH=empty
l'	il	PROper	MORPH=empty
an	en2	PROadv	MORPH=empty
estona	estoner	VERcjg	MORPH=empty
.	.	PONfrt	MORPH=empty
Cele	cel	PROdem	MORPH=empty
querras	querre	VERcjg	MORPH=empty
,	,	PONfbl	MORPH=empty
jel	je+il	PROper.PROper	MORPH=empty
te	tu	PROper	MORPH=empty
comant	comander	VERcjg	MORPH=empty
,	,	PONfbl	MORPH=empty
et	et	CONcoo	MORPH=empty
li	il	PROper	MORPH=empty
diras	dire	VERcjg	MORPH=empty
que	que4	CONsub	MORPH=empty
ge	je	PROper	MORPH=empty
li	il	PROper	MORPH=empty
mant	mander	VERcjg	MORPH=empty
que	que4	CONsub	MORPH=empty
ge	je	PROper	MORPH=empty
n'	ne1	ADVneg	MORPH=empty
anterrai	entrer	VERcjg	MORPH=empty
a	a3	PRE	MORPH=empty
nul	nul	DETind	MORPH=empty
plet	plait	NOMcom	MORPH=empty
an	en1	PRE	MORPH=empty
cort	cort1	NOMcom	MORPH=empty
que	que4	ADVgen	MORPH=empty
li	le	DETdef	MORPH=empty
rois	roi2	NOMcom	MORPH=empty
Artus	Artu	NOMpro	MORPH=empty
et	et	CONcoo	MORPH=empty
tant	tant	ADVgen	MORPH=empty
que	que4	CONsub	MORPH=empty
la	le	DETdef	MORPH=empty
bufë	bufe	NOMcom	MORPH=empty
ert	estre1	VERcjg	MORPH=empty
vangiee	vengier	VERppe	MORPH=empty
,	,	PONfbl	MORPH=empty
dont	dont	PROrel	MORPH=empty
el	il	PROper	MORPH=empty
sera	estre1	VERcjg	MORPH=empty
joianz	joiant	ADJqua	MORPH=empty
et	et	CONcoo	MORPH=empty
liee	lié1	ADJqua	MORPH=empty
.	.	PONfrt	MORPH=empty
"	"	PONpxx	MORPH=empty
Et	et	CONcoo	MORPH=empty
il	il	PROper	MORPH=empty
li	il	PROper	MORPH=empty
dit	dire	VERcjg	MORPH=empty
qu'	que4	CONsub	MORPH=empty
il	il	PROper	MORPH=empty
i	i2	PROadv	MORPH=empty
ira	aler	VERcjg	MORPH=empty
volantiers	volentiers	ADVgen	MORPH=empty
et	et	CONcoo	MORPH=empty
si	si	ADVgen	MORPH=empty
li	il	PROper	MORPH=empty
dira	dire	VERcjg	MORPH=empty
tot	tot	PROind	MORPH=empty
quanque	cantque	PROrel	MORPH=empty
il	il	PROper	MORPH=empty
li	il	PROper	MORPH=empty
a	avoir	VERcjg	MORPH=empty
anjoint	enjoindre	VERcjg	MORPH=empty
,	,	PONfbl	MORPH=empty
de	de	PRE	MORPH=empty
contredit	contredit	NOMcom	MORPH=empty
n'	ne1	ADVneg	MORPH=empty
i	i2	PROadv	MORPH=empty
avra	avoir	VERcjg	MORPH=empty
point	point	ADVneg	MORPH=empty
,	,	PONfbl	MORPH=empty
des	des2	ADVgen	MORPH=empty
que	que4	CONsub	MORPH=empty
il	il	PROper	MORPH=empty
avra	avoir	VERcjg	MORPH=empty
atornee	atorner	VERppe	MORPH=empty
sa	son4	DETpos	MORPH=empty
dameisele	damoisele	NOMcom	MORPH=empty
et	et	CONcoo	MORPH=empty
sejornee	sejorner	VERppe	MORPH=empty
et	et	CONcoo	MORPH=empty
fet	faire	VERcjg	MORPH=empty
ce	ce1	PROdem	MORPH=empty
que	que2	PROrel	MORPH=empty
li	il	PROper	MORPH=empty
ert	estre1	VERcjg	MORPH=empty
mestiers	mestier	NOMcom	MORPH=empty
.	.	PONfrt	MORPH=empty
Lui	il	PROper	MORPH=empty
meïsmes	mëisme	ADJind	MORPH=empty
mout	mout	ADVgen	MORPH=empty
volantiers	volentiers	ADVgen	MORPH=empty
an	en2	PROadv	MORPH=empty
manroit	mener	VERcjg	MORPH=empty
il	il	PROper	MORPH=empty
por	por2	PRE	MORPH=empty
sejorner	sejorner	VERinf	MORPH=empty
,	,	PONfbl	MORPH=empty
por	por2	PRE	MORPH=empty
deduire	deduire	VERinf	MORPH=empty
et	et	CONcoo	MORPH=empty
por	por2	PRE	MORPH=empty
atorner	atorner	VERinf	MORPH=empty
ses	son4	DETpos	MORPH=empty
bleceüres	blecëure	NOMcom	MORPH=empty
et	et	CONcoo	MORPH=empty
ses	son4	DETpos	MORPH=empty
plaies	plaie1	NOMcom	MORPH=empty
.	.	PONfrt	MORPH=empty
"	"	PONpxx	MORPH=empty
Or	or4	ADVgen	MORPH=empty
va	aler	VERcjg	MORPH=empty
,	,	PONfbl	MORPH=empty
que	que3	ADVint	MORPH=empty
bone	bon	ADJqua	MORPH=empty
avanture	aventure	NOMcom	MORPH=empty
aies	avoir	VERcjg	MORPH=empty
,	,	PONfbl	MORPH=empty
fet	faire	VERcjg	MORPH=empty
Percevax	Perceval	NOMpro	MORPH=empty
,	,	PONfbl	MORPH=empty
si	si	ADVgen	MORPH=empty
panse	penser	VERcjg	MORPH=empty
d'	de	PRE	MORPH=empty
el	el1	PROper	MORPH=empty
,	,	PONfbl	MORPH=empty
que	que4	CONcoo	MORPH=empty
ge	je	PROper	MORPH=empty
querrai	querre	VERcjg	MORPH=empty
aillors	aillors	ADVgen	MORPH=empty
ostel	ostel	NOMcom	MORPH=empty
.	.	PONfrt	MORPH=empty
"	"	PONpxx	MORPH=empty
La	le	DETdef	MORPH=empty
parole	parole	NOMcom	MORPH=empty
est	estre1	VERcjg	MORPH=empty
remese	remanoir	VERppe	MORPH=empty
atant	atant	ADVgen	MORPH=empty
,	,	PONfbl	MORPH=empty
ne	ne2	CONcoo	MORPH=empty
cist	cest	PROdem	MORPH=empty
ne	ne2	CONcoo	MORPH=empty
cil	cel	PROdem	MORPH=empty
plus	plus	ADVgen	MORPH=empty
n'	ne1	ADVneg	MORPH=empty
i	i2	PROadv	MORPH=empty
atant	atendre	VERcjg	MORPH=empty
,	,	PONfbl	MORPH=empty
einz	ainz	ADVgen	MORPH=empty
departent	departir	VERcjg	MORPH=empty
a	a3	PRE	MORPH=empty
tant	tant	ADVgen	MORPH=empty
de	de	PRE	MORPH=empty
plet	plait	NOMcom	MORPH=empty
.	.	PONfrt	MORPH=empty
Et	et	CONcoo	MORPH=empty
cil	cel	PROdem	MORPH=empty
la	le	DETdef	MORPH=empty
nuit	nuit	NOMcom	MORPH=empty
s'	son4	DETpos	MORPH=empty
amie	ami	NOMcom	MORPH=empty
fet	faire	VERcjg	MORPH=empty
baignier	baignier	VERinf	MORPH=empty
et	et	CONcoo	MORPH=empty
vestir	vestir	VERinf	MORPH=empty
richemant	richement	ADVgen	MORPH=empty
,	,	PONfbl	MORPH=empty
et	et	CONcoo	MORPH=empty
tant	tant	ADVgen	MORPH=empty
li	il	PROper	MORPH=empty
fist	faire	VERcjg	MORPH=empty
d'	de	PRE	MORPH=empty
aeisemant	aaisement	NOMcom	MORPH=empty
qu'	que4	CONsub	MORPH=empty
an	en1	PRE	MORPH=empty
sa	son4	DETpos	MORPH=empty
biauté	biauté	NOMcom	MORPH=empty
fu	estre1	VERcjg	MORPH=empty
revenue	revenir	VERppe	MORPH=empty
.	.	PONfrt	MORPH=empty
Aprés	après	ADVgen	MORPH=empty
ont	avoir	VERcjg	MORPH=empty
lor	lor2	DETpos	MORPH=empty
voie	voie	NOMcom	MORPH=empty
tenue	tenir1	VERppe	MORPH=empty
andui	ambedos	PROcar	MORPH=empty
a	a3	PRE	MORPH=empty
Carlion	Carlïon	NOMpro	MORPH=empty
tot	tot	ADVgen	MORPH=empty
droit	droit	ADJqua	MORPH=empty
,	,	PONfbl	MORPH=empty
ou	où	PROrel	MORPH=empty
li	le	DETdef	MORPH=empty
rois	roi2	NOMcom	MORPH=empty
Artus	Artu	NOMpro	MORPH=empty
cort	cort1	NOMcom	MORPH=empty
tenoit	tenir1	VERcjg	MORPH=empty
a	a3	PRE	MORPH=empty
feste	feste1	NOMcom	MORPH=empty
,	,	PONfbl	MORPH=empty
bien	bien1	ADVgen	MORPH=empty
priveemant	priveement	ADVgen	MORPH=empty
,	,	PONfbl	MORPH=empty
qu'	que4	CONcoo	MORPH=empty
il	il	PROimp	MORPH=empty
n'	ne1	ADVneg	MORPH=empty
i	i2	PROadv	MORPH=empty
avoit	avoir	VERcjg	MORPH=empty
que	que4	CONsub	MORPH=empty
seulemant	solement2	ADVgen	MORPH=empty
.iii.m.	3000	DETcar	MORPH=empty
chevaliers	chevalier	NOMcom	MORPH=empty
de	de	PRE	MORPH=empty
pris	pris1	NOMcom	MORPH=empty
.	.	PONfrt	MORPH=empty
Veant	vëoir	VERppa	MORPH=empty
toz	tot	PROind	MORPH=empty
s'	soi1	PROper	MORPH=empty
ala	aler	VERcjg	MORPH=empty
randre	rendre	VERinf	MORPH=empty
pris	prendre	VERppe	MORPH=empty
au	a3+le	PRE.DETdef	MORPH=empty
rois	roi2	NOMcom	MORPH=empty
Artus	Artu	NOMpro	MORPH=empty
cil	cel	PROdem	MORPH=empty
qui	qui	PROrel	MORPH=empty
venoit	venir	VERcjg	MORPH=empty
et	et	CONcoo	MORPH=empty
sa	son4	DETpos	MORPH=empty
dameisele	damoisele	NOMcom	MORPH=empty
amenoit	amener	VERcjg	MORPH=empty
;	;	PONfbl	MORPH=empty
et	et	CONcoo	MORPH=empty
dit	dire	VERcjg	MORPH=empty
quant	cant1	CONsub	MORPH=empty
il	il	PROper	MORPH=empty
fu	estre1	VERcjg	MORPH=empty
devant	devant	PRE	MORPH=empty
lui	il	PROper	MORPH=empty
:	:	PONfbl	MORPH=empty
"	"	PONpxx	MORPH=empty
Sire	seignor	NOMcom	MORPH=empty
,	,	PONfbl	MORPH=empty
vostre	vostre	DETpos	MORPH=empty
prisoniers	prisonier	NOMcom	MORPH=empty
sui	estre1	VERcjg	MORPH=empty
por	por2	PRE	MORPH=empty
fere	faire	VERinf	MORPH=empty
ce	ce1	PROdem	MORPH=empty
que	que2	PROrel	MORPH=empty
vos	vos	PROper	MORPH=empty
voldroiz	voloir	VERcjg	MORPH=empty
,	,	PONfbl	MORPH=empty
et	et	CONcoo	MORPH=empty
si	si	ADVgen	MORPH=empty
est	estre1	VERcjg	MORPH=empty
bien	bien1	ADVgen	MORPH=empty
reisons	raison	NOMcom	MORPH=empty
et	et	CONcoo	MORPH=empty
droiz	droit	ADJqua	MORPH=empty
,	,	PONfbl	MORPH=empty
que	que4	CONcoo	MORPH=empty
ensi	ainsi	ADVgen	MORPH=empty
le	il	PROper	MORPH=empty
me	je	PROper	MORPH=empty
comanda	comander	VERcjg	MORPH=empty
li	le	DETdef	MORPH=empty
vaslez	vaslet	NOMcom	MORPH=empty
qui	qui	PROrel	MORPH=empty
vos	vos	PROper	MORPH=empty
demanda	demander	VERcjg	MORPH=empty
armes	arme	NOMcom	MORPH=empty
vermoilles	vermeil1	ADJqua	MORPH=empty
,	,	PONfbl	MORPH=empty
si	si	ADVgen	MORPH=empty
les	il	PROper	MORPH=empty
ot	avoir	VERcjg	MORPH=empty
.	.	PONfrt	MORPH=empty
"	"	PONpxx	MORPH=empty
Tot	tot	ADVgen	MORPH=empty
maintenant	maintenant	ADVgen	MORPH=empty
que	que4	CONsub	MORPH=empty
li	le	DETdef	MORPH=empty
rois	roi2	NOMcom	MORPH=empty
ot	öir	VERcjg	MORPH=empty
,	,	PONfbl	MORPH=empty
si	si	ADVgen	MORPH=empty
antant	entendre	VERcjg	MORPH=empty
bien	bien1	ADVgen	MORPH=empty
que	que2	PROrel	MORPH=empty
il	il	PROper	MORPH=empty
volt	voloir	VERcjg	MORPH=empty
dire	dire	VERinf	MORPH=empty
:	:	PONfbl	MORPH=empty
"	"	PONpxx	MORPH=empty
Desarmez	desarmer	VERppe	MORPH=empty
vos	vos	PROper	MORPH=empty
,	,	PONfbl	MORPH=empty
fet	faire	VERcjg	MORPH=empty
il	il	PROper	MORPH=empty
,	,	PONfbl	MORPH=empty
biau	bel1	ADJqua	MORPH=empty
sire	seignor	NOMcom	MORPH=empty
,	,	PONfbl	MORPH=empty
que	que3	ADVint	MORPH=empty
joie	joie	NOMcom	MORPH=empty
et	et	CONcoo	MORPH=empty
bone	bon	ADJqua	MORPH=empty
avanture	aventure	NOMcom	MORPH=empty
ait	avoir	VERcjg	MORPH=empty
cil	cel	PROdem	MORPH=empty
qui	qui	PROrel	MORPH=empty
de	de	PRE	MORPH=empty
vos	vos	PROper	MORPH=empty
presant	present2	NOMcom	MORPH=empty
m'	je	PROper	MORPH=empty
a	avoir	VERcjg	MORPH=empty
fait	faire	VERppe	MORPH=empty
;	;	PONfbl	MORPH=empty
et	et	CONcoo	MORPH=empty
vos	vos	PROper	MORPH=empty
si	si	ADVgen	MORPH=empty
soiez	estre1	VERcjg	MORPH=empty
bien	bien1	ADVgen	MORPH=empty
venuz	venir	VERppe	MORPH=empty
.	.	PONfrt	MORPH=empty
Por	por2	PRE	MORPH=empty
lui	il	PROper	MORPH=empty
seroiz	estre1	VERcjg	MORPH=empty
vos	vos	PROper	MORPH=empty
chier	chier	ADJqua	MORPH=empty
tenuz	tenir1	VERppe	MORPH=empty
et	et	CONcoo	MORPH=empty
enorez	onorer	VERppe	MORPH=empty
a	a3	PRE	MORPH=empty
mon	mon1	DETpos	MORPH=empty
ostel	ostel	NOMcom	MORPH=empty
.	.	PONfrt	MORPH=empty
Sire	seignor	NOMcom	MORPH=empty
,	,	PONfbl	MORPH=empty
ancor	encore	ADVgen	MORPH=empty
me	je	PROper	MORPH=empty
comanda	comander	VERcjg	MORPH=empty
el	el1	PROind	MORPH=empty
.	.	PONfrt	MORPH=empty
Mes	mais1	CONcoo	MORPH=empty
tant	tant	ADVgen	MORPH=empty
anquerre	enquerre	VERinf	MORPH=empty
vos	vos	PROper	MORPH=empty
voldroie	voloir	VERcjg	MORPH=empty
,	,	PONfbl	MORPH=empty
ençois	ainçois	ADVgen	MORPH=empty
que	que4	CONsub	MORPH=empty
je	je	PROper	MORPH=empty
desarmez	desarmer	VERppe	MORPH=empty
soie	estre1	VERcjg	MORPH=empty
,	,	PONfbl	MORPH=empty
que	que4	CONsub	MORPH=empty
la	le	DETdef	MORPH=empty
reïne	röine1	NOMcom	MORPH=empty
et	et	CONcoo	MORPH=empty
ses	son4	DETpos	MORPH=empty
puceles	pucele	NOMcom	MORPH=empty
venissent	venir	VERcjg	MORPH=empty
oïr	öir	VERinf	MORPH=empty
ces	ce2	DETdem	MORPH=empty
noveles	novele	NOMcom	MORPH=empty
que	que2	PROrel	MORPH=empty
je	je	PROper	MORPH=empty
vos	vos	PROper	MORPH=empty
ai	avoir	VERcjg	MORPH=empty
ci	ci	ADVgen	MORPH=empty
aportees	aporter	VERppe	MORPH=empty
,	,	PONfbl	MORPH=empty
qu'	que4	CONcoo	MORPH=empty
eles	il	PROper	MORPH=empty
ne	ne1	ADVneg	MORPH=empty
seront	estre1	VERcjg	MORPH=empty
ja	ja	ADVgen	MORPH=empty
contees	conter	VERppe	MORPH=empty
tant	tant	ADVgen	MORPH=empty
que	que4	CONsub	MORPH=empty
cele	cel	PROdem	MORPH=empty
sera	estre1	VERcjg	MORPH=empty
venue	venir	VERppe	MORPH=empty
qui	qui	PROrel	MORPH=empty
an	en1	PRE	MORPH=empty
la	le	DETdef	MORPH=empty
joe	jöe	NOMcom	MORPH=empty
fu	estre1	VERcjg	MORPH=empty
ferue	ferir	VERppe	MORPH=empty
por	por2	PRE	MORPH=empty
un	un	DETndf	MORPH=empty
seul	sol1	ADJqua	MORPH=empty
ris	ris1	NOMcom	MORPH=empty
que	que2	PROrel	MORPH=empty
ele	il	PROper	MORPH=empty
ot	avoir	VERcjg	MORPH=empty
fet	faire	VERppe	MORPH=empty
,	,	PONfbl	MORPH=empty
c'	que4	CONsub	MORPH=empty
onques	onque	ADVgen	MORPH=empty
n'	ne1	ADVneg	MORPH=empty
i	i2	PROadv	MORPH=empty
ot	avoir	VERcjg	MORPH=empty
plus	plus	ADVgen	MORPH=empty
de	de	PRE	MORPH=empty
mesfet	mesfait	NOMcom	MORPH=empty
.	.	PONfrt	MORPH=empty
"	"	PONpxx	MORPH=empty
Icil	icel	PROdem	MORPH=empty
si	si	ADVgen	MORPH=empty
sa	son4	DETpos	MORPH=empty
parole	parole	NOMcom	MORPH=empty
fine	finer	VERcjg	MORPH=empty
.	.	PONfrt	MORPH=empty
Qant	cant1	CONsub	MORPH=empty
li	le	DETdef	MORPH=empty
rois	roi2	NOMcom	MORPH=empty
ot	öir	VERcjg	MORPH=empty
que	que4	CONsub	MORPH=empty
la	le	DETdef	MORPH=empty
reïne	röine1	NOMcom	MORPH=empty
devant	devant	PRE	MORPH=empty
lui	il	PROper	MORPH=empty
mander	mander	VERinf	MORPH=empty
li	il	PROper	MORPH=empty
covient	covenir	VERcjg	MORPH=empty
,	,	PONfbl	MORPH=empty
lors	lors	ADVgen	MORPH=empty
l'	il	PROper	MORPH=empty
a	avoir	VERcjg	MORPH=empty
mandee	mander	VERppe	MORPH=empty
;	;	PONfbl	MORPH=empty
et	et	CONcoo	MORPH=empty
ele	il	PROper	MORPH=empty
i	i2	PROadv	MORPH=empty
vient	venir	VERcjg	MORPH=empty
,	,	PONfbl	MORPH=empty
et	et	CONcoo	MORPH=empty
totes	tot	DETind	MORPH=empty
les	le	DETdef	MORPH=empty
puceles	pucele	NOMcom	MORPH=empty
vienent	venir	VERcjg	MORPH=empty
,	,	PONfbl	MORPH=empty
main	main2	NOMcom	MORPH=empty
a	a3	PRE	MORPH=empty
main	main2	NOMcom	MORPH=empty
.ii.	2	PROcar	MORPH=empty
et	et	CONcoo	MORPH=empty
.ii.	2	PROcar	MORPH=empty
se	soi1	PROper	MORPH=empty
tienent	tenir1	VERcjg	MORPH=empty
.	.	PONfrt	MORPH=empty
Qant	cant1	CONsub	MORPH=empty
la	le	DETdef	MORPH=empty
reïne	röine1	NOMcom	MORPH=empty
asise	asseoir	VERppe	MORPH=empty
fu	estre1	VERcjg	MORPH=empty
lez	lez	PRE	MORPH=empty
son	son4	DETpos	MORPH=empty
seignor	seignor	NOMcom	MORPH=empty
le	le	DETdef	MORPH=empty
roi	roi2	NOMcom	MORPH=empty
Artu	Artu	NOMpro	MORPH=empty
,	,	PONfbl	MORPH=empty
et	et	CONcoo	MORPH=empty
li	le	DETdef	MORPH=empty
Orguelleus	orgoillos	ADJqua	MORPH=empty
de	de	PRE	MORPH=empty
la	le	DETdef	MORPH=empty
Lande	lande1	NOMcom	MORPH=empty
li	il	PROper	MORPH=empty
dist	dire	VERcjg	MORPH=empty
:	:	PONfbl	MORPH=empty
"	"	PONpxx	MORPH=empty
Dame	dame	NOMcom	MORPH=empty
,	,	PONfbl	MORPH=empty
saluz	salu	NOMcom	MORPH=empty
vos	vos	PROper	MORPH=empty
mande	mander	VERcjg	MORPH=empty
uns	un	DETndf	MORPH=empty
chevaliers	chevalier	NOMcom	MORPH=empty
que	que2	PROrel	MORPH=empty
je	je	PROper	MORPH=empty
mout	mout	ADVgen	MORPH=empty
pris	prisier	VERcjg	MORPH=empty
,	,	PONfbl	MORPH=empty
qui	qui	PROrel	MORPH=empty
par	par	PRE	MORPH=empty
ses	son4	DETpos	MORPH=empty
armes	arme	NOMcom	MORPH=empty
m'	je	PROper	MORPH=empty
a	avoir	VERcjg	MORPH=empty
conquis	conquerre	VERppe	MORPH=empty
.	.	PONfrt	MORPH=empty
De	de	PRE	MORPH=empty
lui	il	PROper	MORPH=empty
ne	ne1	ADVneg	MORPH=empty
sai	savoir	VERcjg	MORPH=empty
que	que2	PROrel	MORPH=empty
plus	plus	ADVgen	MORPH=empty
vos	vos	PROper	MORPH=empty
die	dire	VERcjg	MORPH=empty
,	,	PONfbl	MORPH=empty
mes	mais1	CONcoo	MORPH=empty
qu'	que4	CONsub	MORPH=empty
il	il	PROper	MORPH=empty
vos	vos	PROper	MORPH=empty
anvoie	envoiier	VERcjg	MORPH=empty
m'	mon1	DETpos	MORPH=empty
amie	ami	NOMcom	MORPH=empty
,	,	PONfbl	MORPH=empty
ceste	cest	DETdem	MORPH=empty
pucele	pucele	NOMcom	MORPH=empty
qui	qui	PROrel	MORPH=empty
est	estre1	VERcjg	MORPH=empty
ci	ci	ADVgen	MORPH=empty
.	.	PONfrt	MORPH=empty
Amis	ami	NOMcom	MORPH=empty
,	,	PONfbl	MORPH=empty
la	le	DETdef	MORPH=empty
soe	suen	ADJpos	MORPH=empty
grant	grant	ADJqua	MORPH=empty
merci	merci	NOMcom	MORPH=empty
"	"	PONpxx	MORPH=empty
,	,	PONfbl	MORPH=empty
fet	faire	VERcjg	MORPH=empty
la	le	DETdef	MORPH=empty
reïne	röine1	NOMcom	MORPH=empty
.	.	PONfrt	MORPH=empty
Et	et	CONcoo	MORPH=empty
il	il	PROper	MORPH=empty
li	il	PROper	MORPH=empty
conte	conter	VERcjg	MORPH=empty
tote	tot	DETind	MORPH=empty
la	le	DETdef	MORPH=empty
viltance	viltance	NOMcom	MORPH=empty
et	et	CONcoo	MORPH=empty
la	le	DETdef	MORPH=empty
honte	honte	NOMcom	MORPH=empty
qu'	que2	PROrel	MORPH=empty
il	il	PROper	MORPH=empty
li	il	PROper	MORPH=empty
avoit	avoir	VERcjg	MORPH=empty
longuemant	longement2	ADVgen	MORPH=empty
fete	faire	VERppe	MORPH=empty
,	,	PONfbl	MORPH=empty
et	et	CONcoo	MORPH=empty
la	le	DETdef	MORPH=empty
poinne	peine	NOMcom	MORPH=empty
que	que2	PROrel	MORPH=empty
ele	il	PROper	MORPH=empty
ot	avoir	VERcjg	MORPH=empty
trete	traire	VERppe	MORPH=empty
.	.	PONfrt	MORPH=empty
Trestot	trestot	PROind	MORPH=empty
sanz	sans	PRE	MORPH=empty
rien	rien	PROind	MORPH=empty
celer	celer1	VERinf	MORPH=empty
li	il	PROper	MORPH=empty
dist	dire	VERcjg	MORPH=empty
,	,	PONfbl	MORPH=empty
et	et	CONcoo	MORPH=empty
l'	le	DETdef	MORPH=empty
acheison	ochaison	NOMcom	MORPH=empty
por	por2	PRE	MORPH=empty
qu'	que2	PROrel	MORPH=empty
il	il	PROper	MORPH=empty
le	il	PROper	MORPH=empty
fist	faire	VERcjg	MORPH=empty
.	.	PONfrt	MORPH=empty
Aprés	après	ADVgen	MORPH=empty
li	il	PROper	MORPH=empty
mostrerent	mostrer	VERcjg	MORPH=empty
celi	cel	PROdem	MORPH=empty
que	que2	PROrel	MORPH=empty
Kex	Keu	NOMpro	MORPH=empty
li	le	DETdef	MORPH=empty
seneschax	seneschal	NOMcom	MORPH=empty
feri	ferir	VERcjg	MORPH=empty
,	,	PONfbl	MORPH=empty
et	et	CONcoo	MORPH=empty
il	il	PROper	MORPH=empty
li	il	PROper	MORPH=empty
dist	dire	VERcjg	MORPH=empty
:	:	PONfbl	MORPH=empty
"	"	PONpxx	MORPH=empty
Cil	cel	PROdem	MORPH=empty
me	je	PROper	MORPH=empty
pria	priier	VERcjg	MORPH=empty
,	,	PONfbl	MORPH=empty
pucele	pucele	NOMcom	MORPH=empty
,	,	PONfbl	MORPH=empty
qui	qui	PROrel	MORPH=empty
ça	ça	ADVgen	MORPH=empty
m'	je	PROper	MORPH=empty
anvea	envoiier	VERcjg	MORPH=empty
,	,	PONfbl	MORPH=empty
que	que4	CONsub	MORPH=empty
de	de	PRE	MORPH=empty
par	par	PRE	MORPH=empty
lui	il	PROper	MORPH=empty
vos	vos	PROper	MORPH=empty
saluasse	salüer	VERcjg	MORPH=empty
ne	ne2	CONcoo	MORPH=empty
ja	ja	ADVgen	MORPH=empty
mes	mon1	DETpos	MORPH=empty
piez	pié	NOMcom	MORPH=empty
ne	ne1	ADVneg	MORPH=empty
remuasse	remüer	VERcjg	MORPH=empty
tant	tant	ADVgen	MORPH=empty
que	que4	CONsub	MORPH=empty
je	je	PROper	MORPH=empty
vos	vos	PROper	MORPH=empty
eüsse	avoir	VERcjg	MORPH=empty
dit	dire	VERppe	MORPH=empty
que	que4	CONsub	MORPH=empty
ja	ja	ADVgen	MORPH=empty
puis	puis	ADVgen	MORPH=empty
Dex	Dieu	NOMpro	MORPH=empty
ne	ne1	ADVneg	MORPH=empty
li	il	PROper	MORPH=empty
aït	aidier	VERcjg	MORPH=empty
qu'	que4	CONsub	MORPH=empty
il	il	PROper	MORPH=empty
anterra	entrer	VERcjg	MORPH=empty
por	por2	PRE	MORPH=empty
rien	rien	PROind	MORPH=empty
qu'	que2	PROrel	MORPH=empty
aveigne	avenant	VERcjg	MORPH=empty
an	en1	PRE	MORPH=empty
cort	cort1	NOMcom	MORPH=empty
que	que2	PROrel	MORPH=empty
li	le	DETdef	MORPH=empty
rois	roi2	NOMcom	MORPH=empty
Artus	Artu	NOMpro	MORPH=empty
teigne	tenir1	VERcjg	MORPH=empty
tant	tant	ADVgen	MORPH=empty
que	que4	CONsub	MORPH=empty
il	il	PROper	MORPH=empty
vos	vos	PROper	MORPH=empty
avra	avoir	VERcjg	MORPH=empty
vangiee	vengier	VERppe	MORPH=empty
de	de	PRE	MORPH=empty
la	le	DETdef	MORPH=empty
bufe	bufe	NOMcom	MORPH=empty
et	et	CONcoo	MORPH=empty
de	de	PRE	MORPH=empty
la	le	DETdef	MORPH=empty
frangiee	frengiee	NOMcom	MORPH=empty
qui	qui	PROrel	MORPH=empty
por	por2	PRE	MORPH=empty
lui	il	PROper	MORPH=empty
donee	doner	VERppe	MORPH=empty
vos	vos	PROper	MORPH=empty
fu	estre1	VERcjg	MORPH=empty
.	.	PONfrt	MORPH=empty
"	"	PONpxx	MORPH=empty
Et	et	CONcoo	MORPH=empty
quant	cant1	CONsub	MORPH=empty
li	le	DETdef	MORPH=empty
fos	fol3	NOMcom	MORPH=empty
l'	il	PROper	MORPH=empty
a	avoir	VERcjg	MORPH=empty
antandu	entendre	VERppe	MORPH=empty
,	,	PONfbl	MORPH=empty
si	si	ADVgen	MORPH=empty
saut	salir2	VERcjg	MORPH=empty
an	en1	PRE	MORPH=empty
piez	pié	NOMcom	MORPH=empty
et	et	CONcoo	MORPH=empty
si	si	ADVgen	MORPH=empty
s'	soi1	PROper	MORPH=empty
escrie	escrïer	VERcjg	MORPH=empty
:	:	PONfbl	MORPH=empty
"	"	PONpxx	MORPH=empty
Dan	Damnedeu	NOMcom	MORPH=empty
Kex	Keu	NOMpro	MORPH=empty
,	,	PONfbl	MORPH=empty
se	se	CONsub	MORPH=empty
Dex	Dieu	NOMpro	MORPH=empty
me	je	PROper	MORPH=empty
beneïe	benëir	VERcjg	MORPH=empty
,	,	PONfbl	MORPH=empty
vos	vos	PROper	MORPH=empty
le	il	PROper	MORPH=empty
conparroiz	comparer2	VERcjg	MORPH=empty
voiremant	voirement	ADVgen	MORPH=empty
,	,	PONfbl	MORPH=empty
mes	mais1	CONcoo	MORPH=empty
ce	ce1	PROdem	MORPH=empty
sera	estre1	VERcjg	MORPH=empty
prochenemant	prochainement	ADVgen	MORPH=empty
.	.	PONfrt	MORPH=empty
"	"	PONpxx	MORPH=empty
Aprés	après	PRE	MORPH=empty
le	le	DETdef	MORPH=empty
fol	fol3	NOMcom	MORPH=empty
parla	parler	VERcjg	MORPH=empty
li	le	DETdef	MORPH=empty
rois	roi2	NOMcom	MORPH=empty
:	:	PONfbl	MORPH=empty
"	"	PONpxx	MORPH=empty
Ha	ha	INJ	MORPH=empty
!	!	PONfrt	MORPH=empty
Kex	Keu	NOMpro	MORPH=empty
,	,	PONfbl	MORPH=empty
ne	ne1	ADVneg	MORPH=empty
feïs	faire	VERcjg	MORPH=empty
que	que4	CONsub	MORPH=empty
cortois	cortois	ADJqua	MORPH=empty
del	de+le	PRE.DETdef	MORPH=empty
vaslet	vaslet	NOMcom	MORPH=empty
quant	cant1	CONsub	MORPH=empty
tu	tu	PROper	MORPH=empty
le	il	PROper	MORPH=empty
gabas	gaber	VERcjg	MORPH=empty
.	.	PONfrt	MORPH=empty
Par	par	PRE	MORPH=empty
ton	ton4	DETpos	MORPH=empty
gabois	gabois	NOMcom	MORPH=empty
tolu	tolir	VERppe	MORPH=empty
le	il	PROper	MORPH=empty
m'	je	PROper	MORPH=empty
as	avoir	VERcjg	MORPH=empty
,	,	PONfbl	MORPH=empty
si	si	ADVgen	MORPH=empty
que	que4	CONsub	MORPH=empty
ja	ja	ADVgen	MORPH=empty
mes	mais1	ADVgen	MORPH=empty
nel	ne1+il	ADVneg.PROper	MORPH=empty
cuit	cuidier1	VERcjg	MORPH=empty
veoir	vëoir	VERinf	MORPH=empty
.	.	PONfrt	MORPH=empty
"	"	PONpxx	MORPH=empty
Lors	lors	ADVgen	MORPH=empty
fist	faire	VERcjg	MORPH=empty
devant	devant	PRE	MORPH=empty
lui	il	PROper	MORPH=empty
aseoir	asseoir	VERinf	MORPH=empty
li	le	DETdef	MORPH=empty
rois	roi2	NOMcom	MORPH=empty
son	son4	DETpos	MORPH=empty
chevalier	chevalier	NOMcom	MORPH=empty
prison	prison	NOMcom	MORPH=empty
,	,	PONfbl	MORPH=empty
si	si	ADVgen	MORPH=empty
li	il	PROper	MORPH=empty
pardone	pardoner	VERcjg	MORPH=empty
sa	son4	DETpos	MORPH=empty
prison	prison	NOMcom	MORPH=empty
et	et	CONcoo	MORPH=empty
puis	puis	ADVgen	MORPH=empty
desarmer	desarmer	VERinf	MORPH=empty
le	il	PROper	MORPH=empty
comande	comander	VERcjg	MORPH=empty
;	;	PONfbl	MORPH=empty
et	et	CONcoo	MORPH=empty
messire	seignor	NOMcom	MORPH=empty
Gauvains	Gauvain	NOMpro	MORPH=empty
demande	demander	VERcjg	MORPH=empty
,	,	PONfbl	MORPH=empty
qui	qui	PROrel	MORPH=empty
delez	dalez	PRE	MORPH=empty
le	le	DETdef	MORPH=empty
roi	roi2	NOMcom	MORPH=empty
sist	sëoir	VERcjg	MORPH=empty
a	a3	PRE	MORPH=empty
destre	destre	ADJqua	MORPH=empty
:	:	PONfbl	MORPH=empty
"	"	PONpxx	MORPH=empty
Por	por2	PRE	MORPH=empty
Deu	Dieu	NOMpro	MORPH=empty
,	,	PONfbl	MORPH=empty
sire	seignor	NOMcom	MORPH=empty
,	,	PONfbl	MORPH=empty
qui	qui	PROrel	MORPH=empty
puet	pöoir	VERcjg	MORPH=empty
cil	cel	PROdem	MORPH=empty
estre	estre1	VERinf	MORPH=empty
qui	qui	PROrel	MORPH=empty
par	par	PRE	MORPH=empty
seul	sol1	ADJqua	MORPH=empty
ses	son4	DETpos	MORPH=empty
armes	arme	NOMcom	MORPH=empty
conquist	conquerre	VERcjg	MORPH=empty
si	si	ADVgen	MORPH=empty
boen	bon	ADJqua	MORPH=empty
chevalier	chevalier	NOMcom	MORPH=empty
con	come1	CONsub	MORPH=empty
est	estre1	VERcjg	MORPH=empty
cist	cest	PROdem	MORPH=empty
?	?	PONfrt	MORPH=empty
An	en1	PRE	MORPH=empty
totes	tot	DETind	MORPH=empty
les	le	DETdef	MORPH=empty
Isles	isle	NOMcom	MORPH=empty
de	de	PRE	MORPH=empty
mer	mer	NOMcom	MORPH=empty
n'	ne1	ADVneg	MORPH=empty
ai	avoir	VERcjg	MORPH=empty
oï	öir	VERppe	MORPH=empty
chevalier	chevalier	NOMcom	MORPH=empty
nomer	nomer	VERinf	MORPH=empty
,	,	PONfbl	MORPH=empty
ne	ne2	CONcoo	MORPH=empty
nel	ne1+il	ADVneg.PROper	MORPH=empty
vi	vëoir	VERcjg	MORPH=empty
ne	ne2	CONcoo	MORPH=empty
ne	ne1	ADVneg	MORPH=empty
le	il	PROper	MORPH=empty
conui	conoistre	VERcjg	MORPH=empty
,	,	PONfbl	MORPH=empty
qui	qui	PROrel	MORPH=empty
se	soi1	PROper	MORPH=empty
poïst	pöoir	VERcjg	MORPH=empty
prandre	prendre	VERinf	MORPH=empty
a	a3	PRE	MORPH=empty
cestui	cest	PROdem	MORPH=empty
d'	de	PRE	MORPH=empty
armes	arme	NOMcom	MORPH=empty
ne	ne2	CONcoo	MORPH=empty
de	de	PRE	MORPH=empty
chevalerie	chevalerie	NOMcom	MORPH=empty
.	.	PONfrt	MORPH=empty
Biax	bel1	ADJqua	MORPH=empty
niés	nevo	NOMcom	MORPH=empty
,	,	PONfbl	MORPH=empty
je	je	PROper	MORPH=empty
ne	ne1	ADVneg	MORPH=empty
le	il	PROper	MORPH=empty
conuis	conoistre	VERcjg	MORPH=empty
mie	mie	ADVneg	MORPH=empty
,	,	PONfbl	MORPH=empty
fet	faire	VERcjg	MORPH=empty
li	le	DETdef	MORPH=empty
rois	roi2	NOMcom	MORPH=empty
,	,	PONfbl	MORPH=empty
et	et	CONcoo	MORPH=empty
si	si	ADVgen	MORPH=empty
l'	il	PROper	MORPH=empty
ai	avoir	VERcjg	MORPH=empty
veü	vëoir	VERppe	MORPH=empty
.	.	PONfrt	MORPH=empty
Qant	cant1	CONsub	MORPH=empty
ge	je	PROper	MORPH=empty
le	il	PROper	MORPH=empty
vi	vëoir	VERcjg	MORPH=empty
,	,	PONfbl	MORPH=empty
tant	tant	ADVgen	MORPH=empty
ne	ne1	ADVneg	MORPH=empty
m'	je	PROper	MORPH=empty
an	en2	PROadv	MORPH=empty
fu	estre1	VERcjg	MORPH=empty
que	que4	CONsub	MORPH=empty
rien	rien	NOMcom	MORPH=empty
nule	nul	ADJind	MORPH=empty
li	il	PROper	MORPH=empty
anqueïsse	enquerre	VERcjg	MORPH=empty
,	,	PONfbl	MORPH=empty
et	et	CONcoo	MORPH=empty
il	il	PROper	MORPH=empty
me	je	PROper	MORPH=empty
dist	dire	VERcjg	MORPH=empty
que	que4	CONsub	MORPH=empty
jel	je+il	PROper.PROper	MORPH=empty
feïsse	faire	VERcjg	MORPH=empty
chevalier	chevalier	NOMcom	MORPH=empty
tot	tot	ADVgen	MORPH=empty
de	de	PRE	MORPH=empty
maintenant	maintenant	ADVgen	MORPH=empty
.	.	PONfrt	MORPH=empty
Je	je	PROper	MORPH=empty
le	il	PROper	MORPH=empty
vi	vëoir	VERcjg	MORPH=empty
bel	bel1	ADJqua	MORPH=empty
et	et	CONcoo	MORPH=empty
avenant	avenant	VERppa	MORPH=empty
,	,	PONfbl	MORPH=empty
si	si	ADVgen	MORPH=empty
li	il	PROper	MORPH=empty
dis	dire	VERcjg	MORPH=empty
:	:	PONfbl	MORPH=empty
"	"	PONpxx	MORPH=empty
Frere	frere	NOMcom	MORPH=empty
,	,	PONfbl	MORPH=empty
volantiers	volentiers	ADVgen	MORPH=empty
.	.	PONfrt	MORPH=empty
Mes	mais1	ADVgen	MORPH=empty
descendez	descendre	VERcjg	MORPH=empty
andemantiers	endementieres	ADVgen	MORPH=empty
tant	tant	ADVgen	MORPH=empty
que	que4	CONsub	MORPH=empty
l'	le	DETdef	MORPH=empty
an	on	PROind	MORPH=empty
vos	vos	PROper	MORPH=empty
ait	avoir	VERcjg	MORPH=empty
aportees	aporter	VERppe	MORPH=empty
unes	un	DETndf	MORPH=empty
armes	arme	NOMcom	MORPH=empty
totes	tot	ADVgen	MORPH=empty
dorees	dorer	VERppe	MORPH=empty
.	.	PONfrt	MORPH=empty
"	"	PONpxx	MORPH=empty
Et	et	CONcoo	MORPH=empty
il	il	PROper	MORPH=empty
dist	dire	VERcjg	MORPH=empty
que	que4	CONsub	MORPH=empty
ja	ja	ADVgen	MORPH=empty
nes	ne1+il	ADVneg.PROper	MORPH=empty
prandroit	prendre	VERcjg	MORPH=empty
ne	ne2	CONcoo	MORPH=empty
ja	ja	ADVgen	MORPH=empty
a	a3	PRE	MORPH=empty
pié	pié	NOMcom	MORPH=empty
ne	ne1	ADVneg	MORPH=empty
descendroit	descendre	VERcjg	MORPH=empty
tant	tant	ADVgen	MORPH=empty
qu'	que4	CONsub	MORPH=empty
il	il	PROper	MORPH=empty
eüst	avoir	VERcjg	MORPH=empty
armes	arme	NOMcom	MORPH=empty
vermoilles	vermeil1	ADJqua	MORPH=empty
.	.	PONfrt	MORPH=empty
Ancor	encore	ADVgen	MORPH=empty
dist	dire	VERcjg	MORPH=empty
il	il	PROper	MORPH=empty
autres	autre	DETind	MORPH=empty
mervoilles	merveille	NOMcom	MORPH=empty
qu'	que4	CONcoo	MORPH=empty
il	il	PROper	MORPH=empty
ne	ne1	ADVneg	MORPH=empty
voloit	voloir	VERcjg	MORPH=empty
autres	autre	PROind	MORPH=empty
baillier	baillier	VERinf	MORPH=empty
se	se	CONsub	MORPH=empty
celes	cel	PROdem	MORPH=empty
non	non	ADVneg	MORPH=empty
au	a3+le	PRE.DETdef	MORPH=empty
chevalier	chevalier	NOMcom	MORPH=empty
qui	qui	PROrel	MORPH=empty
ma	mon1	DETpos	MORPH=empty
cope	cope1	NOMcom	MORPH=empty
d'	de	PRE	MORPH=empty
or	or1	NOMcom	MORPH=empty
an	en2	PROadv	MORPH=empty
portoit	porter	VERcjg	MORPH=empty
.	.	PONfrt	MORPH=empty
Et	et	CONcoo	MORPH=empty
Kex	Keu	NOMpro	MORPH=empty
,	,	PONfbl	MORPH=empty
qui	qui	PROrel	MORPH=empty
enuieus	enoios	ADJqua	MORPH=empty
estoit	estre1	VERcjg	MORPH=empty
,	,	PONfbl	MORPH=empty
et	et	CONcoo	MORPH=empty
est	estre1	VERcjg	MORPH=empty
ancor	encore	ADVgen	MORPH=empty
et	et	CONcoo	MORPH=empty
toz	tot	DETind	MORPH=empty
jorz	jor	NOMcom	MORPH=empty
iert	estre1	VERcjg	MORPH=empty
ne	ne2	CONcoo	MORPH=empty
ja	ja	ADVgen	MORPH=empty
nul	nul	DETind	MORPH=empty
bien	bien2	NOMcom	MORPH=empty
dire	dire	VERinf	MORPH=empty
ne	ne1	ADVneg	MORPH=empty
quiert	querre	VERcjg	MORPH=empty
,	,	PONfbl	MORPH=empty
li	il	PROper	MORPH=empty
dist	dire	VERcjg	MORPH=empty
:	:	PONfbl	MORPH=empty
"	"	PONpxx	MORPH=empty
Frere	frere	NOMcom	MORPH=empty
,	,	PONfbl	MORPH=empty
li	le	DETdef	MORPH=empty
rois	roi2	NOMcom	MORPH=empty
vos	vos	PROper	MORPH=empty
done	doner	VERcjg	MORPH=empty
les	le	DETdef	MORPH=empty
armes	arme	NOMcom	MORPH=empty
et	et	CONcoo	MORPH=empty
vos	vos	PROper	MORPH=empty
abandone	abandoner	VERcjg	MORPH=empty
.	.	PONfrt	MORPH=empty
"	"	PONpxx	MORPH=empty
Cil	cel	PROdem	MORPH=empty
cuida	cuidier1	VERcjg	MORPH=empty
que	que4	CONsub	MORPH=empty
voir	voir	ADJqua	MORPH=empty
li	il	PROper	MORPH=empty
deïst	dire	VERcjg	MORPH=empty
,	,	PONfbl	MORPH=empty
s'	si	ADVgen	MORPH=empty
ala	aler	VERcjg	MORPH=empty
aprés	après	ADVgen	MORPH=empty
et	et	CONcoo	MORPH=empty
si	si	ADVgen	MORPH=empty
l'	il	PROper	MORPH=empty
ocist	ocire	VERcjg	MORPH=empty
d'	de	PRE	MORPH=empty
un	un	DETndf	MORPH=empty
javelot	javelot	NOMcom	MORPH=empty
que	que2	PROrel	MORPH=empty
il	il	PROper	MORPH=empty
lança	lancier3	VERcjg	MORPH=empty
.	.	PONfrt	MORPH=empty
Je	je	PROper	MORPH=empty
ne	ne1	ADVneg	MORPH=empty
sai	savoir	VERcjg	MORPH=empty
comant	coment1	ADVsub	MORPH=empty
comança	comencier	VERcjg	MORPH=empty
la	le	DETdef	MORPH=empty
meslee	meslee	NOMcom	MORPH=empty
ne	ne2	CONcoo	MORPH=empty
li	le	DETdef	MORPH=empty
toauz	töeil	NOMcom	MORPH=empty
,	,	PONfbl	MORPH=empty
mes	mais1	CONcoo	MORPH=empty
que	que4	CONsub	MORPH=empty
li	le	DETdef	MORPH=empty
Chevaliers	chevalier	NOMcom	MORPH=empty
Vermauz	vermeil1	ADJqua	MORPH=empty
de	de	PRE	MORPH=empty
la	le	DETdef	MORPH=empty
forest	forest	NOMcom	MORPH=empty
de	de	PRE	MORPH=empty
Quinqueroi	Quinqueroi	NOMpro	MORPH=empty
le	il	PROper	MORPH=empty
feri	ferir	VERcjg	MORPH=empty
,	,	PONfbl	MORPH=empty
je	je	PROper	MORPH=empty
ne	ne1	ADVneg	MORPH=empty
sai	savoir	VERcjg	MORPH=empty
por	por2	PRE	MORPH=empty
coi	coi2	PROrel	MORPH=empty
,	,	PONfbl	MORPH=empty
de	de	PRE	MORPH=empty
sa	son4	DETpos	MORPH=empty
lance	lance	NOMcom	MORPH=empty
,	,	PONfbl	MORPH=empty
si	si	ADVgen	MORPH=empty
fist	faire	VERcjg	MORPH=empty
orguel	orgueil	NOMcom	MORPH=empty
.	.	PONfrt	MORPH=empty
Et	et	CONcoo	MORPH=empty
li	le	DETdef	MORPH=empty
vaslez	vaslet	NOMcom	MORPH=empty
tres	très	ADVgen	MORPH=empty
parmi	parmi	PRE	MORPH=empty
l'	le	DETdef	MORPH=empty
uel	ueil	NOMcom	MORPH=empty
le	il	PROper	MORPH=empty
referi	referir1	VERcjg	MORPH=empty
d'	de	PRE	MORPH=empty
un	un	DETndf	MORPH=empty
javelot	javelot	NOMcom	MORPH=empty
,	,	PONfbl	MORPH=empty
si	si	ADVgen	MORPH=empty
l'	il	PROper	MORPH=empty
ocist	ocire	VERcjg	MORPH=empty
et	et	CONcoo	MORPH=empty
les	le	DETdef	MORPH=empty
armes	arme	NOMcom	MORPH=empty
ot	avoir	VERcjg	MORPH=empty
.	.	PONfrt	MORPH=empty
Puis	puis	ADVgen	MORPH=empty
si	si	ADVgen	MORPH=empty
bien	bien1	ADVgen	MORPH=empty
a	a3	PRE	MORPH=empty
gré	gré2	NOMcom	MORPH=empty
m'	je	PROper	MORPH=empty
an	en2	PROadv	MORPH=empty
servi	servir	VERcjg	MORPH=empty
que	que4	CONsub	MORPH=empty
par	par	PRE	MORPH=empty
monseignor	seignor	NOMcom	MORPH=empty
saint	saint	ADJqua	MORPH=empty
Davi	Davi	NOMpro	MORPH=empty
que	que2	PROrel	MORPH=empty
l'	le	DETdef	MORPH=empty
an	on	PROind	MORPH=empty
aore	aorer2	VERcjg	MORPH=empty
et	et	CONcoo	MORPH=empty
prie	priier	VERcjg	MORPH=empty
an	en1	PRE	MORPH=empty
Gales	Gales	NOMpro	MORPH=empty
ja	ja	ADVgen	MORPH=empty
mes	mais1	ADVgen	MORPH=empty
an	en1	PRE	MORPH=empty
chanbres	chambre1	NOMcom	MORPH=empty
ne	ne2	CONcoo	MORPH=empty
an	en1	PRE	MORPH=empty
sales	sale1	NOMcom	MORPH=empty
.ii.	2	DETcar	MORPH=empty
nuiz	nuit	NOMcom	MORPH=empty
pres	près	ADVgen	MORPH=empty
a	a3	PRE	MORPH=empty
pres	près	ADVgen	MORPH=empty
ne	ne1	ADVneg	MORPH=empty
girrai	jesir	VERcjg	MORPH=empty
jusque	jusque	PRE	MORPH=empty
tant	tant	ADVgen	MORPH=empty
que	que4	CONsub	MORPH=empty
je	je	PROper	MORPH=empty
le	il	PROper	MORPH=empty
verrai	vëoir	VERcjg	MORPH=empty
s'	se	CONsub	MORPH=empty
il	il	PROper	MORPH=empty
est	estre1	VERcjg	MORPH=empty
vis	vif	ADJqua	MORPH=empty
,	,	PONfbl	MORPH=empty
an	en1	PRE	MORPH=empty
mer	mer	NOMcom	MORPH=empty
ou	o3	CONcoo	MORPH=empty
an	en1	PRE	MORPH=empty
terre	terre	NOMcom	MORPH=empty
,	,	PONfbl	MORPH=empty
einz	ainz	ADVgen	MORPH=empty
movrai	movoir	VERcjg	MORPH=empty
ja	ja	ADVgen	MORPH=empty
por	por2	PRE	MORPH=empty
aler	aler	VERinf	MORPH=empty
querre	querre	VERinf	MORPH=empty
.	.	PONfrt	MORPH=empty
"	"	PONpxx	MORPH=empty
Lués	luès	ADVgen	MORPH=empty
que	que4	CONsub	MORPH=empty
li	le	DETdef	MORPH=empty
rois	roi2	NOMcom	MORPH=empty
ot	avoir	VERcjg	MORPH=empty
ce	ce1	PROdem	MORPH=empty
juré	jurer	VERppe	MORPH=empty
,	,	PONfbl	MORPH=empty
si	si	ADVgen	MORPH=empty
furent	estre1	VERcjg	MORPH=empty
tuit	tot	PROind	MORPH=empty
asseüré	assëurer	VERppe	MORPH=empty
que	que4	CONsub	MORPH=empty
il	il	PROimp	MORPH=empty
n'	ne1	ADVneg	MORPH=empty
i	i2	PROadv	MORPH=empty
ot	avoir	VERcjg	MORPH=empty
que	que4	CONsub	MORPH=empty
de	de	PRE	MORPH=empty
l'	le	DETdef	MORPH=empty
aler	aler	VERinf	MORPH=empty
.	.	PONfrt	MORPH=empty
Qui	qui	PROrel	MORPH=empty
lors	lors	ADVgen	MORPH=empty
veïst	vëoir	VERcjg	MORPH=empty
dras	drap	NOMcom	MORPH=empty
anmaler	enmaler	VERinf	MORPH=empty
,	,	PONfbl	MORPH=empty
et	et	CONcoo	MORPH=empty
covertors	covertor	NOMcom	MORPH=empty
et	et	CONcoo	MORPH=empty
orelliers	oreillier3	NOMcom	MORPH=empty
,	,	PONfbl	MORPH=empty
cofres	cofre	NOMcom	MORPH=empty
anplir	emplir	VERinf	MORPH=empty
,	,	PONfbl	MORPH=empty
trosser	torser2	VERinf	MORPH=empty
somiers	somier2	NOMcom	MORPH=empty
et	et	CONcoo	MORPH=empty
chargier	chargier	VERinf	MORPH=empty
charretes	charrete	NOMcom	MORPH=empty
et	et	CONcoo	MORPH=empty
chars	char1	NOMcom	MORPH=empty
,	,	PONfbl	MORPH=empty
dont	dont	PROrel	MORPH=empty
il	il	PROimp	MORPH=empty
n'	ne1	ADVneg	MORPH=empty
i	i2	PROadv	MORPH=empty
ot	avoir	VERcjg	MORPH=empty
pas	pas	ADVneg	MORPH=empty
a	a3	PRE	MORPH=empty
eschars	eschars	ADJqua	MORPH=empty
,	,	PONfbl	MORPH=empty
tantes	tente1	NOMcom	MORPH=empty
et	et	CONcoo	MORPH=empty
pavellons	paveillon	NOMcom	MORPH=empty
et	et	CONcoo	MORPH=empty
trez	tref2	NOMcom	MORPH=empty
!	!	PONfrt	MORPH=empty
Uns	un	DETndf	MORPH=empty
clers	clerc	NOMcom	MORPH=empty
sages	sage	ADJqua	MORPH=empty
et	et	CONcoo	MORPH=empty
bien	bien1	ADVgen	MORPH=empty
letrez	letré	ADJqua	MORPH=empty
ne	ne1	ADVneg	MORPH=empty
poïst	pöoir	VERcjg	MORPH=empty
escrire	escrire	VERinf	MORPH=empty
an	en1	PRE	MORPH=empty
.i.	1	DETcar	MORPH=empty
jor	jor	NOMcom	MORPH=empty
tot	tot	DETind	MORPH=empty
le	le	DETdef	MORPH=empty
hernois	harnois	NOMcom	MORPH=empty
et	et	CONcoo	MORPH=empty
tot	tot	DETind	MORPH=empty
l'	le	DETdef	MORPH=empty
ator	ator	NOMcom	MORPH=empty
qui	qui	PROrel	MORPH=empty
fu	estre1	VERcjg	MORPH=empty
aparelliez	apareillier1	VERppe	MORPH=empty
tantost	tantost	ADVgen	MORPH=empty
.	.	PONfrt	MORPH=empty
Ensi	ainsi	ADVgen	MORPH=empty
con	come1	CONsub	MORPH=empty
por	por2	PRE	MORPH=empty
aler	aler	VERinf	MORPH=empty
an	en1	PRE	MORPH=empty
l'	le	DETdef	MORPH=empty
ost	ost	NOMcom	MORPH=empty
se	soi1	PROper	MORPH=empty
part	partir	VERcjg	MORPH=empty
li	le	DETdef	MORPH=empty
rois	roi2	NOMcom	MORPH=empty
de	de	PRE	MORPH=empty
Carlion	Carlïon	NOMpro	MORPH=empty
,	,	PONfbl	MORPH=empty
si	si	ADVgen	MORPH=empty
le	il	PROper	MORPH=empty
sivent	sivre	VERcjg	MORPH=empty
tuit	tot	DETind	MORPH=empty
li	le	DETdef	MORPH=empty
baron	baron	NOMcom	MORPH=empty
;	;	PONfbl	MORPH=empty
neïs	nëis	ADVgen	MORPH=empty
pucele	pucele	NOMcom	MORPH=empty
n'	ne1	ADVneg	MORPH=empty
i	i2	PROadv	MORPH=empty
remaint	remanoir	VERcjg	MORPH=empty
que	que2	PROrel	MORPH=empty
la	le	DETdef	MORPH=empty
reïne	röine1	NOMcom	MORPH=empty
n'	ne1	ADVneg	MORPH=empty
i	i2	PROadv	MORPH=empty
amaint	amener	VERcjg	MORPH=empty
por	por2	PRE	MORPH=empty
hautesce	hautece	NOMcom	MORPH=empty
et	et	CONcoo	MORPH=empty
por	por2	PRE	MORPH=empty
seignorie	seignorie	NOMcom	MORPH=empty
.	.	PONfrt	MORPH=empty
La	le	DETdef	MORPH=empty
nuit	nuit	NOMcom	MORPH=empty
,	,	PONfbl	MORPH=empty
an	en1	PRE	MORPH=empty
une	un	DETndf	MORPH=empty
praerie	präerie	NOMcom	MORPH=empty
,	,	PONfbl	MORPH=empty
lez	lez	PRE	MORPH=empty
une	un	DETndf	MORPH=empty
forest	forest	NOMcom	MORPH=empty
sont	estre1	VERcjg	MORPH=empty
logié	logier	VERppe	MORPH=empty
.	.	PONfrt	MORPH=empty
Cele	cel	DETdem	MORPH=empty
nuit	nuit	NOMcom	MORPH=empty
ot	avoir	VERcjg	MORPH=empty
il	il	PROper	MORPH=empty
bien	bien1	ADVgen	MORPH=empty
negié	negier	VERppe	MORPH=empty
,	,	PONfbl	MORPH=empty
que	que4	CONcoo	MORPH=empty
mout	mout	ADVgen	MORPH=empty
froide	froit1	ADJqua	MORPH=empty
estoit	estre1	VERcjg	MORPH=empty
la	le	DETdef	MORPH=empty
contree	contree	NOMcom	MORPH=empty
.	.	PONfrt	MORPH=empty
Et	et	CONcoo	MORPH=empty
Percevax	Perceval	NOMpro	MORPH=empty
la	le	DETdef	MORPH=empty
matinee	matinee	NOMcom	MORPH=empty
fu	estre1	VERcjg	MORPH=empty
levez	lever	VERppe	MORPH=empty
si	si	ADVgen	MORPH=empty
con	come1	CONsub	MORPH=empty
il	il	PROper	MORPH=empty
soloit	soloir	VERcjg	MORPH=empty
,	,	PONfbl	MORPH=empty
qui	qui	PROrel	MORPH=empty
querre	querre	VERinf	MORPH=empty
et	et	CONcoo	MORPH=empty
ancontrer	encontrer	VERinf	MORPH=empty
voloit	voloir	VERcjg	MORPH=empty
avanture	aventure	NOMcom	MORPH=empty
et	et	CONcoo	MORPH=empty
chevalerie	chevalerie	NOMcom	MORPH=empty
;	;	PONfbl	MORPH=empty
et	et	CONcoo	MORPH=empty
vint	venir	VERcjg	MORPH=empty
droit	droit	ADJqua	MORPH=empty
an	en1	PRE	MORPH=empty
la	le	DETdef	MORPH=empty
praerie	präerie	NOMcom	MORPH=empty
ou	où	PROrel	MORPH=empty
l'	le	DETdef	MORPH=empty
oz	ost	NOMcom	MORPH=empty
le	le	DETdef	MORPH=empty
roi	roi2	NOMcom	MORPH=empty
estoit	estre1	VERcjg	MORPH=empty
logiee	logier	VERppe	MORPH=empty
,	,	PONfbl	MORPH=empty
qui	qui	PROrel	MORPH=empty
fu	estre1	VERcjg	MORPH=empty
gelee	geler	VERppe	MORPH=empty
et	et	CONcoo	MORPH=empty
annegiee	ennegier	VERppe	MORPH=empty
.	.	PONfrt	MORPH=empty
Et	et	CONcoo	MORPH=empty
einz	ainz	ADVgen	MORPH=empty
que	que4	CONsub	MORPH=empty
il	il	PROper	MORPH=empty
venist	venir	VERcjg	MORPH=empty
as	a3+le	PRE.DETdef	MORPH=empty
tentes	tente1	NOMcom	MORPH=empty
,	,	PONfbl	MORPH=empty
voloit	voler	VERcjg	MORPH=empty
une	un	DETndf	MORPH=empty
rote	rote4	NOMcom	MORPH=empty
de	de	PRE	MORPH=empty
gentes	jante1	NOMcom	MORPH=empty
que	que2	PROrel	MORPH=empty
la	le	DETdef	MORPH=empty
nois	noif	NOMcom	MORPH=empty
avoit	avoir	VERcjg	MORPH=empty
esbloïes	esblöir	VERppe	MORPH=empty
.	.	PONfrt	MORPH=empty
Veües	vëoir	VERppe	MORPH=empty
les	il	PROper	MORPH=empty
a	avoir	VERcjg	MORPH=empty
et	et	CONcoo	MORPH=empty
oïes	öir	VERppe	MORPH=empty
,	,	PONfbl	MORPH=empty
qu'	que4	CONcoo	MORPH=empty
eles	il	PROper	MORPH=empty
s'	soi1	PROper	MORPH=empty
an	en2	PROadv	MORPH=empty
aloient	aler	VERcjg	MORPH=empty
fuiant	fuir	VERppa	MORPH=empty
por	por2	PRE	MORPH=empty
.i.	un	DETndf	MORPH=empty
faucon	faucon	NOMcom	MORPH=empty
qui	qui	PROrel	MORPH=empty
vint	venir	VERcjg	MORPH=empty
bruiant	bruire	VERppa	MORPH=empty
aprés	après	PRE	MORPH=empty
eles	il	PROper	MORPH=empty
de	de	PRE	MORPH=empty
grant	grant	ADJqua	MORPH=empty
randon	randon	NOMcom	MORPH=empty
,	,	PONfbl	MORPH=empty
tant	tant	ADVgen	MORPH=empty
c'	que4	CONsub	MORPH=empty
une	un	PROind	MORPH=empty
an	en2	PROadv	MORPH=empty
trova	trover	VERcjg	MORPH=empty
a	a3	PRE	MORPH=empty
bandon	bandon	NOMcom	MORPH=empty
qu'	que2	PROrel	MORPH=empty
ert	estre1	VERcjg	MORPH=empty
d'	de	PRE	MORPH=empty
antre	entre	PRE	MORPH=empty
les	le	DETdef	MORPH=empty
altres	autre	PROind	MORPH=empty
sevree	sevrer	VERppe	MORPH=empty
,	,	PONfbl	MORPH=empty
si	si	ADVgen	MORPH=empty
l'	il	PROper	MORPH=empty
a	avoir	VERcjg	MORPH=empty
ferue	ferir	VERppe	MORPH=empty
et	et	CONcoo	MORPH=empty
si	si	ADVgen	MORPH=empty
hurtee	hurter	VERppe	MORPH=empty
qu'	que4	CONsub	MORPH=empty
ancontre	encontre1	PRE	MORPH=empty
terre	terre	NOMcom	MORPH=empty
l'	il	PROper	MORPH=empty
abati	abatre	VERcjg	MORPH=empty
;	;	PONfbl	MORPH=empty
mes	mais1	CONcoo	MORPH=empty
trop	trop	ADVgen	MORPH=empty
fu	estre1	VERcjg	MORPH=empty
tart	tart	ADVgen	MORPH=empty
,	,	PONfbl	MORPH=empty
si	si	ADVgen	MORPH=empty
s'	soi1	PROper	MORPH=empty
an	en2	PROadv	MORPH=empty
parti	partir	VERcjg	MORPH=empty
,	,	PONfbl	MORPH=empty
il	il	PROper	MORPH=empty
ne	ne1	ADVneg	MORPH=empty
la	il	PROper	MORPH=empty
volt	voloir	VERcjg	MORPH=empty
lier	liier3	VERinf	MORPH=empty
ne	ne2	CONcoo	MORPH=empty
joindre	joindre	VERinf	MORPH=empty
.	.	PONfrt	MORPH=empty
Et	et	CONcoo	MORPH=empty
Percevax	Perceval	NOMpro	MORPH=empty
comance	comencier	VERcjg	MORPH=empty
a	a3	PRE	MORPH=empty
poindre	poindre	VERinf	MORPH=empty
la	là	ADVgen	MORPH=empty
ou	où	PROrel	MORPH=empty
il	il	PROper	MORPH=empty
ot	avoir	VERcjg	MORPH=empty
veü	vëoir	VERppe	MORPH=empty
le	le	DETdef	MORPH=empty
vol	vol	NOMcom	MORPH=empty
.	.	PONfrt	MORPH=empty
La	le	DETdef	MORPH=empty
gente	jante1	NOMcom	MORPH=empty
fu	estre1	VERcjg	MORPH=empty
ferue	ferir	VERppe	MORPH=empty
el	en1+le	PRE.DETdef	MORPH=empty
col	col	NOMcom	MORPH=empty
,	,	PONfbl	MORPH=empty
si	si	ADVgen	MORPH=empty
seinna	saignier	VERcjg	MORPH=empty
.iii.	3	DETcar	MORPH=empty
gotes	gote	NOMcom	MORPH=empty
de	de	PRE	MORPH=empty
sanc	sanc	NOMcom	MORPH=empty
qui	qui	PROrel	MORPH=empty
espandirent	espandre	VERcjg	MORPH=empty
sor	sor2	PRE	MORPH=empty
le	le	DETdef	MORPH=empty
blanc	blanc	ADJqua	MORPH=empty
,	,	PONfbl	MORPH=empty
si	si	ADVgen	MORPH=empty
sanbla	sembler	VERcjg	MORPH=empty
natural	naturel	ADJqua	MORPH=empty
color	color	NOMcom	MORPH=empty
.	.	PONfrt	MORPH=empty
La	le	DETdef	MORPH=empty
gente	jante1	NOMcom	MORPH=empty
n'	ne1	ADVneg	MORPH=empty
a	avoir	VERcjg	MORPH=empty
mal	mal1	NOMcom	MORPH=empty
ne	ne2	CONcoo	MORPH=empty
dolor	dolor	NOMcom	MORPH=empty
qu'	que2	PROrel	MORPH=empty
ancontre	encontre1	PRE	MORPH=empty
terre	terre	NOMcom	MORPH=empty
la	il	PROper	MORPH=empty
tenist	tenir1	VERcjg	MORPH=empty
tant	tant	ADVgen	MORPH=empty
que	que4	CONsub	MORPH=empty
il	il	PROper	MORPH=empty
a	a3	PRE	MORPH=empty
tans	tens	NOMcom	MORPH=empty
i	i2	PROadv	MORPH=empty
venist	venir	VERcjg	MORPH=empty
;	;	PONfbl	MORPH=empty
ele	il	PROper	MORPH=empty
s'	soi1	PROper	MORPH=empty
an	en2	PROadv	MORPH=empty
fu	estre1	VERcjg	MORPH=empty
ençois	ainçois	ADVgen	MORPH=empty
volee	voler	VERppe	MORPH=empty
,	,	PONfbl	MORPH=empty
et	et	CONcoo	MORPH=empty
Percevax	Perceval	NOMpro	MORPH=empty
vit	vëoir	VERcjg	MORPH=empty
defolee	defoler	VERppe	MORPH=empty
la	le	DETdef	MORPH=empty
noif	noif	NOMcom	MORPH=empty
qui	qui	PROrel	MORPH=empty
soz	soz	PRE	MORPH=empty
la	le	DETdef	MORPH=empty
gente	jante1	NOMcom	MORPH=empty
jut	jesir	VERcjg	MORPH=empty
,	,	PONfbl	MORPH=empty
et	et	CONcoo	MORPH=empty
le	le	DETdef	MORPH=empty
sanc	sanc	NOMcom	MORPH=empty
qui	qui	PROrel	MORPH=empty
ancor	encore	ADVgen	MORPH=empty
parut	paroir	VERcjg	MORPH=empty
.	.	PONfrt	MORPH=empty
Si	si	ADVgen	MORPH=empty
s'	soi1	PROper	MORPH=empty
apoia	apoiier	VERcjg	MORPH=empty
desor	desor	PRE	MORPH=empty
sa	son4	DETpos	MORPH=empty
lance	lance	NOMcom	MORPH=empty
,	,	PONfbl	MORPH=empty
Que	que4	CONsub	MORPH=empty
la	le	DETdef	MORPH=empty
fresche	frois1	ADJqua	MORPH=empty
color	color	NOMcom	MORPH=empty
li	il	PROper	MORPH=empty
sanble	sembler	VERcjg	MORPH=empty
qui	qui	PROrel	MORPH=empty
est	estre1	VERcjg	MORPH=empty
an	en1	PRE	MORPH=empty
la	le	DETdef	MORPH=empty
face	face	NOMcom	MORPH=empty
s'	son4	DETpos	MORPH=empty
amie	ami	NOMcom	MORPH=empty
,	,	PONfbl	MORPH=empty
et	et	CONcoo	MORPH=empty
panse	penser	VERcjg	MORPH=empty
tant	tant	ADVgen	MORPH=empty
que	que4	CONsub	MORPH=empty
il	il	PROper	MORPH=empty
s'	soi1	PROper	MORPH=empty
oblie	oblïer	VERcjg	MORPH=empty
.	.	PONfrt	MORPH=empty
Ausins	aussi	ADVgen	MORPH=empty
estoit	estre1	VERcjg	MORPH=empty
,	,	PONfbl	MORPH=empty
an	en1	PRE	MORPH=empty
son	son4	DETpos	MORPH=empty
avis	avis	NOMcom	MORPH=empty
,	,	PONfbl	MORPH=empty
li	le	DETdef	MORPH=empty
vermauz	vermeil1	ADJqua	MORPH=empty
sor	sor2	PRE	MORPH=empty
le	le	DETdef	MORPH=empty
blanc	blanc	ADJqua	MORPH=empty
asis	asseoir	VERppe	MORPH=empty
come	come1	CONsub	MORPH=empty
les	le	DETdef	MORPH=empty
gotes	gote	NOMcom	MORPH=empty
de	de	PRE	MORPH=empty
sanc	sanc	NOMcom	MORPH=empty
furent	estre1	VERcjg	MORPH=empty
qui	qui	PROrel	MORPH=empty
desor	desor	PRE	MORPH=empty
le	le	DETdef	MORPH=empty
blanc	blanc	ADJqua	MORPH=empty
aparurent	aparoir	VERcjg	MORPH=empty
.	.	PONfrt	MORPH=empty
An	en1	PRE	MORPH=empty
l'	le	DETdef	MORPH=empty
esgarder	esgarder	VERinf	MORPH=empty
que	que2	PROrel	MORPH=empty
il	il	PROper	MORPH=empty
feisoit	faire	VERcjg	MORPH=empty
li	il	PROper	MORPH=empty
ert	estre1	VERcjg	MORPH=empty
avis	avis	NOMcom	MORPH=empty
,	,	PONfbl	MORPH=empty
tant	tant	ADVgen	MORPH=empty
li	il	PROper	MORPH=empty
pleisoit	plaire	VERcjg	MORPH=empty
,	,	PONfbl	MORPH=empty
qu'	que4	CONsub	MORPH=empty
il	il	PROper	MORPH=empty
veïst	vëoir	VERcjg	MORPH=empty
la	le	DETdef	MORPH=empty
color	color	NOMcom	MORPH=empty
novele	novel	ADJqua	MORPH=empty
de	de	PRE	MORPH=empty
la	le	DETdef	MORPH=empty
face	face	NOMcom	MORPH=empty
s'	son4	DETpos	MORPH=empty
amie	ami	NOMcom	MORPH=empty
bele	bel1	ADJqua	MORPH=empty
.	.	PONfrt	MORPH=empty
Percevax	Perceval	NOMpro	MORPH=empty
sor	sor2	PRE	MORPH=empty
la	le	DETdef	MORPH=empty
gote	gote	NOMcom	MORPH=empty
muse	muser1	VERcjg	MORPH=empty
tote	tot	DETind	MORPH=empty
la	le	DETdef	MORPH=empty
matinee	matinee	NOMcom	MORPH=empty
et	et	CONcoo	MORPH=empty
use	user	VERcjg	MORPH=empty
tant	tant	ADVgen	MORPH=empty
que	que4	CONsub	MORPH=empty
hors	hors	ADVgen	MORPH=empty
des	de+le	PRE.DETdef	MORPH=empty
tantes	tente1	NOMcom	MORPH=empty
issirent	issir	VERcjg	MORPH=empty
escuier	escuier2	NOMcom	MORPH=empty
qui	qui	PROrel	MORPH=empty
muser	muser1	VERinf	MORPH=empty
le	il	PROper	MORPH=empty
virent	vëoir	VERcjg	MORPH=empty
et	et	CONcoo	MORPH=empty
cuiderent	cuidier1	VERcjg	MORPH=empty
qu'	que4	CONsub	MORPH=empty
il	il	PROper	MORPH=empty
somellast	someillier	VERcjg	MORPH=empty
.	.	PONfrt	MORPH=empty
Ençois	ainçois	ADVgen	MORPH=empty
que	que4	CONsub	MORPH=empty
li	le	DETdef	MORPH=empty
rois	roi2	NOMcom	MORPH=empty
s'	soi1	PROper	MORPH=empty
esvellast	esveillier	VERcjg	MORPH=empty
,	,	PONfbl	MORPH=empty
qui	qui	PROrel	MORPH=empty
ancor	encore	ADVgen	MORPH=empty
gisoit	jesir	VERcjg	MORPH=empty
an	en1	PRE	MORPH=empty
son	son4	DETpos	MORPH=empty
tré	tref2	NOMcom	MORPH=empty
,	,	PONfbl	MORPH=empty
ont	avoir	VERcjg	MORPH=empty
li	le	DETdef	MORPH=empty
escuier	escuier2	NOMcom	MORPH=empty
ancontré	encontrer	VERppe	MORPH=empty
devant	devant	PRE	MORPH=empty
le	le	DETdef	MORPH=empty
pavellon	paveillon	NOMcom	MORPH=empty
le	le	DETdef	MORPH=empty
roi	roi2	NOMcom	MORPH=empty
Sagremor	Sagremor2	NOMpro	MORPH=empty
,	,	PONfbl	MORPH=empty
qui	qui	PROrel	MORPH=empty
par	par	PRE	MORPH=empty
son	son4	DETpos	MORPH=empty
desroi	desroi	NOMcom	MORPH=empty
estoit	estre1	VERcjg	MORPH=empty
Desreez	desrëer	VERppe	MORPH=empty
apelez	apeler	VERppe	MORPH=empty
.	.	PONfrt	MORPH=empty
"	"	PONpxx	MORPH=empty
Di	dire	VERcjg	MORPH=empty
va	aler	VERcjg	MORPH=empty
,	,	PONfbl	MORPH=empty
fet	faire	VERcjg	MORPH=empty
il	il	PROper	MORPH=empty
,	,	PONfbl	MORPH=empty
nel	ne1+il	ADVneg.PROper	MORPH=empty
me	je	PROper	MORPH=empty
celez	celer1	VERcjg	MORPH=empty
,	,	PONfbl	MORPH=empty
por	por2	PRE	MORPH=empty
coi	coi2	PROrel	MORPH=empty
venez	venir	VERcjg	MORPH=empty
vos	vos	PROper	MORPH=empty
ça	ça	ADVgen	MORPH=empty
si	si	ADVgen	MORPH=empty
tost	tost1	ADVgen	MORPH=empty
?	?	PONfrt	MORPH=empty
Sire	seignor	NOMcom	MORPH=empty
,	,	PONfbl	MORPH=empty
font	faire	VERcjg	MORPH=empty
il	il	PROper	MORPH=empty
,	,	PONfbl	MORPH=empty
hors	hors	ADVgen	MORPH=empty
de	de	PRE	MORPH=empty
cest	cest	DETdem	MORPH=empty
ost	ost	NOMcom	MORPH=empty
avons	avoir	VERcjg	MORPH=empty
veü	vëoir	VERppe	MORPH=empty
.i.	un	DETndf	MORPH=empty
chevalier	chevalier	NOMcom	MORPH=empty
qui	qui	PROrel	MORPH=empty
somoille	someillier	VERcjg	MORPH=empty
sor	sor2	PRE	MORPH=empty
son	son4	DETpos	MORPH=empty
destrier	destrier1	NOMcom	MORPH=empty
.	.	PONfrt	MORPH=empty
Est	estre1	VERcjg	MORPH=empty
il	il	PROper	MORPH=empty
armez	armer	VERppe	MORPH=empty
?	?	PONfrt	MORPH=empty
Par	par	PRE	MORPH=empty
foi	foi	NOMcom	MORPH=empty
,	,	PONfbl	MORPH=empty
oïl	öil	ADVgen	MORPH=empty
.	.	PONfrt	MORPH=empty
G'	je	PROper	MORPH=empty
irai	aler	VERcjg	MORPH=empty
a	a3	PRE	MORPH=empty
lui	il	PROper	MORPH=empty
parler	parler	VERinf	MORPH=empty
,	,	PONfbl	MORPH=empty
fet	faire	VERcjg	MORPH=empty
il	il	PROper	MORPH=empty
,	,	PONfbl	MORPH=empty
et	et	CONcoo	MORPH=empty
si	si	ADVgen	MORPH=empty
l'	il	PROper	MORPH=empty
an	en2	PROadv	MORPH=empty
amanrai	amener	VERcjg	MORPH=empty
a	a3	PRE	MORPH=empty
cort	cort1	NOMcom	MORPH=empty
.	.	PONfrt	MORPH=empty
"	"	PONpxx	MORPH=empty
Tot	tot	ADVgen	MORPH=empty
maintenant	maintenant	ADVgen	MORPH=empty
Sagremors	Sagremor2	NOMpro	MORPH=empty
cort	corir	VERcjg	MORPH=empty
au	a3+le	PRE.DETdef	MORPH=empty
tref	tref2	NOMcom	MORPH=empty
le	le	DETdef	MORPH=empty
roi	roi2	NOMcom	MORPH=empty
et	et	CONcoo	MORPH=empty
si	si	ADVgen	MORPH=empty
l'	il	PROper	MORPH=empty
esvoille	esveillier	VERcjg	MORPH=empty
.	.	PONfrt	MORPH=empty
"	"	PONpxx	MORPH=empty
Sire	seignor	NOMcom	MORPH=empty
,	,	PONfbl	MORPH=empty
fet	faire	VERcjg	MORPH=empty
il	il	PROper	MORPH=empty
,	,	PONfbl	MORPH=empty
la	là	ADVgen	MORPH=empty
hors	hors	ADVgen	MORPH=empty
somoille	someillier	VERcjg	MORPH=empty
uns	un	DETndf	MORPH=empty
chevaliers	chevalier	NOMcom	MORPH=empty
an	en1	PRE	MORPH=empty
cele	cel	DETdem	MORPH=empty
lande	lande1	NOMcom	MORPH=empty
.	.	PONfrt	MORPH=empty
"	"	PONpxx	MORPH=empty
Et	et	CONcoo	MORPH=empty
li	le	DETdef	MORPH=empty
rois	roi2	NOMcom	MORPH=empty
aler	aler	VERinf	MORPH=empty
li	il	PROper	MORPH=empty
comande	comander	VERcjg	MORPH=empty
,	,	PONfbl	MORPH=empty
et	et	CONcoo	MORPH=empty
avoec	avuec	PRE	MORPH=empty
ce	ce1	PROdem	MORPH=empty
li	il	PROper	MORPH=empty
dit	dire	VERcjg	MORPH=empty
et	et	CONcoo	MORPH=empty
prie	priier	VERcjg	MORPH=empty
qu'	que4	CONsub	MORPH=empty
il	il	PROper	MORPH=empty
li	il	PROper	MORPH=empty
amaint	amener	VERcjg	MORPH=empty
,	,	PONfbl	MORPH=empty
ne	ne1	ADVneg	MORPH=empty
le	il	PROper	MORPH=empty
lest	laissier	VERcjg	MORPH=empty
mie	mie	ADVneg	MORPH=empty
.	.	PONfrt	MORPH=empty
Tantost	tantost	ADVgen	MORPH=empty
comande	comander	VERcjg	MORPH=empty
Sagremors	Sagremor2	NOMpro	MORPH=empty
qu'	que4	CONsub	MORPH=empty
an	on	PROind	MORPH=empty
li	il	PROper	MORPH=empty
traie	traire	VERcjg	MORPH=empty
son	son4	DETpos	MORPH=empty
cheval	cheval	NOMcom	MORPH=empty
hors	hors	ADVgen	MORPH=empty
,	,	PONfbl	MORPH=empty
et	et	CONcoo	MORPH=empty
ses	son4	DETpos	MORPH=empty
armes	arme	NOMcom	MORPH=empty
redemanda	redemander	VERcjg	MORPH=empty
.	.	PONfrt	MORPH=empty
Fet	faire	VERppe	MORPH=empty
fu	estre1	VERcjg	MORPH=empty
quanque	cantque	PROrel	MORPH=empty
il	il	PROper	MORPH=empty
comanda	comander	VERcjg	MORPH=empty
,	,	PONfbl	MORPH=empty
si	si	ADVgen	MORPH=empty
se	soi1	PROper	MORPH=empty
fet	faire	VERcjg	MORPH=empty
armer	armer	VERinf	MORPH=empty
bien	bien1	ADVgen	MORPH=empty
et	et	CONcoo	MORPH=empty
tost	tost1	ADVgen	MORPH=empty
;	;	PONfbl	MORPH=empty
trestoz	trestot	ADVgen	MORPH=empty
armez	armer	VERppe	MORPH=empty
s'	soi1	PROper	MORPH=empty
an	en2	PROadv	MORPH=empty
ist	issir	VERcjg	MORPH=empty
de	de	PRE	MORPH=empty
l'	le	DETdef	MORPH=empty
ost	ost	NOMcom	MORPH=empty
et	et	CONcoo	MORPH=empty
vet	aler	VERcjg	MORPH=empty
tant	tant	ADVgen	MORPH=empty
qu'	que4	CONsub	MORPH=empty
au	a3+le	PRE.DETdef	MORPH=empty
chevalier	chevalier	NOMcom	MORPH=empty
vient	venir	VERcjg	MORPH=empty
.	.	PONfrt	MORPH=empty
"	"	PONpxx	MORPH=empty
Sire	seignor	NOMcom	MORPH=empty
,	,	PONfbl	MORPH=empty
fet	faire	VERcjg	MORPH=empty
il	il	PROper	MORPH=empty
,	,	PONfbl	MORPH=empty
il	il	PROimp	MORPH=empty
vos	vos	PROper	MORPH=empty
covient	covenir	VERcjg	MORPH=empty
venir	venir	VERinf	MORPH=empty
a	a3	PRE	MORPH=empty
cort	cort1	NOMcom	MORPH=empty
.	.	PONfrt	MORPH=empty
"	"	PONpxx	MORPH=empty
Et	et	CONcoo	MORPH=empty
il	il	PROper	MORPH=empty
ne	ne1	ADVneg	MORPH=empty
mot	movoir	VERcjg	MORPH=empty
et	et	CONcoo	MORPH=empty
fet	faire	VERcjg	MORPH=empty
sanblant	semblant	NOMcom	MORPH=empty
que	que4	CONsub	MORPH=empty
pas	pas	ADVneg	MORPH=empty
ne	ne1	ADVneg	MORPH=empty
l'	il	PROper	MORPH=empty
ot	öir	VERcjg	MORPH=empty
;	;	PONfbl	MORPH=empty
et	et	CONcoo	MORPH=empty
il	il	PROper	MORPH=empty
li	il	PROper	MORPH=empty
recomance	recomencier	VERcjg	MORPH=empty
a	a3	PRE	MORPH=empty
dire	dire	VERinf	MORPH=empty
,	,	PONfbl	MORPH=empty
et	et	CONcoo	MORPH=empty
cil	cel	PROdem	MORPH=empty
ne	ne1	ADVneg	MORPH=empty
mot	movoir	VERcjg	MORPH=empty
;	;	PONfbl	MORPH=empty
et	et	CONcoo	MORPH=empty
il	il	PROper	MORPH=empty
s'	soi1	PROper	MORPH=empty
aïre	äirier	VERcjg	MORPH=empty
et	et	CONcoo	MORPH=empty
dit	dire	VERcjg	MORPH=empty
:	:	PONfbl	MORPH=empty
"	"	PONpxx	MORPH=empty
Par	par	PRE	MORPH=empty
saint	saint	ADJqua	MORPH=empty
Pere	Pierre	NOMpro	MORPH=empty
l'	le	DETdef	MORPH=empty
apostre	apostle	NOMcom	MORPH=empty
,	,	PONfbl	MORPH=empty
vos	vos	PROper	MORPH=empty
i	i2	PROadv	MORPH=empty
vanroiz	venir	VERcjg	MORPH=empty
ja	ja	ADVgen	MORPH=empty
mau	mal1	ADJqua	MORPH=empty
gré	gré2	NOMcom	MORPH=empty
vostre	vostre	ADJpos	MORPH=empty
.	.	PONfrt	MORPH=empty
De	de	PRE	MORPH=empty
ce	ce1	PROdem	MORPH=empty
que	que4	CONsub	MORPH=empty
prié	priier	VERppe	MORPH=empty
vos	vos	PROper	MORPH=empty
en	en2	PROadv	MORPH=empty
ai	avoir	VERcjg	MORPH=empty
me	je	PROper	MORPH=empty
poise	peser	VERcjg	MORPH=empty
il	il	PROimp	MORPH=empty
,	,	PONfbl	MORPH=empty
car	car	CONcoo	MORPH=empty
ge	je	PROper	MORPH=empty
i	i2	PROadv	MORPH=empty
ai	avoir	VERcjg	MORPH=empty
ma	mon1	DETpos	MORPH=empty
parole	parole	NOMcom	MORPH=empty
mal	mal1	ADJqua	MORPH=empty
anploiee	emploiier	VERppe	MORPH=empty
.	.	PONfrt	MORPH=empty
"	"	PONpxx	MORPH=empty
Lors	lors	ADVgen	MORPH=empty
a	avoir	VERcjg	MORPH=empty
l'	le	DETdef	MORPH=empty
anseigne	enseigne	NOMcom	MORPH=empty
desploiee	desploiier	VERppe	MORPH=empty
et	et	CONcoo	MORPH=empty
porprant	porprendre	VERcjg	MORPH=empty
terre	terre	NOMcom	MORPH=empty
a	a3	PRE	MORPH=empty
une	un	DETndf	MORPH=empty
part	part1	NOMcom	MORPH=empty
,	,	PONfbl	MORPH=empty
et	et	CONcoo	MORPH=empty
dit	dire	VERcjg	MORPH=empty
celui	cel	PROdem	MORPH=empty
que	que4	CONsub	MORPH=empty
il	il	PROper	MORPH=empty
se	soi1	PROper	MORPH=empty
gart	garder	VERcjg	MORPH=empty
,	,	PONfbl	MORPH=empty
ja	ja	ADVgen	MORPH=empty
le	il	PROper	MORPH=empty
ferra	ferir	VERcjg	MORPH=empty
s'	se	CONsub	MORPH=empty
il	il	PROper	MORPH=empty
ne	ne1	ADVneg	MORPH=empty
s'	soi1	PROper	MORPH=empty
i	i2	PROadv	MORPH=empty
garde	garder	VERcjg	MORPH=empty
.	.	PONfrt	MORPH=empty
Percevax	Perceval	NOMpro	MORPH=empty
,	,	PONfbl	MORPH=empty
qui	qui	PROrel	MORPH=empty
vers	vers2	PRE	MORPH=empty
lui	il	PROper	MORPH=empty
esgarde	esgarder	VERcjg	MORPH=empty
,	,	PONfbl	MORPH=empty
le	il	PROper	MORPH=empty
voit	vëoir	VERcjg	MORPH=empty
venir	venir	VERinf	MORPH=empty
tot	tot	ADVgen	MORPH=empty
eslessié	eslaissier	VERppe	MORPH=empty
,	,	PONfbl	MORPH=empty
si	si	ADVgen	MORPH=empty
a	avoir	VERcjg	MORPH=empty
tot	tot	DETind	MORPH=empty
son	son4	DETpos	MORPH=empty
pansé	pensé	NOMcom	MORPH=empty
lessié	laissier	VERppe	MORPH=empty
,	,	PONfbl	MORPH=empty
si	si	ADVgen	MORPH=empty
li	il	PROper	MORPH=empty
revint	revenir	VERcjg	MORPH=empty
poignant	poindre	VERppa	MORPH=empty
ancontre	encontre1	ADVgen	MORPH=empty
.	.	PONfrt	MORPH=empty
A	a3	PRE	MORPH=empty
ce	ce1	PROdem	MORPH=empty
que	que4	CONsub	MORPH=empty
li	le	DETdef	MORPH=empty
uns	un	PROind	MORPH=empty
l'	le	DETdef	MORPH=empty
autre	autre	PROind	MORPH=empty
ancontre	encontrer	VERcjg	MORPH=empty
,	,	PONfbl	MORPH=empty
Sagremors	Sagremor2	NOMpro	MORPH=empty
sa	son4	DETpos	MORPH=empty
lance	lance	NOMcom	MORPH=empty
peçoie	peçoiier	VERcjg	MORPH=empty
;	;	PONfbl	MORPH=empty
la	le	DETdef	MORPH=empty
Perceval	Perceval	NOMpro	MORPH=empty
ne	ne1	ADVneg	MORPH=empty
fraint	fraindre	VERcjg	MORPH=empty
ne	ne2	CONcoo	MORPH=empty
ploie	ploiier	VERcjg	MORPH=empty
,	,	PONfbl	MORPH=empty
ençois	ainçois	ADVgen	MORPH=empty
l'	il	PROper	MORPH=empty
anpaint	empeindre1	VERcjg	MORPH=empty
de	de	PRE	MORPH=empty
tel	tel	DETind	MORPH=empty
vertu	vertu	NOMcom	MORPH=empty
que	que4	CONsub	MORPH=empty
del	de+le	PRE.DETdef	MORPH=empty
cheval	cheval	NOMcom	MORPH=empty
l'	il	PROper	MORPH=empty
a	avoir	VERcjg	MORPH=empty
abatu	abatre	VERppe	MORPH=empty
.	.	PONfrt	MORPH=empty
Et	et	CONcoo	MORPH=empty
li	le	DETdef	MORPH=empty
chevax	cheval	NOMcom	MORPH=empty
sanz	sans	PRE	MORPH=empty
demoree	demoree	NOMcom	MORPH=empty
s'	soi1	PROper	MORPH=empty
an	en2	PROadv	MORPH=empty
va	aler	VERcjg	MORPH=empty
fuiant	fuir	VERppa	MORPH=empty
,	,	PONfbl	MORPH=empty
teste	teste	NOMcom	MORPH=empty
levee	lever	VERppe	MORPH=empty
,	,	PONfbl	MORPH=empty
vers	vers2	PRE	MORPH=empty
les	le	DETdef	MORPH=empty
tantes	tente1	NOMcom	MORPH=empty
le	le	DETdef	MORPH=empty
grant	grant	ADJqua	MORPH=empty
troton	troton	NOMcom	MORPH=empty
.	.	PONfrt	MORPH=empty
Le	le	DETdef	MORPH=empty
cheval	cheval	NOMcom	MORPH=empty
voient	vëoir	VERcjg	MORPH=empty
li	le	DETdef	MORPH=empty
baron	baron	NOMcom	MORPH=empty
,	,	PONfbl	MORPH=empty
si	si	ADVgen	MORPH=empty
enuia	enoiier	VERcjg	MORPH=empty
a	a3	PRE	MORPH=empty
tex	tel	PROind	MORPH=empty
i	i2	PROadv	MORPH=empty
ot	avoir	VERcjg	MORPH=empty
.	.	PONfrt	MORPH=empty
Et	et	CONcoo	MORPH=empty
Kex	Keu	NOMpro	MORPH=empty
,	,	PONfbl	MORPH=empty
qui	qui	PROrel	MORPH=empty
onques	onque	ADVgen	MORPH=empty
ne	ne1	ADVneg	MORPH=empty
se	soi1	PROper	MORPH=empty
pot	pöoir	VERcjg	MORPH=empty
tere	taire	VERinf	MORPH=empty
de	de	PRE	MORPH=empty
felenie	felonie	NOMcom	MORPH=empty
dire	dire	VERinf	MORPH=empty
,	,	PONfbl	MORPH=empty
s'	soi1	PROper	MORPH=empty
an	en2	PROadv	MORPH=empty
gabe	gaber	VERcjg	MORPH=empty
et	et	CONcoo	MORPH=empty
dist	dire	VERcjg	MORPH=empty
au	a3+le	PRE.DETdef	MORPH=empty
roi	roi2	NOMcom	MORPH=empty
:	:	PONfbl	MORPH=empty
"	"	PONpxx	MORPH=empty
Biau	bel1	ADJqua	MORPH=empty
sire	seignor	NOMcom	MORPH=empty
,	,	PONfbl	MORPH=empty
veez	vëoir	VERcjg	MORPH=empty
con	come1	CONsub	MORPH=empty
Sagremors	Sagremor2	NOMpro	MORPH=empty
revient	revenir	VERcjg	MORPH=empty
.	.	PONfrt	MORPH=empty
Par	par	PRE	MORPH=empty
le	le	DETdef	MORPH=empty
frain	frein	NOMcom	MORPH=empty
le	le	DETdef	MORPH=empty
chevalier	chevalier	NOMcom	MORPH=empty
tient	tenir1	VERcjg	MORPH=empty
,	,	PONfbl	MORPH=empty
si	si	ADVgen	MORPH=empty
l'	il	PROper	MORPH=empty
an	en2	PROadv	MORPH=empty
amainne	amener	VERcjg	MORPH=empty
mau	mal1	ADJqua	MORPH=empty
gré	gré2	NOMcom	MORPH=empty
suen	suen	ADJpos	MORPH=empty
.	.	PONfrt	MORPH=empty
Kex	Keu	NOMpro	MORPH=empty
,	,	PONfbl	MORPH=empty
fet	faire	VERcjg	MORPH=empty
li	le	DETdef	MORPH=empty
rois	roi2	NOMcom	MORPH=empty
,	,	PONfbl	MORPH=empty
n'	ne1	ADVneg	MORPH=empty
est	estre1	VERcjg	MORPH=empty
mie	mie	ADVneg	MORPH=empty
buen	bon	ADJqua	MORPH=empty
qu'	que4	CONsub	MORPH=empty
isi	issi	ADVgen	MORPH=empty
vos	vos	PROper	MORPH=empty
gabez	gaber	VERcjg	MORPH=empty
des	de+le	PRE.DETdef	MORPH=empty
prodomes	pro	NOMcom	MORPH=empty
.	.	PONfrt	MORPH=empty
Or	or4	ADVgen	MORPH=empty
i	i2	PROadv	MORPH=empty
alez	aler	VERcjg	MORPH=empty
et	et	CONcoo	MORPH=empty
si	si	ADVgen	MORPH=empty
verromes	vëoir	VERcjg	MORPH=empty
con	come1	CONsub	MORPH=empty
vos	vos	PROper	MORPH=empty
le	il	PROper	MORPH=empty
feroiz	faire	VERcjg	MORPH=empty
mialz	mieus	ADVgen	MORPH=empty
de	de	PRE	MORPH=empty
lui	il	PROper	MORPH=empty
.	.	PONfrt	MORPH=empty
Sire	seignor	NOMcom	MORPH=empty
,	,	PONfbl	MORPH=empty
fet	faire	VERcjg	MORPH=empty
Kex	Keu	NOMpro	MORPH=empty
,	,	PONfbl	MORPH=empty
mout	mout	ADVgen	MORPH=empty
liez	lié1	ADJqua	MORPH=empty
an	en2	PROadv	MORPH=empty
sui	estre1	VERcjg	MORPH=empty
qant	cant1	CONsub	MORPH=empty
il	il	PROimp	MORPH=empty
vos	vos	PROper	MORPH=empty
plest	plaire	VERcjg	MORPH=empty
que	que4	CONsub	MORPH=empty
ge	je	PROper	MORPH=empty
i	i2	PROadv	MORPH=empty
aille	aler	VERcjg	MORPH=empty
,	,	PONfbl	MORPH=empty
et	et	CONcoo	MORPH=empty
ge	je	PROper	MORPH=empty
l'	il	PROper	MORPH=empty
an	en2	PROadv	MORPH=empty
amanrai	amener	VERcjg	MORPH=empty
sanz	sans	PRE	MORPH=empty
faille	faille3	NOMcom	MORPH=empty
tot	tot	ADVgen	MORPH=empty
a	a3	PRE	MORPH=empty
force	force2	NOMcom	MORPH=empty
,	,	PONfbl	MORPH=empty
vuelle	voloir	VERcjg	MORPH=empty
il	il	PROper	MORPH=empty
ou	o3	CONcoo	MORPH=empty
non	non	ADVneg	MORPH=empty
,	,	PONfbl	MORPH=empty
si	si	ADVgen	MORPH=empty
li	il	PROper	MORPH=empty
ferai	faire	VERcjg	MORPH=empty
nomer	nomer	VERinf	MORPH=empty
son	son4	DETpos	MORPH=empty
non	nom	NOMcom	MORPH=empty
.	.	PONfrt	MORPH=empty
"	"	PONpxx	MORPH=empty
Lors	lors	ADVgen	MORPH=empty
se	soi1	PROper	MORPH=empty
vet	aler	VERcjg	MORPH=empty
armer	armer	VERinf	MORPH=empty
tot	tot	ADVgen	MORPH=empty
a	a3	PRE	MORPH=empty
san	sen2	NOMcom	MORPH=empty
.	.	PONfrt	MORPH=empty
Armez	armer	VERppe	MORPH=empty
est	estre1	VERcjg	MORPH=empty
et	et	CONcoo	MORPH=empty
monte	monter	VERcjg	MORPH=empty
et	et	CONcoo	MORPH=empty
va	aler	VERcjg	MORPH=empty
s'	soi1	PROper	MORPH=empty
an	en2	PROadv	MORPH=empty
a	a3	PRE	MORPH=empty
celui	cel	PROdem	MORPH=empty
qui	qui	PROrel	MORPH=empty
tant	tant	ADVgen	MORPH=empty
antandoit	entendre	VERcjg	MORPH=empty
aus	a3+le	PRE.DETdef	MORPH=empty
.iii.	3	ADJcar	MORPH=empty
gotes	gote	NOMcom	MORPH=empty
ou	où	PROrel	MORPH=empty
il	il	PROper	MORPH=empty
musoit	muser1	VERcjg	MORPH=empty
qu'	que4	CONsub	MORPH=empty
il	il	PROper	MORPH=empty
n'	ne1	ADVneg	MORPH=empty
avoit	avoir	VERcjg	MORPH=empty
d'	de	PRE	MORPH=empty
autre	autre	DETind	MORPH=empty
chose	chose	NOMcom	MORPH=empty
soing	soing	NOMcom	MORPH=empty
.	.	PONfrt	MORPH=empty
Et	et	CONcoo	MORPH=empty
cil	cel	PROdem	MORPH=empty
li	il	PROper	MORPH=empty
crie	crïer2	VERcjg	MORPH=empty
de	de	PRE	MORPH=empty
mout	mout	ADVgen	MORPH=empty
loing	loing	ADVgen	MORPH=empty
:	:	PONfbl	MORPH=empty
"	"	PONpxx	MORPH=empty
Vasax	vassal	NOMcom	MORPH=empty
,	,	PONfbl	MORPH=empty
vasax	vassal	NOMcom	MORPH=empty
,	,	PONfbl	MORPH=empty
venez	venir	VERcjg	MORPH=empty
au	a3+le	PRE.DETdef	MORPH=empty
roi	roi2	NOMcom	MORPH=empty
!	!	PONfrt	MORPH=empty
Vos	vos	PROper	MORPH=empty
i	i2	PROadv	MORPH=empty
vanroiz	venir	VERcjg	MORPH=empty
ja	ja	ADVgen	MORPH=empty
par	par	PRE	MORPH=empty
ma	mon1	DETpos	MORPH=empty
foi	foi	NOMcom	MORPH=empty
,	,	PONfbl	MORPH=empty
ou	o3	CONcoo	MORPH=empty
vos	vos	PROper	MORPH=empty
le	il	PROper	MORPH=empty
conparroiz	comparer2	VERcjg	MORPH=empty
mout	mout	ADVgen	MORPH=empty
fort	fort	ADJqua	MORPH=empty
.	.	PONfrt	MORPH=empty
"	"	PONpxx	MORPH=empty
Le	le	DETdef	MORPH=empty
chief	chief1	NOMcom	MORPH=empty
de	de	PRE	MORPH=empty
son	son4	DETpos	MORPH=empty
cheval	cheval	NOMcom	MORPH=empty
estort	estordre	VERcjg	MORPH=empty
Percevax	Perceval	NOMpro	MORPH=empty
,	,	PONfbl	MORPH=empty
qui	qui	PROrel	MORPH=empty
s'	soi1	PROper	MORPH=empty
ot	öir	VERcjg	MORPH=empty
menacier	menacier	VERinf	MORPH=empty
,	,	PONfbl	MORPH=empty
et	et	CONcoo	MORPH=empty
point	poindre	VERcjg	MORPH=empty
des	de+le	PRE.DETdef	MORPH=empty
esperons	esperon	NOMcom	MORPH=empty
d'	de	PRE	MORPH=empty
acier	acier	NOMcom	MORPH=empty
le	le	DETdef	MORPH=empty
cheval	cheval	NOMcom	MORPH=empty
,	,	PONfbl	MORPH=empty
qui	qui	PROrel	MORPH=empty
pas	pas	ADVneg	MORPH=empty
ne	ne1	ADVneg	MORPH=empty
va	aler	VERcjg	MORPH=empty
lant	lent1	ADJqua	MORPH=empty
.	.	PONfrt	MORPH=empty
Del	de+le	PRE.DETdef	MORPH=empty
bien	bien1	ADVgen	MORPH=empty
fere	faire	VERinf	MORPH=empty
a	avoir	VERcjg	MORPH=empty
chascuns	chascun	PROind	MORPH=empty
talant	talent	NOMcom	MORPH=empty
,	,	PONfbl	MORPH=empty
si	si	ADVgen	MORPH=empty
s'	soi1	PROper	MORPH=empty
antrevienent	entrevenir	VERcjg	MORPH=empty
sanz	sans	PRE	MORPH=empty
faintise	feintise	NOMcom	MORPH=empty
.	.	PONfrt	MORPH=empty
Kex	Keu	NOMpro	MORPH=empty
le	il	PROper	MORPH=empty
fiert	ferir	VERcjg	MORPH=empty
,	,	PONfbl	MORPH=empty
et	et	CONcoo	MORPH=empty
sa	son4	DETpos	MORPH=empty
lance	lance	NOMcom	MORPH=empty
brise	brisier	VERcjg	MORPH=empty
et	et	CONcoo	MORPH=empty
esmie	esmiier	VERcjg	MORPH=empty
con	come1	CONsub	MORPH=empty
une	un	DETndf	MORPH=empty
escorce	escorce	NOMcom	MORPH=empty
,	,	PONfbl	MORPH=empty
que	que4	CONcoo	MORPH=empty
il	il	PROper	MORPH=empty
i	i2	PROadv	MORPH=empty
mist	metre2	VERcjg	MORPH=empty
tote	tot	DETind	MORPH=empty
sa	son4	DETpos	MORPH=empty
force	force2	NOMcom	MORPH=empty
.	.	PONfrt	MORPH=empty
Et	et	CONcoo	MORPH=empty
Percevax	Perceval	NOMpro	MORPH=empty
pas	pas	ADVneg	MORPH=empty
ne	ne1	ADVneg	MORPH=empty
s'	soi1	PROper	MORPH=empty
an	en2	PROadv	MORPH=empty
faint	feindre	VERcjg	MORPH=empty
,	,	PONfbl	MORPH=empty
par	par	PRE	MORPH=empty
desor	desor	PRE	MORPH=empty
la	le	DETdef	MORPH=empty
bocle	bocle	NOMcom	MORPH=empty
l'	il	PROper	MORPH=empty
ataint	ataindre	VERcjg	MORPH=empty
,	,	PONfbl	MORPH=empty
si	si	ADVgen	MORPH=empty
l'	il	PROper	MORPH=empty
abati	abatre	VERcjg	MORPH=empty
sor	sor2	PRE	MORPH=empty
une	un	DETndf	MORPH=empty
roche	roche3	NOMcom	MORPH=empty
,	,	PONfbl	MORPH=empty
que	que4	CONsub	MORPH=empty
la	le	DETdef	MORPH=empty
chanole	chanole	NOMcom	MORPH=empty
li	il	PROper	MORPH=empty
esloche	eslochier	VERcjg	MORPH=empty
,	,	PONfbl	MORPH=empty
et	et	CONcoo	MORPH=empty
antre	entre	PRE	MORPH=empty
le	le	DETdef	MORPH=empty
code	cote1	NOMcom	MORPH=empty
et	et	CONcoo	MORPH=empty
l'	le	DETdef	MORPH=empty
essele	aissele2	NOMcom	MORPH=empty
,	,	PONfbl	MORPH=empty
ausi	aussi	ADVgen	MORPH=empty
con	come1	CONsub	MORPH=empty
une	un	DETndf	MORPH=empty
sesche	sec	ADJqua	MORPH=empty
estele	astele	NOMcom	MORPH=empty
,	,	PONfbl	MORPH=empty
l'	le	DETdef	MORPH=empty
os	os2	NOMcom	MORPH=empty
del	de+le	PRE.DETdef	MORPH=empty
braz	braz	NOMcom	MORPH=empty
destre	destre	ADJqua	MORPH=empty
li	il	PROper	MORPH=empty
brisa	brisier	VERcjg	MORPH=empty
,	,	PONfbl	MORPH=empty
si	si	ADVgen	MORPH=empty
con	come1	CONsub	MORPH=empty
li	le	DETdef	MORPH=empty
fos	fol3	NOMcom	MORPH=empty
le	il	PROper	MORPH=empty
devisa	deviser	VERcjg	MORPH=empty
,	,	PONfbl	MORPH=empty
si	si	ADVgen	MORPH=empty
con	come1	CONsub	MORPH=empty
li	le	DETdef	MORPH=empty
fos	fol3	NOMcom	MORPH=empty
deviné	deviner	VERppe	MORPH=empty
l'	il	PROper	MORPH=empty
ot	avoir	VERcjg	MORPH=empty
;	;	PONfbl	MORPH=empty
bien	bien1	ADVgen	MORPH=empty
fu	estre1	VERcjg	MORPH=empty
voirs	voir	ADJqua	MORPH=empty
li	le	DETdef	MORPH=empty
devins	devin2	NOMcom	MORPH=empty
au	a3+le	PRE.DETdef	MORPH=empty
sot	sot	ADJqua	MORPH=empty
.	.	PONfrt	MORPH=empty
Kex	Keu	NOMpro	MORPH=empty
se	soi1	PROper	MORPH=empty
pasme	pasmer	VERcjg	MORPH=empty
de	de	PRE	MORPH=empty
la	le	DETdef	MORPH=empty
destresce	destrece	NOMcom	MORPH=empty
,	,	PONfbl	MORPH=empty
et	et	CONcoo	MORPH=empty
li	le	DETdef	MORPH=empty
chevax	cheval	NOMcom	MORPH=empty
fuiant	fuir	VERppa	MORPH=empty
s'	soi1	PROper	MORPH=empty
adresce	adrecier	VERcjg	MORPH=empty
vers	vers2	PRE	MORPH=empty
les	le	DETdef	MORPH=empty
tantes	tente1	NOMcom	MORPH=empty
tot	tot	DETind	MORPH=empty
le	le	DETdef	MORPH=empty
troton	troton	NOMcom	MORPH=empty
.	.	PONfrt	MORPH=empty
Le	le	DETdef	MORPH=empty
cheval	cheval	NOMcom	MORPH=empty
voient	vëoir	VERcjg	MORPH=empty
li	le	DETdef	MORPH=empty
Breton	Breton	NOMpro	MORPH=empty
qui	qui	PROrel	MORPH=empty
revient	revenir	VERcjg	MORPH=empty
sanz	sans	PRE	MORPH=empty
le	le	DETdef	MORPH=empty
seneschal	seneschal	NOMcom	MORPH=empty
,	,	PONfbl	MORPH=empty
et	et	CONcoo	MORPH=empty
vaslet	vaslet	NOMcom	MORPH=empty
corent	corir	VERcjg	MORPH=empty
a	a3	PRE	MORPH=empty
cheval	cheval	NOMcom	MORPH=empty
,	,	PONfbl	MORPH=empty
et	et	CONcoo	MORPH=empty
dames	dame	NOMcom	MORPH=empty
et	et	CONcoo	MORPH=empty
chevalier	chevalier	NOMcom	MORPH=empty
muevent	movoir	VERcjg	MORPH=empty
.	.	PONfrt	MORPH=empty
Qant	cant1	CONsub	MORPH=empty
le	le	DETdef	MORPH=empty
seneschal	seneschal	NOMcom	MORPH=empty
pasmé	pasmer	VERppe	MORPH=empty
truevent	trover	VERcjg	MORPH=empty
,	,	PONfbl	MORPH=empty
si	si	ADVgen	MORPH=empty
cuident	cuidier1	VERcjg	MORPH=empty
tuit	tot	PROind	MORPH=empty
que	que4	CONsub	MORPH=empty
il	il	PROper	MORPH=empty
soit	estre1	VERcjg	MORPH=empty
morz	morir	VERppe	MORPH=empty
.	.	PONfrt	MORPH=empty
Li	le	DETdef	MORPH=empty
rois	roi2	NOMcom	MORPH=empty
en	en2	PROadv	MORPH=empty
a	avoir	VERcjg	MORPH=empty
granz	grant	ADJqua	MORPH=empty
desconforz	desconfort	NOMcom	MORPH=empty
et	et	CONcoo	MORPH=empty
por	por2	PRE	MORPH=empty
lui	il	PROper	MORPH=empty
font	faire	VERcjg	MORPH=empty
duel	duel	NOMcom	MORPH=empty
tuit	tot	PROind	MORPH=empty
et	et	CONcoo	MORPH=empty
totes	tot	PROind	MORPH=empty
.	.	PONfrt	MORPH=empty
Et	et	CONcoo	MORPH=empty
Percevax	Perceval	NOMpro	MORPH=empty
sor	sor2	PRE	MORPH=empty
les	le	DETdef	MORPH=empty
trois	trois	ADJcar	MORPH=empty
gotes	gote	NOMcom	MORPH=empty
se	soi1	PROper	MORPH=empty
rapoia	rapoiier	VERcjg	MORPH=empty
desor	desor	PRE	MORPH=empty
sa	son4	DETpos	MORPH=empty
lance	lance	NOMcom	MORPH=empty
por	por2	PRE	MORPH=empty
esgarder	esgarder	VERinf	MORPH=empty
cele	cel	DETdem	MORPH=empty
sanblance	semblance	NOMcom	MORPH=empty
.	.	PONfrt	MORPH=empty
Et	et	CONcoo	MORPH=empty
li	le	DETdef	MORPH=empty
seneschax	seneschal	NOMcom	MORPH=empty
est	estre1	VERcjg	MORPH=empty
bleciez	blecier	VERppe	MORPH=empty
;	;	PONfbl	MORPH=empty
Li	le	DETdef	MORPH=empty
rois	roi2	NOMcom	MORPH=empty
an	en2	PROadv	MORPH=empty
est	estre1	VERcjg	MORPH=empty
mout	mout	ADVgen	MORPH=empty
correciez	corrocier	VERppe	MORPH=empty
,	,	PONfbl	MORPH=empty
et	et	CONcoo	MORPH=empty
l'	le	DETdef	MORPH=empty
an	on	PROind	MORPH=empty
li	il	PROper	MORPH=empty
dit	dire	VERcjg	MORPH=empty
qu'	que4	CONsub	MORPH=empty
il	il	PROper	MORPH=empty
ne	ne1	ADVneg	MORPH=empty
s'	soi1	PROper	MORPH=empty
esmait	esmaiier	VERcjg	MORPH=empty
,	,	PONfbl	MORPH=empty
qu'	que4	CONsub	MORPH=empty
il	il	PROper	MORPH=empty
garra	garir	VERcjg	MORPH=empty
bien	bien1	ADVgen	MORPH=empty
,	,	PONfbl	MORPH=empty
mes	mais1	CONcoo	MORPH=empty
que	que4	CONsub	MORPH=empty
il	il	PROper	MORPH=empty
ait	avoir	VERcjg	MORPH=empty
mire	mire1	NOMcom	MORPH=empty
qui	qui	PROrel	MORPH=empty
se	soi1	PROper	MORPH=empty
sache	savoir	VERcjg	MORPH=empty
antremetre	entremetre	VERinf	MORPH=empty
de	de	PRE	MORPH=empty
la	le	DETdef	MORPH=empty
chenole	chanole	NOMcom	MORPH=empty
an	en1	PRE	MORPH=empty
son	son4	DETpos	MORPH=empty
leu	lieu	NOMcom	MORPH=empty
metre	metre2	VERinf	MORPH=empty
et	et	CONcoo	MORPH=empty
d'	de	PRE	MORPH=empty
os	os2	NOMcom	MORPH=empty
brisié	brisier	VERppe	MORPH=empty
fere	faire	VERinf	MORPH=empty
reprandre	reprendre1	VERinf	MORPH=empty
.	.	PONfrt	MORPH=empty
Et	et	CONcoo	MORPH=empty
li	le	DETdef	MORPH=empty
rois	roi2	NOMcom	MORPH=empty
,	,	PONfbl	MORPH=empty
qui	qui	PROrel	MORPH=empty
mout	mout	ADVgen	MORPH=empty
l'	il	PROper	MORPH=empty
avoit	avoir	VERcjg	MORPH=empty
tandre	tendre2	ADJqua	MORPH=empty
et	et	CONcoo	MORPH=empty
mout	mout	ADVgen	MORPH=empty
l'	il	PROper	MORPH=empty
amoit	amer1	VERcjg	MORPH=empty
an	en1	PRE	MORPH=empty
son	son4	DETpos	MORPH=empty
corage	corage	NOMcom	MORPH=empty
,	,	PONfbl	MORPH=empty
li	il	PROper	MORPH=empty
anvoie	envoiier	VERcjg	MORPH=empty
.i.	un	DETndf	MORPH=empty
mire	mire1	NOMcom	MORPH=empty
mout	mout	ADVgen	MORPH=empty
sage	sage	ADJqua	MORPH=empty
et	et	CONcoo	MORPH=empty
.iii.	3	DETcar	MORPH=empty
puceles	pucele	NOMcom	MORPH=empty
de	de	PRE	MORPH=empty
s'	son4	DETpos	MORPH=empty
escole	escole1	NOMcom	MORPH=empty
,	,	PONfbl	MORPH=empty
qui	qui	PROrel	MORPH=empty
li	il	PROper	MORPH=empty
raloient	ralöer	VERcjg	MORPH=empty
la	le	DETdef	MORPH=empty
chenole	chanole	NOMcom	MORPH=empty
et	et	CONcoo	MORPH=empty
si	si	ADVgen	MORPH=empty
li	il	PROper	MORPH=empty
ont	avoir	VERcjg	MORPH=empty
le	le	DETdef	MORPH=empty
braz	braz	NOMcom	MORPH=empty
lié	liier3	VERppe	MORPH=empty
et	et	CONcoo	MORPH=empty
resoudé	resouder	VERppe	MORPH=empty
l'	le	DETdef	MORPH=empty
os	os2	NOMcom	MORPH=empty
esmié	esmiier	VERppe	MORPH=empty
.	.	PONfrt	MORPH=empty
Et	et	CONcoo	MORPH=empty
l'	il	PROper	MORPH=empty
ont	avoir	VERcjg	MORPH=empty
au	a3+le	PRE.DETdef	MORPH=empty
tref	tref2	NOMcom	MORPH=empty
le	le	DETdef	MORPH=empty
roi	roi2	NOMcom	MORPH=empty
porté	porter	VERppe	MORPH=empty
et	et	CONcoo	MORPH=empty
si	si	ADVgen	MORPH=empty
l'	il	PROper	MORPH=empty
ont	avoir	VERcjg	MORPH=empty
mout	mout	ADVgen	MORPH=empty
reconforté	reconforter	VERppe	MORPH=empty
,	,	PONfbl	MORPH=empty
et	et	CONcoo	MORPH=empty
li	il	PROper	MORPH=empty
dïent	dire	VERcjg	MORPH=empty
qu'	que4	CONsub	MORPH=empty
il	il	PROper	MORPH=empty
garra	garir	VERcjg	MORPH=empty
bien	bien1	ADVgen	MORPH=empty
,	,	PONfbl	MORPH=empty
ne	ne2	CONcoo	MORPH=empty
ja	ja	ADVgen	MORPH=empty
ne	ne1	ADVneg	MORPH=empty
s'	soi1	PROper	MORPH=empty
an	en2	PROadv	MORPH=empty
esmait	esmaiier	VERcjg	MORPH=empty
de	de	PRE	MORPH=empty
rien	rien	PROind	MORPH=empty
.	.	PONfrt	MORPH=empty
Et	et	CONcoo	MORPH=empty
messire	seignor	NOMcom	MORPH=empty
Gauvains	Gauvain	NOMpro	MORPH=empty
li	il	PROper	MORPH=empty
dist	dire	VERcjg	MORPH=empty
:	:	PONfbl	MORPH=empty
"	"	PONpxx	MORPH=empty
Sire	seignor	NOMcom	MORPH=empty
,	,	PONfbl	MORPH=empty
se	se	CONsub	MORPH=empty
Damedex	Damnedeu	NOMpro	MORPH=empty
m'	je	PROper	MORPH=empty
aïst	aidier	VERcjg	MORPH=empty
,	,	PONfbl	MORPH=empty
il	il	PROimp	MORPH=empty
n'	ne1	ADVneg	MORPH=empty
est	estre1	VERcjg	MORPH=empty
reisons	raison	NOMcom	MORPH=empty
,	,	PONfbl	MORPH=empty
bien	bien1	ADVgen	MORPH=empty
le	il	PROper	MORPH=empty
savez	savoir	VERcjg	MORPH=empty
,	,	PONfbl	MORPH=empty
si	si	ADVgen	MORPH=empty
con	come1	CONsub	MORPH=empty
vos	vos	PROper	MORPH=empty
meïsmes	mëisme	ADJind	MORPH=empty
l'	il	PROper	MORPH=empty
avez	avoir	VERcjg	MORPH=empty
toz	tot	DETind	MORPH=empty
jorz	jor	NOMcom	MORPH=empty
dit	dire	VERppe	MORPH=empty
et	et	CONcoo	MORPH=empty
jugié	jugier	VERppe	MORPH=empty
a	a3	PRE	MORPH=empty
droit	droit	ADJqua	MORPH=empty
,	,	PONfbl	MORPH=empty
que	que4	CONsub	MORPH=empty
chevaliers	chevalier	NOMcom	MORPH=empty
autre	autre	ADJind	MORPH=empty
ne	ne1	ADVneg	MORPH=empty
doit	devoir	VERcjg	MORPH=empty
oster	oster2	VERinf	MORPH=empty
,	,	PONfbl	MORPH=empty
si	si	ADVgen	MORPH=empty
con	come1	CONsub	MORPH=empty
il	il	PROper	MORPH=empty
dui	deus	PROcar	MORPH=empty
ont	avoir	VERcjg	MORPH=empty
fet	faire	VERppe	MORPH=empty
,	,	PONfbl	MORPH=empty
de	de	PRE	MORPH=empty
son	son4	DETpos	MORPH=empty
pansé	pensé	NOMcom	MORPH=empty
,	,	PONfbl	MORPH=empty
quel	quel1	DETrel	MORPH=empty
que	que2	PROrel	MORPH=empty
il	il	PROper	MORPH=empty
l'	il	PROper	MORPH=empty
et	avoir	VERcjg	MORPH=empty
;	;	PONfbl	MORPH=empty
et	et	CONcoo	MORPH=empty
s'	se	CONsub	MORPH=empty
il	il	PROper	MORPH=empty
an	en2	PROadv	MORPH=empty
ont	avoir	VERcjg	MORPH=empty
le	le	DETdef	MORPH=empty
tort	tort2	NOMcom	MORPH=empty
eü	avoir	VERppe	MORPH=empty
,	,	PONfbl	MORPH=empty
ce	ce1	PROdem	MORPH=empty
ne	ne1	ADVneg	MORPH=empty
sai	savoir	VERcjg	MORPH=empty
,	,	PONfbl	MORPH=empty
mes	mais1	ADVgen	MORPH=empty
mesavenu	mesavenir	VERppe	MORPH=empty
lor	il	PROper	MORPH=empty
an	en2	PROadv	MORPH=empty
est	estre1	VERcjg	MORPH=empty
,	,	PONfbl	MORPH=empty
ce	ce1	PROdem	MORPH=empty
est	estre1	VERcjg	MORPH=empty
chose	chose	NOMcom	MORPH=empty
certe	cert	ADJqua	MORPH=empty
.	.	PONfrt	MORPH=empty
Li	le	DETdef	MORPH=empty
chevaliers	chevalier	NOMcom	MORPH=empty
d'	de	PRE	MORPH=empty
aucune	aucun	DETind	MORPH=empty
perte	perte	NOMcom	MORPH=empty
estoit	estre1	VERcjg	MORPH=empty
pansis	pensif	ADJqua	MORPH=empty
qu'	que2	PROrel	MORPH=empty
il	il	PROper	MORPH=empty
avoit	avoir	VERcjg	MORPH=empty
fete	faire	VERppe	MORPH=empty
,	,	PONfbl	MORPH=empty
ou	o3	CONcoo	MORPH=empty
s'	son4	DETpos	MORPH=empty
amie	ami	NOMcom	MORPH=empty
li	il	PROper	MORPH=empty
ert	estre1	VERcjg	MORPH=empty
fortrete	forstraire	VERppe	MORPH=empty
,	,	PONfbl	MORPH=empty
si	si	ADVgen	MORPH=empty
l'	il	PROper	MORPH=empty
an	en2	PROadv	MORPH=empty
enuiot	enoiier	VERcjg	MORPH=empty
et	et	CONcoo	MORPH=empty
pesoit	peser	VERcjg	MORPH=empty
.	.	PONfrt	MORPH=empty
Mes	mais1	CONcoo	MORPH=empty
se	se	CONsub	MORPH=empty
vostre	vostre	DETpos	MORPH=empty
pleisirs	plaisir	NOMcom	MORPH=empty
estoit	estre1	VERcjg	MORPH=empty
,	,	PONfbl	MORPH=empty
veoir	vëoir	VERinf	MORPH=empty
sa	son4	DETpos	MORPH=empty
contenance	contenance	NOMcom	MORPH=empty
iroie	aler	VERcjg	MORPH=empty
,	,	PONfbl	MORPH=empty
et	et	CONcoo	MORPH=empty
se	se	CONsub	MORPH=empty
an	en1	PRE	MORPH=empty
tel	tel	DETind	MORPH=empty
point	point	NOMcom	MORPH=empty
le	il	PROper	MORPH=empty
trovoie	trover	VERcjg	MORPH=empty
que	que4	CONsub	MORPH=empty
son	son4	DETpos	MORPH=empty
panser	penser	VERinf	MORPH=empty
eüst	avoir	VERcjg	MORPH=empty
guerpi	guerpir	VERppe	MORPH=empty
,	,	PONfbl	MORPH=empty
diroie	dire	VERcjg	MORPH=empty
et	et	CONcoo	MORPH=empty
prieroie	priier	VERcjg	MORPH=empty
li	il	PROper	MORPH=empty
qu'	que4	CONsub	MORPH=empty
il	il	PROper	MORPH=empty
venist	venir	VERcjg	MORPH=empty
a	a3	PRE	MORPH=empty
vos	vos	PROper	MORPH=empty
jusque	jusque	PRE	MORPH=empty
ça	ça	ADVgen	MORPH=empty
.	.	PONfrt	MORPH=empty
"	"	PONpxx	MORPH=empty
A	a3	PRE	MORPH=empty
cest	cest	DETdem	MORPH=empty
mot	mot	NOMcom	MORPH=empty
Kex	Keu	NOMpro	MORPH=empty
se	soi1	PROper	MORPH=empty
correça	corrocier	VERcjg	MORPH=empty
et	et	CONcoo	MORPH=empty
dist	dire	VERcjg	MORPH=empty
:	:	PONfbl	MORPH=empty
"	"	PONpxx	MORPH=empty
Ha	ha	INJ	MORPH=empty
!	!	PONfrt	MORPH=empty
messire	seignor	NOMcom	MORPH=empty
Gauvain	Gauvain	NOMpro	MORPH=empty
,	,	PONfbl	MORPH=empty
vos	vos	PROper	MORPH=empty
l'	il	PROper	MORPH=empty
amanroiz	amener	VERcjg	MORPH=empty
ja	ja	ADVgen	MORPH=empty
par	par	PRE	MORPH=empty
la	le	DETdef	MORPH=empty
main	main2	NOMcom	MORPH=empty
,	,	PONfbl	MORPH=empty
le	le	DETdef	MORPH=empty
chevalier	chevalier	NOMcom	MORPH=empty
,	,	PONfbl	MORPH=empty
mes	mais1	CONcoo	MORPH=empty
bien	bien1	ADVgen	MORPH=empty
li	il	PROper	MORPH=empty
poist	peser	VERcjg	MORPH=empty
.	.	PONfrt	MORPH=empty
Bien	bien1	ADVgen	MORPH=empty
le	il	PROper	MORPH=empty
feroiz	faire	VERcjg	MORPH=empty
,	,	PONfbl	MORPH=empty
se	se	CONsub	MORPH=empty
il	il	PROimp	MORPH=empty
vos	vos	PROper	MORPH=empty
loist	loisir1	VERcjg	MORPH=empty
et	et	CONcoo	MORPH=empty
la	le	DETdef	MORPH=empty
baillie	baillie	NOMcom	MORPH=empty
vos	vos	PROper	MORPH=empty
remaint	remanoir	VERcjg	MORPH=empty
.	.	PONfrt	MORPH=empty
Ensi	ainsi	ADVgen	MORPH=empty
en	en2	PROadv	MORPH=empty
avez	avoir	VERcjg	MORPH=empty
vos	vos	PROper	MORPH=empty
pris	prendre	VERppe	MORPH=empty
maint	maint	PROind	MORPH=empty
.	.	PONfrt	MORPH=empty
Qant	cant1	CONsub	MORPH=empty
li	le	DETdef	MORPH=empty
chevalier	chevalier	NOMcom	MORPH=empty
sont	estre1	VERcjg	MORPH=empty
lassez	lasser	VERppe	MORPH=empty
et	et	CONcoo	MORPH=empty
il	il	PROper	MORPH=empty
ont	avoir	VERcjg	MORPH=empty
fet	faire	VERppe	MORPH=empty
d'	de	PRE	MORPH=empty
armes	arme	NOMcom	MORPH=empty
assez	assez	ADVgen	MORPH=empty
,	,	PONfbl	MORPH=empty
lors	lors	ADVgen	MORPH=empty
vet	aler	VERcjg	MORPH=empty
au	a3+le	PRE.DETdef	MORPH=empty
roi	roi2	NOMcom	MORPH=empty
congié	congié	NOMcom	MORPH=empty
requerre	requerre	VERinf	MORPH=empty
que	que4	CONsub	MORPH=empty
l'	le	DETdef	MORPH=empty
an	on	PROind	MORPH=empty
li	il	PROper	MORPH=empty
lest	laissier	VERcjg	MORPH=empty
aler	aler	VERinf	MORPH=empty
conquerre	conquerre	VERinf	MORPH=empty
!	!	PONfrt	MORPH=empty
Gauvain	Gauvain	NOMpro	MORPH=empty
,	,	PONfbl	MORPH=empty
maudahez	maudehé	NOMcom	MORPH=empty
ait	avoir	VERcjg	MORPH=empty
mes	mon1	DETpos	MORPH=empty
cos	col	NOMcom	MORPH=empty
se	se	CONsub	MORPH=empty
vos	vos	PROper	MORPH=empty
estes	estre1	VERcjg	MORPH=empty
mie	mie	ADVgen	MORPH=empty
si	si	ADVgen	MORPH=empty
fos	fol3	ADJqua	MORPH=empty
que	que4	CONsub	MORPH=empty
l'	le	DETdef	MORPH=empty
an	on	PROind	MORPH=empty
ne	ne1	ADVneg	MORPH=empty
puist	pöoir	VERcjg	MORPH=empty
a	a3	PRE	MORPH=empty
vos	vos	PROper	MORPH=empty
aprandre	aprendre	VERinf	MORPH=empty
!	!	PONfrt	MORPH=empty
Bien	bien1	ADVgen	MORPH=empty
savez	savoir	VERcjg	MORPH=empty
paroles	parole	NOMcom	MORPH=empty
antandre	entendre	VERinf	MORPH=empty
,	,	PONfbl	MORPH=empty
qui	qui	PROrel	MORPH=empty
sont	estre1	VERcjg	MORPH=empty
et	et	CONcoo	MORPH=empty
beles	bel1	ADJqua	MORPH=empty
et	et	CONcoo	MORPH=empty
polies	polir	VERppe	MORPH=empty
.	.	PONfrt	MORPH=empty
Granz	grant	ADJqua	MORPH=empty
orguiauz	orgueil	NOMcom	MORPH=empty
et	et	CONcoo	MORPH=empty
granz	grant	ADJqua	MORPH=empty
felenies	felonie	NOMcom	MORPH=empty
et	et	CONcoo	MORPH=empty
grant	grant	ADJqua	MORPH=empty
enui	enui	NOMcom	MORPH=empty
li	il	PROper	MORPH=empty
diroiz	dire	VERcjg	MORPH=empty
ja	ja	ADVgen	MORPH=empty
?	?	PONfrt	MORPH=empty
Maudahez	maudehé	NOMcom	MORPH=empty
ait	avoir	VERcjg	MORPH=empty
qui	qui	PROrel	MORPH=empty
le	il	PROper	MORPH=empty
cuida	cuidier1	VERcjg	MORPH=empty
et	et	CONcoo	MORPH=empty
qui	qui	PROrel	MORPH=empty
l'	il	PROper	MORPH=empty
otroiera	otroiier	VERcjg	MORPH=empty
,	,	PONfbl	MORPH=empty
qui	qui	PROrel	MORPH=empty
soie	estre1	VERcjg	MORPH=empty
!	!	PONfrt	MORPH=empty
Certes	certes	ADVgen	MORPH=empty
an	en1	PRE	MORPH=empty
.i.	un	DETndf	MORPH=empty
bliaut	blïaut	NOMcom	MORPH=empty
de	de	PRE	MORPH=empty
soie	soie2	NOMcom	MORPH=empty
poez	pöoir	VERcjg	MORPH=empty
ceste	cest	DETdem	MORPH=empty
bataille	bataille	NOMcom	MORPH=empty
fere	faire	VERinf	MORPH=empty
.	.	PONfrt	MORPH=empty
Ja	ja	ADVgen	MORPH=empty
ne	ne1	ADVneg	MORPH=empty
vos	vos	PROper	MORPH=empty
an	en2	PROadv	MORPH=empty
covandra	covenir	VERcjg	MORPH=empty
trere	traire	VERinf	MORPH=empty
espee	espee	NOMcom	MORPH=empty
ne	ne2	CONcoo	MORPH=empty
lance	lance	NOMcom	MORPH=empty
brisier	brisier	VERinf	MORPH=empty
.	.	PONfrt	MORPH=empty
De	de	PRE	MORPH=empty
tant	tant	ADVgen	MORPH=empty
vos	vos	PROper	MORPH=empty
poez	pöoir	VERcjg	MORPH=empty
vos	vos	PROper	MORPH=empty
prisier	prisier	VERinf	MORPH=empty
que	que4	CONsub	MORPH=empty
,	,	PONfbl	MORPH=empty
se	se	CONsub	MORPH=empty
la	le	DETdef	MORPH=empty
lengue	langue1	NOMcom	MORPH=empty
ne	ne1	ADVneg	MORPH=empty
vos	vos	PROper	MORPH=empty
faut	falir	VERcjg	MORPH=empty
por	por2	PRE	MORPH=empty
dire	dire	VERinf	MORPH=empty
:	:	PONfbl	MORPH=empty
"	"	PONpxx	MORPH=empty
Sire	seignor	NOMcom	MORPH=empty
,	,	PONfbl	MORPH=empty
Dex	Dieu	NOMpro	MORPH=empty
vos	vos	PROper	MORPH=empty
saut	sauver	VERcjg	MORPH=empty
et	et	CONcoo	MORPH=empty
vos	vos	PROper	MORPH=empty
doigne	doner	VERcjg	MORPH=empty
vie	vie1	NOMcom	MORPH=empty
et	et	CONcoo	MORPH=empty
santé	santé	NOMcom	MORPH=empty
"	"	PONpxx	MORPH=empty
,	,	PONfbl	MORPH=empty
fera	faire	VERcjg	MORPH=empty
il	il	PROper	MORPH=empty
vostre	vostre	DETpos	MORPH=empty
volanté	volenté	NOMcom	MORPH=empty
.	.	PONfrt	MORPH=empty
N'	ne1	ADVneg	MORPH=empty
an	en2	PROadv	MORPH=empty
di	dire	VERcjg	MORPH=empty
rien	rien	PROind	MORPH=empty
por	por2	PRE	MORPH=empty
vos	vos	PROper	MORPH=empty
anseignier	enseignier	VERinf	MORPH=empty
,	,	PONfbl	MORPH=empty
mes	mais1	CONcoo	MORPH=empty
bien	bien1	ADVgen	MORPH=empty
le	il	PROper	MORPH=empty
savroiz	savoir	VERcjg	MORPH=empty
apleignier	aplaignier	VERinf	MORPH=empty
si	si	ADVgen	MORPH=empty
con	come1	CONsub	MORPH=empty
an	on	PROind	MORPH=empty
aplaigne	aplaignier	VERcjg	MORPH=empty
le	le	DETdef	MORPH=empty
chat	chat	NOMcom	MORPH=empty
,	,	PONfbl	MORPH=empty
et	et	CONcoo	MORPH=empty
dira	dire	VERcjg	MORPH=empty
l'	le	DETdef	MORPH=empty
an	on	PROind	MORPH=empty
:	:	PONfbl	MORPH=empty
"	"	PONpxx	MORPH=empty
Or	or4	ADVgen	MORPH=empty
se	soi1	PROper	MORPH=empty
conbat	combatre	VERcjg	MORPH=empty
messire	seignor	NOMcom	MORPH=empty
Gauvains	Gauvain	NOMpro	MORPH=empty
duremant	durement	ADVgen	MORPH=empty
.	.	PONfrt	MORPH=empty
"	"	PONpxx	MORPH=empty
Ha	ha	INJ	MORPH=empty
!	!	PONfrt	MORPH=empty
sire	seignor	NOMcom	MORPH=empty
Kex	Keu	NOMpro	MORPH=empty
,	,	PONfbl	MORPH=empty
plus	plus	ADVgen	MORPH=empty
belemant	bel1ement	ADVgen	MORPH=empty
,	,	PONfbl	MORPH=empty
fet	faire	VERcjg	MORPH=empty
il	il	PROper	MORPH=empty
,	,	PONfbl	MORPH=empty
le	il	PROper	MORPH=empty
me	je	PROper	MORPH=empty
poïssiez	pöoir	VERcjg	MORPH=empty
dire	dire	VERinf	MORPH=empty
.	.	PONfrt	MORPH=empty
Cuidiez	cuidier1	VERcjg	MORPH=empty
vos	vos	PROper	MORPH=empty
or	or4	ADVgen	MORPH=empty
vangier	vengier	VERinf	MORPH=empty
vostre	vostre	DETpos	MORPH=empty
ire	ire	NOMcom	MORPH=empty
et	et	CONcoo	MORPH=empty
vostre	vostre	DETpos	MORPH=empty
mautalant	mautalent	NOMcom	MORPH=empty
a	a3	PRE	MORPH=empty
moi	je	PROper	MORPH=empty
?	?	PONfrt	MORPH=empty
Je	je	PROper	MORPH=empty
l'	il	PROper	MORPH=empty
an	en2	PROadv	MORPH=empty
amanrai	amener	VERcjg	MORPH=empty
,	,	PONfbl	MORPH=empty
par	par	PRE	MORPH=empty
ma	mon1	DETpos	MORPH=empty
foi	foi	NOMcom	MORPH=empty
,	,	PONfbl	MORPH=empty
se	se	CONsub	MORPH=empty
j'	je	PROper	MORPH=empty
onques	onque	ADVgen	MORPH=empty
puis	pöoir	VERcjg	MORPH=empty
,	,	PONfbl	MORPH=empty
biax	bel1	ADJqua	MORPH=empty
dolz	douz	ADJqua	MORPH=empty
amis	ami	NOMcom	MORPH=empty
.	.	PONfrt	MORPH=empty
Ja	ja	ADVgen	MORPH=empty
n'	ne1	ADVneg	MORPH=empty
an	en2	PROadv	MORPH=empty
avrai	avoir	VERcjg	MORPH=empty
le	le	DETdef	MORPH=empty
braz	braz	NOMcom	MORPH=empty
maumis	maumetre	VERppe	MORPH=empty
et	et	CONcoo	MORPH=empty
sanz	sans	PRE	MORPH=empty
chenole	chanole	NOMcom	MORPH=empty
desloier	deslöer2	VERinf	MORPH=empty
,	,	PONfbl	MORPH=empty
que	que4	CONcoo	MORPH=empty
je	je	PROper	MORPH=empty
n'	ne1	ADVneg	MORPH=empty
aim	amer1	VERcjg	MORPH=empty
mie	mie	ADVneg	MORPH=empty
tel	tel	DETind	MORPH=empty
loier	loiier	NOMcom	MORPH=empty
.	.	PONfrt	MORPH=empty
Or	or4	ADVgen	MORPH=empty
m'	je	PROper	MORPH=empty
i	i2	PROadv	MORPH=empty
alez	aler	VERcjg	MORPH=empty
,	,	PONfbl	MORPH=empty
niés	nevo	NOMcom	MORPH=empty
,	,	PONfbl	MORPH=empty
dit	dire	VERcjg	MORPH=empty
li	le	DETdef	MORPH=empty
rois	roi2	NOMcom	MORPH=empty
,	,	PONfbl	MORPH=empty
que	que4	CONcoo	MORPH=empty
mout	mout	ADVgen	MORPH=empty
avez	avoir	VERcjg	MORPH=empty
dit	dire	VERppe	MORPH=empty
que	que4	CONsub	MORPH=empty
cortois	cortois	ADJqua	MORPH=empty
.	.	PONfrt	MORPH=empty
S'	se	CONsub	MORPH=empty
estre	estre1	VERinf	MORPH=empty
puet	pöoir	VERcjg	MORPH=empty
,	,	PONfbl	MORPH=empty
si	si	ADVgen	MORPH=empty
l'	il	PROper	MORPH=empty
an	en2	PROadv	MORPH=empty
amenez	amener	VERppe	MORPH=empty
,	,	PONfbl	MORPH=empty
et	et	CONcoo	MORPH=empty
totes	tot	DETind	MORPH=empty
voz	vostre	DETpos	MORPH=empty
armes	arme	NOMcom	MORPH=empty
prenez	prendre	VERcjg	MORPH=empty
,	,	PONfbl	MORPH=empty
que	que4	CONcoo	MORPH=empty
desarmez	desarmer	VERppe	MORPH=empty
n'	ne1	ADVneg	MORPH=empty
iroiz	aler	VERcjg	MORPH=empty
vos	vos	PROper	MORPH=empty
pas	pas	ADVneg	MORPH=empty
.	.	PONfrt	MORPH=empty
"	"	PONpxx	MORPH=empty
Armer	armer	VERinf	MORPH=empty
se	soi1	PROper	MORPH=empty
fet	faire	VERcjg	MORPH=empty
en	en1	PRE	MORPH=empty
es	es2	PROdem	MORPH=empty
le	le	DETdef	MORPH=empty
pas	pas	NOMcom	MORPH=empty
cil	cel	PROdem	MORPH=empty
qui	qui	PROrel	MORPH=empty
de	de	PRE	MORPH=empty
totes	tot	DETind	MORPH=empty
les	le	DETdef	MORPH=empty
bontez	bonté	NOMcom	MORPH=empty
ot	avoir	VERcjg	MORPH=empty
los	los1	NOMcom	MORPH=empty
et	et	CONcoo	MORPH=empty
pris	pris1	NOMcom	MORPH=empty
,	,	PONfbl	MORPH=empty
et	et	CONcoo	MORPH=empty
est	estre1	VERcjg	MORPH=empty
montez	monter	VERppe	MORPH=empty
sor	sor2	PRE	MORPH=empty
.i.	un	DETndf	MORPH=empty
cheval	cheval	NOMcom	MORPH=empty
fort	fort	ADJqua	MORPH=empty
et	et	CONcoo	MORPH=empty
adroit	adroit	ADJqua	MORPH=empty
,	,	PONfbl	MORPH=empty
et	et	CONcoo	MORPH=empty
vint	venir	VERcjg	MORPH=empty
au	a3+le	PRE.DETdef	MORPH=empty
chevalier	chevalier	NOMcom	MORPH=empty
tot	tot	ADVgen	MORPH=empty
droit	droit	ADJqua	MORPH=empty
,	,	PONfbl	MORPH=empty
qui	qui	PROrel	MORPH=empty
sor	sor2	PRE	MORPH=empty
sa	son4	DETpos	MORPH=empty
lance	lance	NOMcom	MORPH=empty
ert	estre1	VERcjg	MORPH=empty
apoiez	apoiier	VERppe	MORPH=empty
.	.	PONfrt	MORPH=empty
Ancor	encore	ADVgen	MORPH=empty
n'	ne1	ADVneg	MORPH=empty
estoit	estre1	VERcjg	MORPH=empty
pas	pas	ADVneg	MORPH=empty
enuiez	enoiier	VERppe	MORPH=empty
de	de	PRE	MORPH=empty
son	son4	DETpos	MORPH=empty
pansé	pensé	NOMcom	MORPH=empty
qui	qui	PROrel	MORPH=empty
mout	mout	ADVgen	MORPH=empty
li	il	PROper	MORPH=empty
plot	plaire	VERcjg	MORPH=empty
,	,	PONfbl	MORPH=empty
et	et	CONcoo	MORPH=empty
neporquant	neporcant	ADVgen	MORPH=empty
li	le	DETdef	MORPH=empty
solauz	soleil	NOMcom	MORPH=empty
ot	avoir	VERcjg	MORPH=empty
.ii.	2	PROcar	MORPH=empty
des	de+le	PRE.DETdef	MORPH=empty
gotes	gote	NOMcom	MORPH=empty
del	de+le	PRE.DETdef	MORPH=empty
sanc	sanc	NOMcom	MORPH=empty
remises	remetre	VERppe	MORPH=empty
qui	qui	PROrel	MORPH=empty
sor	sor2	PRE	MORPH=empty
la	le	DETdef	MORPH=empty
noif	noif	NOMcom	MORPH=empty
erent	estre1	VERcjg	MORPH=empty
assises	asseoir	VERppe	MORPH=empty
,	,	PONfbl	MORPH=empty
et	et	CONcoo	MORPH=empty
la	le	DETdef	MORPH=empty
tierce	tierz	PROord	MORPH=empty
aloit	aler	VERcjg	MORPH=empty
remetant	remetre	VERppa	MORPH=empty
,	,	PONfbl	MORPH=empty
por	por2	PRE	MORPH=empty
ce	ce1	PROdem	MORPH=empty
n'	ne1	ADVneg	MORPH=empty
i	i2	PROadv	MORPH=empty
pansoit	penser	VERcjg	MORPH=empty
mie	mie	ADVneg	MORPH=empty
tant	tant	ADVgen	MORPH=empty
li	le	DETdef	MORPH=empty
chevaliers	chevalier	NOMcom	MORPH=empty
con	come1	CONsub	MORPH=empty
il	il	PROper	MORPH=empty
ot	avoir	VERcjg	MORPH=empty
fet	faire	VERppe	MORPH=empty
.	.	PONfrt	MORPH=empty
Et	et	CONcoo	MORPH=empty
messire	seignor	NOMcom	MORPH=empty
Gauvains	Gauvain	NOMpro	MORPH=empty
se	soi1	PROper	MORPH=empty
tret	traire	VERcjg	MORPH=empty
vers	vers2	PRE	MORPH=empty
lui	il	PROper	MORPH=empty
tote	tot	DETind	MORPH=empty
une	un	DETndf	MORPH=empty
voie	voie	NOMcom	MORPH=empty
anblant	ambler	VERppa	MORPH=empty
,	,	PONfbl	MORPH=empty
sanz	sans	PRE	MORPH=empty
fere	faire	VERinf	MORPH=empty
nul	nul	DETind	MORPH=empty
felon	felon	NOMcom	MORPH=empty
sanblant	semblant	NOMcom	MORPH=empty
,	,	PONfbl	MORPH=empty
et	et	CONcoo	MORPH=empty
dit	dire	VERcjg	MORPH=empty
:	:	PONfbl	MORPH=empty
"	"	PONpxx	MORPH=empty
Sire	seignor	NOMcom	MORPH=empty
,	,	PONfbl	MORPH=empty
je	je	PROper	MORPH=empty
vos	vos	PROper	MORPH=empty
eüsse	avoir	VERcjg	MORPH=empty
salué	salüer	VERppe	MORPH=empty
,	,	PONfbl	MORPH=empty
se	se	CONsub	MORPH=empty
autel	autel1	PROind	MORPH=empty
seüsse	savoir	VERcjg	MORPH=empty
vostre	vostre	DETpos	MORPH=empty
cuer	cuer2	NOMcom	MORPH=empty
con	come1	CONsub	MORPH=empty
je	je	PROper	MORPH=empty
faz	faire	VERcjg	MORPH=empty
le	le	DETdef	MORPH=empty
mien	mien	PROpos	MORPH=empty
.	.	PONfrt	MORPH=empty
Mes	mais1	CONcoo	MORPH=empty
tant	tant	ADVgen	MORPH=empty
vos	vos	PROper	MORPH=empty
puis	pöoir	VERcjg	MORPH=empty
ge	je	PROper	MORPH=empty
dire	dire	VERinf	MORPH=empty
bien	bien1	ADVgen	MORPH=empty
que	que4	CONsub	MORPH=empty
ge	je	PROper	MORPH=empty
sui	estre1	VERcjg	MORPH=empty
messages	message2	NOMcom	MORPH=empty
le	le	DETdef	MORPH=empty
roi	roi2	NOMcom	MORPH=empty
;	;	PONfbl	MORPH=empty
il	il	PROper	MORPH=empty
vos	vos	PROper	MORPH=empty
mande	mander	VERcjg	MORPH=empty
et	et	CONcoo	MORPH=empty
dit	dire	VERcjg	MORPH=empty
par	par	PRE	MORPH=empty
moi	je	PROper	MORPH=empty
que	que4	CONsub	MORPH=empty
vos	vos	PROper	MORPH=empty
alez	aler	VERcjg	MORPH=empty
parler	parler	VERinf	MORPH=empty
a	a3	PRE	MORPH=empty
lui	il	PROper	MORPH=empty
.	.	PONfrt	MORPH=empty
Il	il	PROper	MORPH=empty
an	en2	PROadv	MORPH=empty
i	i2	PROadv	MORPH=empty
ont	avoir	VERcjg	MORPH=empty
ja	ja	ADVgen	MORPH=empty
esté	estre1	VERppe	MORPH=empty
dui	deus	PROcar	MORPH=empty
,	,	PONfbl	MORPH=empty
fet	faire	VERcjg	MORPH=empty
Percevax	Perceval	NOMpro	MORPH=empty
,	,	PONfbl	MORPH=empty
qui	qui	PROrel	MORPH=empty
me	je	PROper	MORPH=empty
toloient	tolir	VERcjg	MORPH=empty
ma	mon1	DETpos	MORPH=empty
joie	joie	NOMcom	MORPH=empty
et	et	CONcoo	MORPH=empty
mener	mener	VERinf	MORPH=empty
m'	je	PROper	MORPH=empty
an	en2	PROadv	MORPH=empty
voloient	voloir	VERcjg	MORPH=empty
ausi	aussi	ADVgen	MORPH=empty
con	come1	CONsub	MORPH=empty
se	se	CONsub	MORPH=empty
ge	je	PROper	MORPH=empty
fusse	estre1	VERcjg	MORPH=empty
pris	prendre	VERppe	MORPH=empty
.	.	PONfrt	MORPH=empty
Et	et	CONcoo	MORPH=empty
je	je	PROper	MORPH=empty
estoie	estre1	VERcjg	MORPH=empty
si	si	ADVgen	MORPH=empty
pansis	pensif	ADJqua	MORPH=empty
d'	de	PRE	MORPH=empty
un	un	DETndf	MORPH=empty
pansé	pensé	NOMcom	MORPH=empty
qui	qui	PROrel	MORPH=empty
mout	mout	ADVgen	MORPH=empty
me	je	PROper	MORPH=empty
pleisoit	plaire	VERcjg	MORPH=empty
;	;	PONfbl	MORPH=empty
et	et	CONcoo	MORPH=empty
cil	cel	PROdem	MORPH=empty
qui	qui	PROrel	MORPH=empty
partir	partir	VERinf	MORPH=empty
m'	je	PROper	MORPH=empty
an	en2	PROadv	MORPH=empty
voloit	voloir	VERcjg	MORPH=empty
n'	ne1	ADVneg	MORPH=empty
aloit	aler	VERcjg	MORPH=empty
mie	mie	ADVneg	MORPH=empty
querant	querre	VERppa	MORPH=empty
mon	mon1	DETpos	MORPH=empty
preu	pro	NOMcom	MORPH=empty
,	,	PONfbl	MORPH=empty
que	que4	CONcoo	MORPH=empty
devant	devant	PRE	MORPH=empty
moi	je	PROper	MORPH=empty
an	en1	PRE	MORPH=empty
ice	ice2	DETdem	MORPH=empty
leu	lieu	NOMcom	MORPH=empty
avoit	avoir	VERcjg	MORPH=empty
.iii.	3	DETcar	MORPH=empty
gotes	gote	NOMcom	MORPH=empty
de	de	PRE	MORPH=empty
fres	frois1	ADJqua	MORPH=empty
sanc	sanc	NOMcom	MORPH=empty
qui	qui	PROrel	MORPH=empty
anluminoient	enluminer	VERcjg	MORPH=empty
le	le	DETdef	MORPH=empty
blanc	blanc	ADJqua	MORPH=empty
.	.	PONfrt	MORPH=empty
An	en1	PRE	MORPH=empty
l'	le	DETdef	MORPH=empty
esgarder	esgarder	VERinf	MORPH=empty
m'	je	PROper	MORPH=empty
estoit	estre1	VERcjg	MORPH=empty
avis	avis	NOMcom	MORPH=empty
que	que4	CONsub	MORPH=empty
la	le	DETdef	MORPH=empty
fresche	frois1	ADJqua	MORPH=empty
color	color	NOMcom	MORPH=empty
del	de+le	PRE.DETdef	MORPH=empty
vis	vis1	NOMcom	MORPH=empty
m'	mon1	DETpos	MORPH=empty
amie	ami	NOMcom	MORPH=empty
la	le	DETdef	MORPH=empty
bele	bel1	ADJqua	MORPH=empty
i	i2	PROadv	MORPH=empty
veïsse	vëoir	VERcjg	MORPH=empty
,	,	PONfbl	MORPH=empty
ja	ja	ADVgen	MORPH=empty
mes	mon1	DETpos	MORPH=empty
ialz	ueil	NOMcom	MORPH=empty
partir	partir	VERinf	MORPH=empty
n'	ne1	ADVneg	MORPH=empty
an	en2	PROadv	MORPH=empty
queïsse	querre	VERcjg	MORPH=empty
.	.	PONfrt	MORPH=empty
Certes	certes	ADVgen	MORPH=empty
,	,	PONfbl	MORPH=empty
fet	faire	VERcjg	MORPH=empty
messire	seignor	NOMcom	MORPH=empty
Gauvains	Gauvain	NOMpro	MORPH=empty
,	,	PONfbl	MORPH=empty
cil	cel	DETdem	MORPH=empty
pansers	penser	VERinf	MORPH=empty
n'	ne1	ADVneg	MORPH=empty
estoit	estre1	VERcjg	MORPH=empty
pas	pas	ADVneg	MORPH=empty
vilains	vilain	ADJqua	MORPH=empty
,	,	PONfbl	MORPH=empty
ençois	ainçois	ADVgen	MORPH=empty
estoit	estre1	VERcjg	MORPH=empty
cortois	cortois	ADJqua	MORPH=empty
et	et	CONcoo	MORPH=empty
dolz	douz	ADJqua	MORPH=empty
,	,	PONfbl	MORPH=empty
et	et	CONcoo	MORPH=empty
cil	cel	PROdem	MORPH=empty
estoit	estre1	VERcjg	MORPH=empty
fos	fol3	ADJqua	MORPH=empty
et	et	CONcoo	MORPH=empty
estolz	estout	ADJqua	MORPH=empty
qui	qui	PROrel	MORPH=empty
vostre	vostre	DETpos	MORPH=empty
cuer	cuer2	NOMcom	MORPH=empty
an	en2	PROadv	MORPH=empty
remuoit	remüer	VERcjg	MORPH=empty
.	.	PONfrt	MORPH=empty
Mes	mais1	CONcoo	MORPH=empty
ge	je	PROper	MORPH=empty
desir	desirrer	VERcjg	MORPH=empty
mout	mout	ADVgen	MORPH=empty
et	et	CONcoo	MORPH=empty
covoit	covoitier	VERcjg	MORPH=empty
a	a3	PRE	MORPH=empty
savoir	savoir	VERinf	MORPH=empty
que	que2	PROrel	MORPH=empty
vos	vos	PROper	MORPH=empty
voldroiz	voloir	VERcjg	MORPH=empty
fere	faire	VERinf	MORPH=empty
.	.	PONfrt	MORPH=empty
Au	a3+le	PRE.DETdef	MORPH=empty
roi	roi2	NOMcom	MORPH=empty
,	,	PONfbl	MORPH=empty
s'	se	CONsub	MORPH=empty
il	il	PROimp	MORPH=empty
ne	ne1	ADVneg	MORPH=empty
vos	vos	PROper	MORPH=empty
doit	devoir	VERcjg	MORPH=empty
desplere	desplaire	VERinf	MORPH=empty
,	,	PONfbl	MORPH=empty
vos	vos	PROper	MORPH=empty
manroie	mener	VERcjg	MORPH=empty
ge	je	PROper	MORPH=empty
volantiers	volentiers	ADVgen	MORPH=empty
.	.	PONfrt	MORPH=empty
Or	or4	ADVgen	MORPH=empty
me	je	PROper	MORPH=empty
dites	dire	VERcjg	MORPH=empty
,	,	PONfbl	MORPH=empty
biau	bel1	ADJqua	MORPH=empty
sire	seignor	NOMcom	MORPH=empty
chiers	chier	ADJqua	MORPH=empty
,	,	PONfbl	MORPH=empty
por	por2	PRE	MORPH=empty
verité	verité	NOMcom	MORPH=empty
,	,	PONfbl	MORPH=empty
fet	faire	VERcjg	MORPH=empty
Percevax	Perceval	NOMpro	MORPH=empty
,	,	PONfbl	MORPH=empty
se	se	CONsub	MORPH=empty
Kex	Keu	NOMpro	MORPH=empty
i	i2	PROadv	MORPH=empty
est	estre1	VERcjg	MORPH=empty
li	le	DETdef	MORPH=empty
seneschax	seneschal	NOMcom	MORPH=empty
.	.	PONfrt	MORPH=empty
Oïl	öil	ADVgen	MORPH=empty
,	,	PONfbl	MORPH=empty
voiremant	voirement	ADVgen	MORPH=empty
i	i2	PROadv	MORPH=empty
est	estre1	VERcjg	MORPH=empty
il	il	PROper	MORPH=empty
,	,	PONfbl	MORPH=empty
et	et	CONcoo	MORPH=empty
si	si	ADVgen	MORPH=empty
sachiez	savoir	VERcjg	MORPH=empty
que	que4	CONsub	MORPH=empty
ce	ce1	PROdem	MORPH=empty
est	estre1	VERcjg	MORPH=empty
cil	cel	PROdem	MORPH=empty
qui	qui	PROrel	MORPH=empty
or	or4	ADVgen	MORPH=empty
androit	endroit	ADVgen	MORPH=empty
a	a3	PRE	MORPH=empty
vos	vos	PROper	MORPH=empty
josta	joster	VERcjg	MORPH=empty
,	,	PONfbl	MORPH=empty
et	et	CONcoo	MORPH=empty
la	le	DETdef	MORPH=empty
joste	joste2	NOMcom	MORPH=empty
tant	tant	ADVgen	MORPH=empty
li	il	PROper	MORPH=empty
costa	coster1	VERcjg	MORPH=empty
que	que4	CONsub	MORPH=empty
le	le	DETdef	MORPH=empty
braz	braz	NOMcom	MORPH=empty
destre	destre	ADJqua	MORPH=empty
li	il	PROper	MORPH=empty
avez	avoir	VERcjg	MORPH=empty
peçoié	peçoiier	VERppe	MORPH=empty
,	,	PONfbl	MORPH=empty
et	et	CONcoo	MORPH=empty
si	si	ADVgen	MORPH=empty
nel	ne1+il	ADVneg.PROper	MORPH=empty
savez	savoir	VERcjg	MORPH=empty
,	,	PONfbl	MORPH=empty
et	et	CONcoo	MORPH=empty
la	le	DETdef	MORPH=empty
chenole	chanole	NOMcom	MORPH=empty
desloiee	deslöer2	VERppe	MORPH=empty
.	.	PONfrt	MORPH=empty
Donc	donc	ADVgen	MORPH=empty
est	estre1	VERcjg	MORPH=empty
la	le	DETdef	MORPH=empty
pucele	pucele	NOMcom	MORPH=empty
vangiee	vengier	VERppe	MORPH=empty
,	,	PONfbl	MORPH=empty
fet	faire	VERcjg	MORPH=empty
Percevax	Perceval	NOMpro	MORPH=empty
,	,	PONfbl	MORPH=empty
que	que2	PROrel	MORPH=empty
Kex	Keu	NOMpro	MORPH=empty
feri	ferir	VERcjg	MORPH=empty
.	.	PONfrt	MORPH=empty
"	"	PONpxx	MORPH=empty
Qant	cant1	CONsub	MORPH=empty
messire	seignor	NOMcom	MORPH=empty
Gauvains	Gauvain	NOMpro	MORPH=empty
l'	il	PROper	MORPH=empty
oï	öir	VERcjg	MORPH=empty
,	,	PONfbl	MORPH=empty
si	si	ADVgen	MORPH=empty
s'	soi1	PROper	MORPH=empty
an	en2	PROadv	MORPH=empty
mervoille	merveillier	VERcjg	MORPH=empty
et	et	CONcoo	MORPH=empty
tressaut	tressalir	VERcjg	MORPH=empty
,	,	PONfbl	MORPH=empty
et	et	CONcoo	MORPH=empty
dist	dire	VERcjg	MORPH=empty
:	:	PONfbl	MORPH=empty
"	"	PONpxx	MORPH=empty
Sire	seignor	NOMcom	MORPH=empty
,	,	PONfbl	MORPH=empty
se	se	CONsub	MORPH=empty
Dex	Dieu	NOMpro	MORPH=empty
me	je	PROper	MORPH=empty
saut	sauver	VERcjg	MORPH=empty
,	,	PONfbl	MORPH=empty
li	le	DETdef	MORPH=empty
rois	roi2	NOMcom	MORPH=empty
ne	ne1	ADVneg	MORPH=empty
queroit	querre	VERcjg	MORPH=empty
se	se	CONsub	MORPH=empty
vos	vos	PROper	MORPH=empty
non	non	ADVneg	MORPH=empty
.	.	PONfrt	MORPH=empty
Sire	seignor	NOMcom	MORPH=empty
,	,	PONfbl	MORPH=empty
comant	coment1	ADVint	MORPH=empty
avez	avoir	VERcjg	MORPH=empty
vos	vos	PROper	MORPH=empty
non	nom	NOMcom	MORPH=empty
?	?	PONfrt	MORPH=empty
Percevax	Perceval	NOMpro	MORPH=empty
,	,	PONfbl	MORPH=empty
sire	seignor	NOMcom	MORPH=empty
.	.	PONfrt	MORPH=empty
Et	et	CONcoo	MORPH=empty
vos	vos	PROper	MORPH=empty
,	,	PONfbl	MORPH=empty
comant	coment1	ADVint	MORPH=empty
?	?	PONfrt	MORPH=empty
Sire	seignor	NOMcom	MORPH=empty
,	,	PONfbl	MORPH=empty
sachiez	savoir	VERcjg	MORPH=empty
veraiemant	veraiement	ADVgen	MORPH=empty
que	que4	CONsub	MORPH=empty
ge	je	PROper	MORPH=empty
ai	avoir	VERcjg	MORPH=empty
non	nom	NOMcom	MORPH=empty
an	en1	PRE	MORPH=empty
baptestire	batistere	NOMcom	MORPH=empty
Gauvains	Gauvain	NOMpro	MORPH=empty
.	.	PONfrt	MORPH=empty
Gauvains	Gauvain	NOMpro	MORPH=empty
?	?	PONfrt	MORPH=empty
Voire	voir	ADVgen	MORPH=empty
,	,	PONfbl	MORPH=empty
biau	bel1	ADJqua	MORPH=empty
sire	seignor	NOMcom	MORPH=empty
.	.	PONfrt	MORPH=empty
"	"	PONpxx	MORPH=empty
Percevax	Perceval	NOMpro	MORPH=empty
mout	mout	ADVgen	MORPH=empty
s'	soi1	PROper	MORPH=empty
an	en2	PROadv	MORPH=empty
esjoï	esjöir	VERcjg	MORPH=empty
et	et	CONcoo	MORPH=empty
dit	dire	VERcjg	MORPH=empty
:	:	PONfbl	MORPH=empty
"	"	PONpxx	MORPH=empty
Sire	seignor	NOMcom	MORPH=empty
,	,	PONfbl	MORPH=empty
bien	bien1	ADVgen	MORPH=empty
ai	avoir	VERcjg	MORPH=empty
oï	öir	VERppe	MORPH=empty
de	de	PRE	MORPH=empty
vos	vos	PROper	MORPH=empty
parler	parler	VERinf	MORPH=empty
an	en1	PRE	MORPH=empty
plusors	plusor	DETind	MORPH=empty
leus	lieu	NOMcom	MORPH=empty
et	et	CONcoo	MORPH=empty
l'	le	DETdef	MORPH=empty
acointance	acointance	NOMcom	MORPH=empty
de	de	PRE	MORPH=empty
nos	nos1	PROper	MORPH=empty
deus	deus	PROcar	MORPH=empty
desirroie	desirrer	VERcjg	MORPH=empty
mout	mout	ADVgen	MORPH=empty
a	a3	PRE	MORPH=empty
avoir	avoir	VERinf	MORPH=empty
,	,	PONfbl	MORPH=empty
se	se	CONsub	MORPH=empty
il	il	PROimp	MORPH=empty
ne	ne1	ADVneg	MORPH=empty
vos	vos	PROper	MORPH=empty
doit	devoir	VERcjg	MORPH=empty
desseoir	dessëoir	VERinf	MORPH=empty
.	.	PONfrt	MORPH=empty
Certes	certes	ADVgen	MORPH=empty
,	,	PONfbl	MORPH=empty
fet	faire	VERcjg	MORPH=empty
messire	seignor	NOMcom	MORPH=empty
Gauvains	Gauvain	NOMpro	MORPH=empty
,	,	PONfbl	MORPH=empty
ele	il	PROper	MORPH=empty
ne	ne1	ADVneg	MORPH=empty
me	je	PROper	MORPH=empty
plest	plaire	VERcjg	MORPH=empty
mie	mie	ADVneg	MORPH=empty
mains	moins	ADVgen	MORPH=empty
qu'	que4	CONsub	MORPH=empty
ele	il	PROper	MORPH=empty
fet	faire	VERcjg	MORPH=empty
vos	vos	PROper	MORPH=empty
,	,	PONfbl	MORPH=empty
mes	mais1	CONcoo	MORPH=empty
plus	plus	ADVgen	MORPH=empty
,	,	PONfbl	MORPH=empty
ce	ce1	PROdem	MORPH=empty
croi	croire	VERcjg	MORPH=empty
.	.	PONfrt	MORPH=empty
"	"	PONpxx	MORPH=empty
Et	et	CONcoo	MORPH=empty
Percevax	Perceval	NOMpro	MORPH=empty
li	il	PROper	MORPH=empty
dist	dire	VERcjg	MORPH=empty
:	:	PONfbl	MORPH=empty
"	"	PONpxx	MORPH=empty
Par	par	PRE	MORPH=empty
foi	foi	NOMcom	MORPH=empty
,	,	PONfbl	MORPH=empty
donc	donc	ADVgen	MORPH=empty
irai	aler	VERcjg	MORPH=empty
ge	je	PROper	MORPH=empty
la	là	ADVgen	MORPH=empty
ou	où	PROrel	MORPH=empty
voldroiz	voloir	VERcjg	MORPH=empty
volantiers	volentiers	ADVgen	MORPH=empty
,	,	PONfbl	MORPH=empty
que	que4	CONcoo	MORPH=empty
il	il	PROimp	MORPH=empty
est	estre1	VERcjg	MORPH=empty
bien	bien1	ADVgen	MORPH=empty
droiz	droit	ADJqua	MORPH=empty
,	,	PONfbl	MORPH=empty
et	et	CONcoo	MORPH=empty
ge	je	PROper	MORPH=empty
m'	je	PROper	MORPH=empty
an	en2	PROadv	MORPH=empty
ferai	faire	VERcjg	MORPH=empty
or	or4	ADVgen	MORPH=empty
plus	plus	ADVgen	MORPH=empty
cointes	cointe	ADJqua	MORPH=empty
de	de	PRE	MORPH=empty
ce	ce1	PROdem	MORPH=empty
que	que4	CONsub	MORPH=empty
ge	je	PROper	MORPH=empty
sui	estre1	VERcjg	MORPH=empty
vostre	vostre	DETpos	MORPH=empty
acointes	acointe1	NOMcom	MORPH=empty
.	.	PONfrt	MORPH=empty
"	"	PONpxx	MORPH=empty
Lors	lors	ADVgen	MORPH=empty
cort	corir	VERcjg	MORPH=empty
li	le	DETdef	MORPH=empty
uns	un	PROind	MORPH=empty
l'	le	DETdef	MORPH=empty
autre	autre	PROind	MORPH=empty
anbracier	embracier	VERinf	MORPH=empty
;	;	PONfbl	MORPH=empty
il	il	PROper	MORPH=empty
comancent	comencier	VERcjg	MORPH=empty
a	a3	PRE	MORPH=empty
deslacier	deslacier	VERinf	MORPH=empty
andui	ambedos	DETcar	MORPH=empty
lor	lor2	DETpos	MORPH=empty
hiaumes	heaume	NOMcom	MORPH=empty
et	et	CONcoo	MORPH=empty
vantailles	ventaille1	NOMcom	MORPH=empty
et	et	CONcoo	MORPH=empty
traient	traire	VERcjg	MORPH=empty
contremont	contremont	ADVgen	MORPH=empty
les	le	DETdef	MORPH=empty
mailles	maille	NOMcom	MORPH=empty
.	.	PONfrt	MORPH=empty
Ensi	ainsi	ADVgen	MORPH=empty
s'	soi1	PROper	MORPH=empty
an	en2	PROadv	MORPH=empty
vont	aler	VERcjg	MORPH=empty
joie	joie	NOMcom	MORPH=empty
menant	mener	VERppa	MORPH=empty
;	;	PONfbl	MORPH=empty
et	et	CONcoo	MORPH=empty
vaslet	vaslet	NOMcom	MORPH=empty
corent	corir	VERcjg	MORPH=empty
maintenant	maintenant	ADVgen	MORPH=empty
,	,	PONfbl	MORPH=empty
qui	qui	PROrel	MORPH=empty
ensi	ainsi	ADVgen	MORPH=empty
conjoïr	conjöir	VERinf	MORPH=empty
les	il	PROper	MORPH=empty
voient	vëoir	VERcjg	MORPH=empty
d'	de	PRE	MORPH=empty
une	un	DETndf	MORPH=empty
angarde	angarde	NOMcom	MORPH=empty
ou	où	PROrel	MORPH=empty
il	il	PROper	MORPH=empty
estoient	estre1	VERcjg	MORPH=empty
,	,	PONfbl	MORPH=empty
et	et	CONcoo	MORPH=empty
sont	estre1	VERcjg	MORPH=empty
venu	venir	VERppe	MORPH=empty
corant	corir	VERppa	MORPH=empty
au	a3+le	PRE.DETdef	MORPH=empty
roi	roi2	NOMcom	MORPH=empty
.	.	PONfrt	MORPH=empty
"	"	PONpxx	MORPH=empty
Sire	seignor	NOMcom	MORPH=empty
,	,	PONfbl	MORPH=empty
sire	seignor	NOMcom	MORPH=empty
,	,	PONfbl	MORPH=empty
font	faire	VERcjg	MORPH=empty
il	il	PROper	MORPH=empty
,	,	PONfbl	MORPH=empty
par	par	PRE	MORPH=empty
foi	foi	NOMcom	MORPH=empty
,	,	PONfbl	MORPH=empty
messire	seignor	NOMcom	MORPH=empty
Gauvains	Gauvain	NOMpro	MORPH=empty
en	en2	PROadv	MORPH=empty
amainne	amener	VERcjg	MORPH=empty
le	le	DETdef	MORPH=empty
chevalier	chevalier	NOMcom	MORPH=empty
,	,	PONfbl	MORPH=empty
et	et	CONcoo	MORPH=empty
si	si	ADVgen	MORPH=empty
demainne	demener	VERcjg	MORPH=empty
li	le	DETdef	MORPH=empty
uns	un	PROind	MORPH=empty
a	a3	PRE	MORPH=empty
l'	le	DETdef	MORPH=empty
autre	autre	PROind	MORPH=empty
trop	trop	ADVgen	MORPH=empty
grant	grant	ADJqua	MORPH=empty
joie	joie	NOMcom	MORPH=empty
.	.	PONfrt	MORPH=empty
"	"	PONpxx	MORPH=empty
N'	ne1	ADVneg	MORPH=empty
i	i2	PROadv	MORPH=empty
a	avoir	VERcjg	MORPH=empty
nul	nul	PROind	MORPH=empty
qui	qui	PROrel	MORPH=empty
la	le	DETdef	MORPH=empty
novele	novele	NOMcom	MORPH=empty
oie	öir	VERcjg	MORPH=empty
qui	qui	PROrel	MORPH=empty
hors	hors	ADVgen	MORPH=empty
de	de	PRE	MORPH=empty
la	le	DETdef	MORPH=empty
tante	tente1	NOMcom	MORPH=empty
ne	ne1	ADVneg	MORPH=empty
saille	salir2	VERcjg	MORPH=empty
et	et	CONcoo	MORPH=empty
a	a3	PRE	MORPH=empty
l'	le	DETdef	MORPH=empty
ancontre	encontre2	NOMcom	MORPH=empty
ne	ne1	ADVneg	MORPH=empty
lor	il	PROper	MORPH=empty
aille	aler	VERcjg	MORPH=empty
,	,	PONfbl	MORPH=empty
et	et	CONcoo	MORPH=empty
Kex	Keu	NOMpro	MORPH=empty
dit	dire	VERcjg	MORPH=empty
au	a3+le	PRE.DETdef	MORPH=empty
roi	roi2	NOMcom	MORPH=empty
,	,	PONfbl	MORPH=empty
son	son4	DETpos	MORPH=empty
seignor	seignor	NOMcom	MORPH=empty
:	:	PONfbl	MORPH=empty
"	"	PONpxx	MORPH=empty
Or	or4	ADVgen	MORPH=empty
en	en2	PROadv	MORPH=empty
a	avoir	VERcjg	MORPH=empty
le	le	DETdef	MORPH=empty
pris	pris1	NOMcom	MORPH=empty
et	et	CONcoo	MORPH=empty
l'	le	DETdef	MORPH=empty
enor	onor	NOMcom	MORPH=empty
messire	seignor	NOMcom	MORPH=empty
Gauvains	Gauvain	NOMpro	MORPH=empty
,	,	PONfbl	MORPH=empty
vostre	vostre	DETpos	MORPH=empty
niés	nevo	NOMcom	MORPH=empty
.	.	PONfrt	MORPH=empty
Mout	mout	ADVgen	MORPH=empty
fu	estre1	VERcjg	MORPH=empty
or	or4	ADVgen	MORPH=empty
la	le	DETdef	MORPH=empty
bataille	bataille	NOMcom	MORPH=empty
griés	grief	ADJqua	MORPH=empty
et	et	CONcoo	MORPH=empty
perilleuse	perillos	ADJqua	MORPH=empty
sainnemant	sainement	ADVgen	MORPH=empty
,	,	PONfbl	MORPH=empty
que	que4	CONsub	MORPH=empty
tot	tot	ADVgen	MORPH=empty
ausi	aussi	ADVgen	MORPH=empty
heitieemant	haitieement	ADVgen	MORPH=empty
s'	soi1	PROper	MORPH=empty
an	en2	PROadv	MORPH=empty
retorne	retorner	VERcjg	MORPH=empty
com	come1	CONsub	MORPH=empty
il	il	PROper	MORPH=empty
i	i2	PROadv	MORPH=empty
mut	movoir	VERcjg	MORPH=empty
,	,	PONfbl	MORPH=empty
c'	que4	CONsub	MORPH=empty
onques	onque	ADVgen	MORPH=empty
d'	de	PRE	MORPH=empty
autrui	autrui	PROind	MORPH=empty
cop	coup1	NOMcom	MORPH=empty
ne	ne1	ADVneg	MORPH=empty
reçut	recevoir	VERcjg	MORPH=empty
n'	ne2	CONcoo	MORPH=empty
autres	autre	PROind	MORPH=empty
de	de	PRE	MORPH=empty
lui	il	PROper	MORPH=empty
cop	coup1	NOMcom	MORPH=empty
ne	ne1	ADVneg	MORPH=empty
santi	sentir	VERcjg	MORPH=empty
n'	ne2	CONcoo	MORPH=empty
onques	onque	ADVgen	MORPH=empty
de	de	PRE	MORPH=empty
rien	rien	PROind	MORPH=empty
ne	ne1	ADVneg	MORPH=empty
desmanti	desmentir	VERcjg	MORPH=empty
.	.	PONfrt	MORPH=empty
S'	si	ADVgen	MORPH=empty
est	estre1	VERcjg	MORPH=empty
droiz	droit	ADJqua	MORPH=empty
que	que4	CONsub	MORPH=empty
los	los1	NOMcom	MORPH=empty
et	et	CONcoo	MORPH=empty
pris	pris1	NOMcom	MORPH=empty
en	en2	PROadv	MORPH=empty
ait	avoir	VERcjg	MORPH=empty
,	,	PONfbl	MORPH=empty
si	si	ADVgen	MORPH=empty
dira	dire	VERcjg	MORPH=empty
l'	le	DETdef	MORPH=empty
an	on	PROind	MORPH=empty
or	or4	ADVgen	MORPH=empty
a	a3	PRE	MORPH=empty
ce	ce1	PROdem	MORPH=empty
fait	faire	VERcjg	MORPH=empty
dont	dont	PROrel	MORPH=empty
nos	nos1	PROper	MORPH=empty
dui	deus	ADJcar	MORPH=empty
autre	autre	ADJind	MORPH=empty
ne	ne1	ADVneg	MORPH=empty
poïsmes	pöoir	VERcjg	MORPH=empty
venir	venir	VERinf	MORPH=empty
a	a3	PRE	MORPH=empty
chief	chief1	NOMcom	MORPH=empty
,	,	PONfbl	MORPH=empty
si	si	ADVgen	MORPH=empty
i	i2	PROadv	MORPH=empty
meïsmes	metre2	VERcjg	MORPH=empty
toz	tot	DETind	MORPH=empty
noz	nostre	DETpos	MORPH=empty
pooirs	pöoir	VERinf	MORPH=empty
et	et	CONcoo	MORPH=empty
noz	nostre	DETpos	MORPH=empty
esforz	esforz2	NOMcom	MORPH=empty
.	.	PONfrt	MORPH=empty
"	"	PONpxx	MORPH=empty
Ensi	ainsi	ADVgen	MORPH=empty
dist	dire	VERcjg	MORPH=empty
Kex	Keu	NOMpro	MORPH=empty
,	,	PONfbl	MORPH=empty
fust	estre1	VERcjg	MORPH=empty
droiz	droit	ADJqua	MORPH=empty
ou	o3	CONcoo	MORPH=empty
torz	tort2	NOMcom	MORPH=empty
,	,	PONfbl	MORPH=empty
sa	son4	DETpos	MORPH=empty
volanté	volenté	NOMcom	MORPH=empty
si	si	ADVgen	MORPH=empty
com	come1	CONsub	MORPH=empty
il	il	PROimp	MORPH=empty
sialt	soloir	VERcjg	MORPH=empty
.	.	PONfrt	MORPH=empty
Et	et	CONcoo	MORPH=empty
messire	seignor	NOMcom	MORPH=empty
Gauvains	Gauvain	NOMpro	MORPH=empty
ne	ne1	ADVneg	MORPH=empty
vialt	voloir	VERcjg	MORPH=empty
mener	mener	VERinf	MORPH=empty
a	a3	PRE	MORPH=empty
cort	cort1	NOMcom	MORPH=empty
son	son4	DETpos	MORPH=empty
conpaignon	compagnon	NOMcom	MORPH=empty
armé	armer	VERppe	MORPH=empty
,	,	PONfbl	MORPH=empty
se	se	CONsub	MORPH=empty
tot	tot	ADVgen	MORPH=empty
desarmé	desarmer	VERppe	MORPH=empty
non	non	ADVneg	MORPH=empty
.	.	PONfrt	MORPH=empty
A	a3	PRE	MORPH=empty
son	son4	DETpos	MORPH=empty
tref	tref2	NOMcom	MORPH=empty
desarmer	desarmer	VERinf	MORPH=empty
le	il	PROper	MORPH=empty
fet	faire	VERcjg	MORPH=empty
,	,	PONfbl	MORPH=empty
et	et	CONcoo	MORPH=empty
uns	un	DETndf	MORPH=empty
suens	suen	ADJpos	MORPH=empty
chanberlains	chamberlenc	NOMcom	MORPH=empty
li	il	PROper	MORPH=empty
tret	traire	VERcjg	MORPH=empty
une	un	DETndf	MORPH=empty
robe	robe	NOMcom	MORPH=empty
fors	fors1	ADVgen	MORPH=empty
de	de	PRE	MORPH=empty
son	son4	DETpos	MORPH=empty
cofre	cofre	NOMcom	MORPH=empty
,	,	PONfbl	MORPH=empty
a	a3	PRE	MORPH=empty
vestir	vestir	VERinf	MORPH=empty
li	il	PROper	MORPH=empty
presante	presenter	VERcjg	MORPH=empty
et	et	CONcoo	MORPH=empty
ofre	ofrir	VERcjg	MORPH=empty
.	.	PONfrt	MORPH=empty
Qant	cant1	CONsub	MORPH=empty
fu	estre1	VERcjg	MORPH=empty
vestuz	vestir	VERppe	MORPH=empty
et	et	CONcoo	MORPH=empty
bien	bien1	ADVgen	MORPH=empty
et	et	CONcoo	MORPH=empty
bel	bel1	ADJqua	MORPH=empty
et	et	CONcoo	MORPH=empty
de	de	PRE	MORPH=empty
la	le	DETdef	MORPH=empty
cote	cote2	NOMcom	MORPH=empty
et	et	CONcoo	MORPH=empty
del	de+le	PRE.DETdef	MORPH=empty
mantel	mantel	NOMcom	MORPH=empty
,	,	PONfbl	MORPH=empty
qui	qui	PROrel	MORPH=empty
mout	mout	ADVgen	MORPH=empty
fu	estre1	VERcjg	MORPH=empty
bone	bon	ADJqua	MORPH=empty
et	et	CONcoo	MORPH=empty
bien	bien1	ADVgen	MORPH=empty
li	il	PROper	MORPH=empty
sist	sëoir	VERcjg	MORPH=empty
,	,	PONfbl	MORPH=empty
au	a3+le	PRE.DETdef	MORPH=empty
roi	roi2	NOMcom	MORPH=empty
qui	qui	PROrel	MORPH=empty
devant	devant	PRE	MORPH=empty
son	son4	DETpos	MORPH=empty
tref	tref2	NOMcom	MORPH=empty
sist	sëoir	VERcjg	MORPH=empty
s'	soi1	PROper	MORPH=empty
an	en2	PROadv	MORPH=empty
vienent	venir	VERcjg	MORPH=empty
andui	ambedos	PROcar	MORPH=empty
main	main2	NOMcom	MORPH=empty
a	a3	PRE	MORPH=empty
main	main2	NOMcom	MORPH=empty
.	.	PONfrt	MORPH=empty
"	"	PONpxx	MORPH=empty
Sire	seignor	NOMcom	MORPH=empty
,	,	PONfbl	MORPH=empty
sire	seignor	NOMcom	MORPH=empty
,	,	PONfbl	MORPH=empty
je	je	PROper	MORPH=empty
vos	vos	PROper	MORPH=empty
amain	amener	VERcjg	MORPH=empty
,	,	PONfbl	MORPH=empty
fet	faire	VERcjg	MORPH=empty
messire	seignor	NOMcom	MORPH=empty
Gauvains	Gauvain	NOMpro	MORPH=empty
au	a3+le	PRE.DETdef	MORPH=empty
roi	roi2	NOMcom	MORPH=empty
,	,	PONfbl	MORPH=empty
celui	cel	PROdem	MORPH=empty
que	que2	PROrel	MORPH=empty
vos	vos	PROper	MORPH=empty
,	,	PONfbl	MORPH=empty
si	si	ADVgen	MORPH=empty
con	come1	CONsub	MORPH=empty
je	je	PROper	MORPH=empty
croi	croire	VERcjg	MORPH=empty
,	,	PONfbl	MORPH=empty
veïssiez	vëoir	VERcjg	MORPH=empty
mout	mout	ADVgen	MORPH=empty
tres	très	ADVgen	MORPH=empty
volantiers	volentiers	ADVgen	MORPH=empty
,	,	PONfbl	MORPH=empty
passé	passer1	VERppe	MORPH=empty
a	avoir	VERcjg	MORPH=empty
.xv.	15	DETcar	MORPH=empty
jorz	jor	NOMcom	MORPH=empty
antiers	entier	ADJqua	MORPH=empty
.	.	PONfrt	MORPH=empty
C'	ce1	PROdem	MORPH=empty
est	estre1	VERcjg	MORPH=empty
cil	cel	PROdem	MORPH=empty
don	dont	PROrel	MORPH=empty
vos	vos	PROper	MORPH=empty
tant	tant	ADVgen	MORPH=empty
parleiez	parler	VERcjg	MORPH=empty
et	et	CONcoo	MORPH=empty
don	dont	PROrel	MORPH=empty
si	si	ADVgen	MORPH=empty
iriez	irier	ADJqua	MORPH=empty
esteiez	estre1	VERcjg	MORPH=empty
.	.	PONfrt	MORPH=empty
Ge	je	PROper	MORPH=empty
le	il	PROper	MORPH=empty
vos	vos	PROper	MORPH=empty
bail	baillier	VERcjg	MORPH=empty
,	,	PONfbl	MORPH=empty
veez	vëoir	VERcjg	MORPH=empty
le	il	PROper	MORPH=empty
ci	ci	ADVgen	MORPH=empty
.	.	PONfrt	MORPH=empty
Biax	bel1	ADJqua	MORPH=empty
niés	nevo	NOMcom	MORPH=empty
,	,	PONfbl	MORPH=empty
fet	faire	VERcjg	MORPH=empty
il	il	PROper	MORPH=empty
,	,	PONfbl	MORPH=empty
vostre	vostre	DETpos	MORPH=empty
merci	merci	NOMcom	MORPH=empty
"	"	PONpxx	MORPH=empty
,	,	PONfbl	MORPH=empty
fet	faire	VERcjg	MORPH=empty
li	le	DETdef	MORPH=empty
rois	roi2	NOMcom	MORPH=empty
,	,	PONfbl	MORPH=empty
qui	qui	PROrel	MORPH=empty
saut	salir2	VERcjg	MORPH=empty
maintenant	maintenant	ADVgen	MORPH=empty
ancontre	encontre1	PRE	MORPH=empty
lui	il	PROper	MORPH=empty
an	en1	PRE	MORPH=empty
son	son4	DETpos	MORPH=empty
estant	ester	VERppa	MORPH=empty
et	et	CONcoo	MORPH=empty
dit	dire	VERcjg	MORPH=empty
:	:	PONfbl	MORPH=empty
"	"	PONpxx	MORPH=empty
Biau	bel1	ADJqua	MORPH=empty
sire	seignor	NOMcom	MORPH=empty
,	,	PONfbl	MORPH=empty
bien	bien1	ADVgen	MORPH=empty
vaigniez	venir	VERcjg	MORPH=empty
!	!	PONfrt	MORPH=empty
Ge	je	PROper	MORPH=empty
vos	vos	PROper	MORPH=empty
pri	priier	VERcjg	MORPH=empty
que	que4	CONsub	MORPH=empty
vos	vos	PROper	MORPH=empty
m'	je	PROper	MORPH=empty
apraigniez	aprendre	VERcjg	MORPH=empty
comant	coment1	ADVsub	MORPH=empty
je	je	PROper	MORPH=empty
vos	vos	PROper	MORPH=empty
apelerai	apeler	VERcjg	MORPH=empty
.	.	PONfrt	MORPH=empty
Par	par	PRE	MORPH=empty
foi	foi	NOMcom	MORPH=empty
,	,	PONfbl	MORPH=empty
ja	ja	ADVgen	MORPH=empty
nel	ne1+il	ADVneg.PROper	MORPH=empty
vos	vos	PROper	MORPH=empty
celerai	celer1	VERcjg	MORPH=empty
,	,	PONfbl	MORPH=empty
fet	faire	VERcjg	MORPH=empty
Percevax	Perceval	NOMpro	MORPH=empty
,	,	PONfbl	MORPH=empty
biau	bel1	ADJqua	MORPH=empty
sire	seignor	NOMcom	MORPH=empty
rois	roi2	NOMcom	MORPH=empty
.	.	PONfrt	MORPH=empty
J'	je	PROper	MORPH=empty
ai	avoir	VERcjg	MORPH=empty
non	nom	NOMcom	MORPH=empty
Percevax	Perceval	NOMpro	MORPH=empty
li	le	DETdef	MORPH=empty
Galois	Galois	NOMpro	MORPH=empty
.	.	PONfrt	MORPH=empty
Ha	ha	INJ	MORPH=empty
!	!	PONfrt	MORPH=empty
Percevax	Perceval	NOMpro	MORPH=empty
,	,	PONfbl	MORPH=empty
biax	bel1	ADJqua	MORPH=empty
dolz	douz	ADJqua	MORPH=empty
amis	ami	NOMcom	MORPH=empty
,	,	PONfbl	MORPH=empty
qant	cant1	CONsub	MORPH=empty
an	en1	PRE	MORPH=empty
ma	mon1	DETpos	MORPH=empty
cort	cort1	NOMcom	MORPH=empty
vos	vos	PROper	MORPH=empty
estes	estre1	VERcjg	MORPH=empty
mis	metre2	VERppe	MORPH=empty
,	,	PONfbl	MORPH=empty
ja	ja	ADVgen	MORPH=empty
n'	ne1	ADVneg	MORPH=empty
an	en2	PROadv	MORPH=empty
departiroiz	departir	VERcjg	MORPH=empty
,	,	PONfbl	MORPH=empty
mon	mon1	DETpos	MORPH=empty
vuel	vuel	NOMcom	MORPH=empty
.	.	PONfrt	MORPH=empty
Mout	mout	ADVgen	MORPH=empty
ai	avoir	VERcjg	MORPH=empty
eü	avoir	VERppe	MORPH=empty
de	de	PRE	MORPH=empty
vos	vos	PROper	MORPH=empty
grant	grant	ADJqua	MORPH=empty
duel	duel	NOMcom	MORPH=empty
,	,	PONfbl	MORPH=empty
quant	cant1	CONsub	MORPH=empty
ge	je	PROper	MORPH=empty
vos	vos	PROper	MORPH=empty
vi	vëoir	VERcjg	MORPH=empty
premieremant	premierement	ADVgen	MORPH=empty
,	,	PONfbl	MORPH=empty
qant	cant1	CONsub	MORPH=empty
ge	je	PROper	MORPH=empty
ne	ne1	ADVneg	MORPH=empty
soi	savoir	VERcjg	MORPH=empty
l'	le	DETdef	MORPH=empty
amandemant	amendement	NOMcom	MORPH=empty
que	que2	PROrel	MORPH=empty
Dex	Dieu	NOMpro	MORPH=empty
vos	vos	PROper	MORPH=empty
avoit	avoir	VERcjg	MORPH=empty
destiné	destiner	VERppe	MORPH=empty
,	,	PONfbl	MORPH=empty
si	si	ADVgen	MORPH=empty
fu	estre1	VERcjg	MORPH=empty
il	il	PROper	MORPH=empty
mout	mout	ADVgen	MORPH=empty
bien	bien1	ADVgen	MORPH=empty
deviné	deviner	VERppe	MORPH=empty
si	si	ADVgen	MORPH=empty
que	que4	CONsub	MORPH=empty
tote	tot	DETind	MORPH=empty
la	le	DETdef	MORPH=empty
corz	cort1	NOMcom	MORPH=empty
le	il	PROper	MORPH=empty
sot	savoir	VERcjg	MORPH=empty
par	par	PRE	MORPH=empty
la	le	DETdef	MORPH=empty
pucele	pucele	NOMcom	MORPH=empty
et	et	CONcoo	MORPH=empty
par	par	PRE	MORPH=empty
le	le	DETdef	MORPH=empty
sot	sot	ADJqua	MORPH=empty
que	que2	PROrel	MORPH=empty
Kex	Keu	NOMpro	MORPH=empty
li	le	DETdef	MORPH=empty
seneschax	seneschal	NOMcom	MORPH=empty
feri	ferir	VERcjg	MORPH=empty
.	.	PONfrt	MORPH=empty
Vos	vos	PROper	MORPH=empty
avez	avoir	VERcjg	MORPH=empty
mout	mout	ADVgen	MORPH=empty
bien	bien1	ADVgen	MORPH=empty
averi	averir	VERppe	MORPH=empty
le	le	DETdef	MORPH=empty
devinal	devinail	NOMcom	MORPH=empty
del	de+le	PRE.DETdef	MORPH=empty
tot	tot	PROind	MORPH=empty
an	en1	PRE	MORPH=empty
tot	tot	PROind	MORPH=empty
,	,	PONfbl	MORPH=empty
de	de	PRE	MORPH=empty
ce	ce1	PROdem	MORPH=empty
n'	ne1	ADVneg	MORPH=empty
est	estre1	VERcjg	MORPH=empty
ores	or4	ADVgen	MORPH=empty
nul	nul	DETind	MORPH=empty
redot	redot	NOMcom	MORPH=empty
,	,	PONfbl	MORPH=empty
que	que4	CONcoo	MORPH=empty
de	de	PRE	MORPH=empty
vostre	vostre	DETpos	MORPH=empty
chevalerie	chevalerie	NOMcom	MORPH=empty
ai	avoir	VERcjg	MORPH=empty
veraie	verai	ADJqua	MORPH=empty
novele	novele	NOMcom	MORPH=empty
oïe	öir	VERppe	MORPH=empty
.	.	PONfrt	MORPH=empty
"	"	PONpxx	MORPH=empty
La	le	DETdef	MORPH=empty
reïne	röine1	NOMcom	MORPH=empty
vint	venir	VERcjg	MORPH=empty
a	a3	PRE	MORPH=empty
ce	ce2	DETdem	MORPH=empty
mot	mot	NOMcom	MORPH=empty
,	,	PONfbl	MORPH=empty
qui	qui	PROrel	MORPH=empty
la	le	DETdef	MORPH=empty
novele	novele	NOMcom	MORPH=empty
oïe	öir	VERppe	MORPH=empty
ot	avoir	VERcjg	MORPH=empty
de	de	PRE	MORPH=empty
celui	cel	PROdem	MORPH=empty
qui	qui	PROrel	MORPH=empty
venuz	venir	VERppe	MORPH=empty
estoit	estre1	VERcjg	MORPH=empty
.	.	PONfrt	MORPH=empty
Tantost	tantost	ADVgen	MORPH=empty
con	come1	CONsub	MORPH=empty
Percevax	Perceval	NOMpro	MORPH=empty
la	il	PROper	MORPH=empty
voit	vëoir	VERcjg	MORPH=empty
et	et	CONcoo	MORPH=empty
dit	dire	VERppe	MORPH=empty
li	il	PROper	MORPH=empty
fu	estre1	VERcjg	MORPH=empty
que	que4	CONsub	MORPH=empty
ce	ce1	PROdem	MORPH=empty
ert	estre1	VERcjg	MORPH=empty
ele	il	PROper	MORPH=empty
,	,	PONfbl	MORPH=empty
et	et	CONcoo	MORPH=empty
aprés	après	ADVgen	MORPH=empty
vint	venir	VERcjg	MORPH=empty
la	le	DETdef	MORPH=empty
dameisele	damoisele	NOMcom	MORPH=empty
qui	qui	PROrel	MORPH=empty
rist	rire	VERcjg	MORPH=empty
quant	cant1	CONsub	MORPH=empty
ele	il	PROper	MORPH=empty
l'	il	PROper	MORPH=empty
esgarda	esgarder	VERcjg	MORPH=empty
,	,	PONfbl	MORPH=empty
maintenant	maintenant	ADVgen	MORPH=empty
a	a3	PRE	MORPH=empty
l'	le	DETdef	MORPH=empty
ancontre	encontre2	NOMcom	MORPH=empty
ala	aler	VERcjg	MORPH=empty
et	et	CONcoo	MORPH=empty
dist	dire	VERcjg	MORPH=empty
:	:	PONfbl	MORPH=empty
"	"	PONpxx	MORPH=empty
Dex	Dieu	NOMpro	MORPH=empty
doint	doner	VERcjg	MORPH=empty
joie	joie	NOMcom	MORPH=empty
et	et	CONcoo	MORPH=empty
enor	onor	NOMcom	MORPH=empty
a	a3	PRE	MORPH=empty
la	le	DETdef	MORPH=empty
plus	plus	ADVgen	MORPH=empty
bele	bel1	ADJqua	MORPH=empty
,	,	PONfbl	MORPH=empty
a	a3	PRE	MORPH=empty
la	le	DETdef	MORPH=empty
mellor	meillor	ADJqua	MORPH=empty
de	de	PRE	MORPH=empty
totes	tot	DETind	MORPH=empty
les	le	DETdef	MORPH=empty
dames	dame	NOMcom	MORPH=empty
qui	qui	PROrel	MORPH=empty
soient	estre1	VERcjg	MORPH=empty
,	,	PONfbl	MORPH=empty
ce	ce1	PROdem	MORPH=empty
dïent	dire	VERcjg	MORPH=empty
tuit	tot	DETind	MORPH=empty
cil	cel	PROdem	MORPH=empty
qui	qui	PROrel	MORPH=empty
la	il	PROper	MORPH=empty
voient	vëoir	VERcjg	MORPH=empty
et	et	CONcoo	MORPH=empty
tuit	tot	DETind	MORPH=empty
cil	cel	PROdem	MORPH=empty
qui	qui	PROrel	MORPH=empty
veüe	vëoir	VERppe	MORPH=empty
l'	il	PROper	MORPH=empty
ont	avoir	VERcjg	MORPH=empty
.	.	PONfrt	MORPH=empty
"	"	PONpxx	MORPH=empty
Et	et	CONcoo	MORPH=empty
la	le	DETdef	MORPH=empty
reïne	röine1	NOMcom	MORPH=empty
li	il	PROper	MORPH=empty
respont	respondre1	VERcjg	MORPH=empty
:	:	PONfbl	MORPH=empty
"	"	PONpxx	MORPH=empty
Et	et	CONcoo	MORPH=empty
vos	vos	PROper	MORPH=empty
si	si	ADVgen	MORPH=empty
soiez	estre1	VERcjg	MORPH=empty
bien	bien1	ADVgen	MORPH=empty
trovez	trover	VERppe	MORPH=empty
,	,	PONfbl	MORPH=empty
come	come1	CONsub	MORPH=empty
chevaliers	chevalier	NOMcom	MORPH=empty
esprovez	esprover	VERppe	MORPH=empty
de	de	PRE	MORPH=empty
haute	haut	ADJqua	MORPH=empty
proesce	pröece	NOMcom	MORPH=empty
et	et	CONcoo	MORPH=empty
de	de	PRE	MORPH=empty
bele	bel1	ADJqua	MORPH=empty
!	!	PONfrt	MORPH=empty
"	"	PONpxx	MORPH=empty
Puis	puis	ADVgen	MORPH=empty
salue	salüer	VERcjg	MORPH=empty
la	le	DETdef	MORPH=empty
dameisele	damoisele	NOMcom	MORPH=empty
Percevax	Perceval	NOMpro	MORPH=empty
,	,	PONfbl	MORPH=empty
celi	cel	PROdem	MORPH=empty
qui	qui	PROrel	MORPH=empty
li	il	PROper	MORPH=empty
rist	rire	VERcjg	MORPH=empty
,	,	PONfbl	MORPH=empty
si	si	ADVgen	MORPH=empty
l'	il	PROper	MORPH=empty
acola	acoler	VERcjg	MORPH=empty
et	et	CONcoo	MORPH=empty
si	si	ADVgen	MORPH=empty
li	il	PROper	MORPH=empty
dist	dire	VERcjg	MORPH=empty
:	:	PONfbl	MORPH=empty
"	"	PONpxx	MORPH=empty
Bele	bel1	ADJqua	MORPH=empty
,	,	PONfbl	MORPH=empty
s'	se	CONsub	MORPH=empty
il	il	PROimp	MORPH=empty
vos	vos	PROper	MORPH=empty
estoit	estre1	VERcjg	MORPH=empty
mestiers	mestier	NOMcom	MORPH=empty
,	,	PONfbl	MORPH=empty
ge	je	PROper	MORPH=empty
seroie	estre1	VERcjg	MORPH=empty
li	le	DETdef	MORPH=empty
chevaliers	chevalier	NOMcom	MORPH=empty
qui	qui	PROrel	MORPH=empty
ja	ja	ADVgen	MORPH=empty
ne	ne1	ADVneg	MORPH=empty
vos	vos	PROper	MORPH=empty
faudroit	falir	VERcjg	MORPH=empty
d'	de	PRE	MORPH=empty
aïe	äie	NOMcom	MORPH=empty
.	.	PONfrt	MORPH=empty
"	"	PONpxx	MORPH=empty
Et	et	CONcoo	MORPH=empty
la	le	DETdef	MORPH=empty
pucele	pucele	NOMcom	MORPH=empty
l'	il	PROper	MORPH=empty
an	en2	PROadv	MORPH=empty
mercie	mercïer	VERcjg	MORPH=empty
.	.	PONfrt	MORPH=empty
Granz	grant	ADJqua	MORPH=empty
fu	estre1	VERcjg	MORPH=empty
la	le	DETdef	MORPH=empty
joie	joie	NOMcom	MORPH=empty
que	que2	PROrel	MORPH=empty
li	le	DETdef	MORPH=empty
rois	roi2	NOMcom	MORPH=empty
fist	faire	VERcjg	MORPH=empty
de	de	PRE	MORPH=empty
Perceval	Perceval	NOMpro	MORPH=empty
le	le	DETdef	MORPH=empty
Galois	Galois	NOMpro	MORPH=empty
,	,	PONfbl	MORPH=empty
et	et	CONcoo	MORPH=empty
la	le	DETdef	MORPH=empty
reïne	röine1	NOMcom	MORPH=empty
et	et	CONcoo	MORPH=empty
li	le	DETdef	MORPH=empty
baron	baron	NOMcom	MORPH=empty
,	,	PONfbl	MORPH=empty
qui	qui	PROrel	MORPH=empty
l'	il	PROper	MORPH=empty
an	en2	PROadv	MORPH=empty
mainnent	mener	VERcjg	MORPH=empty
a	a3	PRE	MORPH=empty
Carlion	Carlïon	NOMpro	MORPH=empty
,	,	PONfbl	MORPH=empty
que	que4	CONcoo	MORPH=empty
la	le	DETdef	MORPH=empty
nuit	nuit	NOMcom	MORPH=empty
retorné	retorner	VERppe	MORPH=empty
i	i2	PROadv	MORPH=empty
sont	estre1	VERcjg	MORPH=empty
.	.	PONfrt	MORPH=empty
Et	et	CONcoo	MORPH=empty
tote	tot	DETind	MORPH=empty
nuit	nuit	NOMcom	MORPH=empty
grant	grant	ADJqua	MORPH=empty
joie	joie	NOMcom	MORPH=empty
font	faire	VERcjg	MORPH=empty
,	,	PONfbl	MORPH=empty
et	et	CONcoo	MORPH=empty
l'	le	DETdef	MORPH=empty
andemain	endemain	NOMcom	MORPH=empty
autel	autel1	PROind	MORPH=empty
refirent	refaire2	VERcjg	MORPH=empty
jusqu'	jusque	PRE	MORPH=empty
au	a3+le	PRE.DETdef	MORPH=empty
tierz	tierz	ADJord	MORPH=empty
jor	jor	NOMcom	MORPH=empty
que	que2	PROrel	MORPH=empty
il	il	PROper	MORPH=empty
i	i2	PROadv	MORPH=empty
virent	vëoir	VERcjg	MORPH=empty
une	un	DETndf	MORPH=empty
dameisele	damoisele	NOMcom	MORPH=empty
qui	qui	PROrel	MORPH=empty
vint	venir	VERcjg	MORPH=empty
sor	sor2	PRE	MORPH=empty
une	un	DETndf	MORPH=empty
mule	mule5	NOMcom	MORPH=empty
fauve	fauve	ADJqua	MORPH=empty
,	,	PONfbl	MORPH=empty
et	et	CONcoo	MORPH=empty
tint	tenir1	VERcjg	MORPH=empty
an	en1	PRE	MORPH=empty
sa	son4	DETpos	MORPH=empty
main	main2	NOMcom	MORPH=empty
destre	destre	ADJqua	MORPH=empty
une	un	DETndf	MORPH=empty
escorgiee	escorgiee	NOMcom	MORPH=empty
.	.	PONfrt	MORPH=empty
La	le	DETdef	MORPH=empty
dameisele	damoisele	NOMcom	MORPH=empty
fu	estre1	VERcjg	MORPH=empty
treciee	trecier2	VERppe	MORPH=empty
a	a3	PRE	MORPH=empty
.ii.	2	DETcar	MORPH=empty
treces	trece	NOMcom	MORPH=empty
grosses	gros	ADJqua	MORPH=empty
et	et	CONcoo	MORPH=empty
noires	noir	ADJqua	MORPH=empty
,	,	PONfbl	MORPH=empty
et	et	CONcoo	MORPH=empty
,	,	PONfbl	MORPH=empty
se	se	CONsub	MORPH=empty
les	le	DETdef	MORPH=empty
paroles	parole	NOMcom	MORPH=empty
sont	estre1	VERcjg	MORPH=empty
voires	voir	ADJqua	MORPH=empty
tex	tel	ADJind	MORPH=empty
con	come1	CONsub	MORPH=empty
li	le	DETdef	MORPH=empty
livres	livre2	NOMcom	MORPH=empty
les	il	PROper	MORPH=empty
devise	deviser	VERcjg	MORPH=empty
,	,	PONfbl	MORPH=empty
onques	onque	ADVgen	MORPH=empty
riens	rien	NOMcom	MORPH=empty
si	si	ADVgen	MORPH=empty
leide	lait1	ADJqua	MORPH=empty
a	a3	PRE	MORPH=empty
devise	devise	NOMcom	MORPH=empty
ne	ne1	ADVneg	MORPH=empty
fu	estre1	VERcjg	MORPH=empty
neïs	nëis	ADVgen	MORPH=empty
dedanz	dedenz	PRE	MORPH=empty
anfer	enfer	NOMcom	MORPH=empty
.	.	PONfrt	MORPH=empty
Einz	ainc	ADVgen	MORPH=empty
ne	ne1	ADVneg	MORPH=empty
veïstes	vëoir	VERcjg	MORPH=empty
si	si	ADVgen	MORPH=empty
noir	noir	ADJqua	MORPH=empty
fer	fer	NOMcom	MORPH=empty
con	come1	CONsub	MORPH=empty
ele	il	PROper	MORPH=empty
ot	avoir	VERcjg	MORPH=empty
le	le	DETdef	MORPH=empty
col	col	NOMcom	MORPH=empty
et	et	CONcoo	MORPH=empty
les	le	DETdef	MORPH=empty
mains	main2	NOMcom	MORPH=empty
,	,	PONfbl	MORPH=empty
et	et	CONcoo	MORPH=empty
ancores	encore	ADVgen	MORPH=empty
fu	estre1	VERcjg	MORPH=empty
ce	ce1	PROdem	MORPH=empty
del	de+le	PRE.DETdef	MORPH=empty
mains	moins	ADVgen	MORPH=empty
a	a3	PRE	MORPH=empty
l'	le	DETdef	MORPH=empty
autre	autre	ADJind	MORPH=empty
leidure	laidure	NOMcom	MORPH=empty
qu'	que2	PROrel	MORPH=empty
ele	il	PROper	MORPH=empty
ot	avoir	VERcjg	MORPH=empty
.	.	PONfrt	MORPH=empty
Si	son4	DETpos	MORPH=empty
oel	ueil	NOMcom	MORPH=empty
estoient	estre1	VERcjg	MORPH=empty
con	come1	CONsub	MORPH=empty
dui	deus	DETcar	MORPH=empty
crot	crot	NOMcom	MORPH=empty
,	,	PONfbl	MORPH=empty
petit	petit	ADJqua	MORPH=empty
ausi	aussi	ADVgen	MORPH=empty
come	come1	CONsub	MORPH=empty
de	de	PRE	MORPH=empty
rat	rat1	NOMcom	MORPH=empty
;	;	PONfbl	MORPH=empty
s'	si	ADVgen	MORPH=empty
ot	avoir	VERcjg	MORPH=empty
nes	nés	NOMcom	MORPH=empty
de	de	PRE	MORPH=empty
singe	singe	NOMcom	MORPH=empty
ou	o3	CONcoo	MORPH=empty
de	de	PRE	MORPH=empty
chat	chat	NOMcom	MORPH=empty
et	et	CONcoo	MORPH=empty
oroilles	oreille	NOMcom	MORPH=empty
d'	de	PRE	MORPH=empty
asne	asne	NOMcom	MORPH=empty
ou	o3	CONcoo	MORPH=empty
de	de	PRE	MORPH=empty
buef	buef	NOMcom	MORPH=empty
.	.	PONfrt	MORPH=empty
Si	son4	DETpos	MORPH=empty
dant	dent2	NOMcom	MORPH=empty
resanblent	resembler	VERcjg	MORPH=empty
moël	moiuel1	NOMcom	MORPH=empty
d'	de	PRE	MORPH=empty
uef	uef	NOMcom	MORPH=empty
de	de	PRE	MORPH=empty
color	color	NOMcom	MORPH=empty
,	,	PONfbl	MORPH=empty
si	si	ADVgen	MORPH=empty
estoient	estre1	VERcjg	MORPH=empty
ros	ros3	ADJqua	MORPH=empty
,	,	PONfbl	MORPH=empty
et	et	CONcoo	MORPH=empty
si	si	ADVgen	MORPH=empty
ot	avoir	VERcjg	MORPH=empty
barbe	barbe	NOMcom	MORPH=empty
come	come1	CONsub	MORPH=empty
los	lou	NOMcom	MORPH=empty
.	.	PONfrt	MORPH=empty
Enmi	enmi	PRE	MORPH=empty
le	le	DETdef	MORPH=empty
piz	piz	NOMcom	MORPH=empty
ot	avoir	VERcjg	MORPH=empty
une	un	DETndf	MORPH=empty
boce	boce1	NOMcom	MORPH=empty
,	,	PONfbl	MORPH=empty
devers	devers	PRE	MORPH=empty
l'	le	DETdef	MORPH=empty
eschine	eschine	NOMcom	MORPH=empty
sanble	sembler	VERcjg	MORPH=empty
croce	croce	NOMcom	MORPH=empty
,	,	PONfbl	MORPH=empty
et	et	CONcoo	MORPH=empty
ot	avoir	VERcjg	MORPH=empty
les	le	DETdef	MORPH=empty
rains	rein	NOMcom	MORPH=empty
et	et	CONcoo	MORPH=empty
les	le	DETdef	MORPH=empty
espaules	espaule	NOMcom	MORPH=empty
trop	trop	ADVgen	MORPH=empty
bien	bien1	ADVgen	MORPH=empty
fetes	faire	VERcjg	MORPH=empty
por	por2	PRE	MORPH=empty
mener	mener	VERinf	MORPH=empty
baules	baule	NOMcom	MORPH=empty
;	;	PONfbl	MORPH=empty
s'	si	ADVgen	MORPH=empty
ot	avoir	VERcjg	MORPH=empty
boce	boce1	NOMcom	MORPH=empty
el	en1+le	PRE.DETdef	MORPH=empty
dos	dos	NOMcom	MORPH=empty
et	et	CONcoo	MORPH=empty
james	jambe	NOMcom	MORPH=empty
tortes	tort1	ADJqua	MORPH=empty
qui	qui	PROrel	MORPH=empty
vont	aler	VERcjg	MORPH=empty
ausi	aussi	ADVgen	MORPH=empty
con	come1	CONsub	MORPH=empty
.ii.	2	DETcar	MORPH=empty
reortes	rëorte	NOMcom	MORPH=empty
.	.	PONfrt	MORPH=empty
Bien	bien1	ADVgen	MORPH=empty
fu	estre1	VERcjg	MORPH=empty
fete	faire	VERppe	MORPH=empty
por	por2	PRE	MORPH=empty
mener	mener	VERinf	MORPH=empty
dance	dance	NOMcom	MORPH=empty
.	.	PONfrt	MORPH=empty
Devant	devant	PRE	MORPH=empty
le	le	DETdef	MORPH=empty
chevalier	chevalier	NOMcom	MORPH=empty
se	soi1	PROper	MORPH=empty
lance	lancier3	VERcjg	MORPH=empty
la	le	DETdef	MORPH=empty
dameisele	damoisele	NOMcom	MORPH=empty
sor	sor2	PRE	MORPH=empty
la	le	DETdef	MORPH=empty
mule	mule5	NOMcom	MORPH=empty
,	,	PONfbl	MORPH=empty
einz	ainc	ADVgen	MORPH=empty
mes	mais1	ADVgen	MORPH=empty
tex	tel	ADJind	MORPH=empty
dameisele	damoisele	NOMcom	MORPH=empty
nule	nul	ADJind	MORPH=empty
ne	ne1	ADVneg	MORPH=empty
fu	estre1	VERcjg	MORPH=empty
a	a3	PRE	MORPH=empty
cort	cort1	NOMcom	MORPH=empty
de	de	PRE	MORPH=empty
roi	roi2	NOMcom	MORPH=empty
veüe	vëoir	VERppe	MORPH=empty
.	.	PONfrt	MORPH=empty
Le	le	DETdef	MORPH=empty
roi	roi2	NOMcom	MORPH=empty
et	et	CONcoo	MORPH=empty
les	le	DETdef	MORPH=empty
barons	baron	NOMcom	MORPH=empty
salue	salüer	VERcjg	MORPH=empty
toz	tot	PROind	MORPH=empty
ansanble	ensemble	ADVgen	MORPH=empty
comunemant	comunement	ADVgen	MORPH=empty
,	,	PONfbl	MORPH=empty
fors	fors1	PRE	MORPH=empty
Perceval	Perceval	NOMpro	MORPH=empty
tant	tant	ADVgen	MORPH=empty
solemant	solement2	ADVgen	MORPH=empty
,	,	PONfbl	MORPH=empty
et	et	CONcoo	MORPH=empty
dist	dire	VERcjg	MORPH=empty
desor	desor	PRE	MORPH=empty
la	le	DETdef	MORPH=empty
mule	mule5	NOMcom	MORPH=empty
fauve	fauve	ADJqua	MORPH=empty
:	:	PONfbl	MORPH=empty
"	"	PONpxx	MORPH=empty
Ha	ha	INJ	MORPH=empty
!	!	PONfrt	MORPH=empty
Percevax	Perceval	NOMpro	MORPH=empty
,	,	PONfbl	MORPH=empty
Fortune	fortune	NOMcom	MORPH=empty
est	estre1	VERcjg	MORPH=empty
chauve	chauf	ADJqua	MORPH=empty
derriers	derrier(e)	ADVgen	MORPH=empty
et	et	CONcoo	MORPH=empty
devant	devant	ADVgen	MORPH=empty
chevelue	chevelu	ADJqua	MORPH=empty
.	.	PONfrt	MORPH=empty
Et	et	CONcoo	MORPH=empty
dahez	dehé	NOMcom	MORPH=empty
ait	avoir	VERcjg	MORPH=empty
qui	qui	PROrel	MORPH=empty
te	tu	PROper	MORPH=empty
salue	salüer	VERcjg	MORPH=empty
et	et	CONcoo	MORPH=empty
qui	qui	PROrel	MORPH=empty
nul	nul	DETind	MORPH=empty
bien	bien2	NOMcom	MORPH=empty
t'	tu	PROper	MORPH=empty
ore	orer2	VERcjg	MORPH=empty
et	et	CONcoo	MORPH=empty
te	tu	PROper	MORPH=empty
prie	priier	VERcjg	MORPH=empty
,	,	PONfbl	MORPH=empty
que	que4	CONsub	MORPH=empty
tu	tu	PROper	MORPH=empty
ne	ne1	ADVneg	MORPH=empty
la	il	PROper	MORPH=empty
retenis	retenir	VERcjg	MORPH=empty
mie	mie	ADVneg	MORPH=empty
,	,	PONfbl	MORPH=empty
Fortune	fortune	NOMcom	MORPH=empty
,	,	PONfbl	MORPH=empty
quant	cant1	CONsub	MORPH=empty
tu	tu	PROper	MORPH=empty
la	il	PROper	MORPH=empty
trovas	trover	VERcjg	MORPH=empty
!	!	PONfrt	MORPH=empty
Chiés	chiés	PRE	MORPH=empty
le	le	DETdef	MORPH=empty
Roi	roi2	NOMcom	MORPH=empty
Pescheor	peschëor	NOMcom	MORPH=empty
alas	aler	VERcjg	MORPH=empty
,	,	PONfbl	MORPH=empty
si	si	ADVgen	MORPH=empty
veïs	vëoir	VERcjg	MORPH=empty
la	le	DETdef	MORPH=empty
lance	lance	NOMcom	MORPH=empty
qui	qui	PROrel	MORPH=empty
sainne	saignier	VERcjg	MORPH=empty
,	,	PONfbl	MORPH=empty
et	et	CONcoo	MORPH=empty
si	si	ADVgen	MORPH=empty
te	tu	PROper	MORPH=empty
fu	estre1	VERcjg	MORPH=empty
lors	lors	ADVgen	MORPH=empty
si	si	ADVgen	MORPH=empty
grant	grant	ADJqua	MORPH=empty
painne	peine	NOMcom	MORPH=empty
d'	de	PRE	MORPH=empty
ovrir	ovrir	VERinf	MORPH=empty
ta	ton4	DETpos	MORPH=empty
boche	boche	NOMcom	MORPH=empty
et	et	CONcoo	MORPH=empty
de	de	PRE	MORPH=empty
parler	parler	VERinf	MORPH=empty
que	que4	CONsub	MORPH=empty
tu	tu	PROper	MORPH=empty
ne	ne1	ADVneg	MORPH=empty
poïs	pöoir	VERcjg	MORPH=empty
demander	demander	VERinf	MORPH=empty
por	por2	PRE	MORPH=empty
coi	coi2	PROrel	MORPH=empty
cele	cel	DETdem	MORPH=empty
gote	gote	NOMcom	MORPH=empty
de	de	PRE	MORPH=empty
sanc	sanc	NOMcom	MORPH=empty
saut	salir2	VERcjg	MORPH=empty
par	par	PRE	MORPH=empty
la	le	DETdef	MORPH=empty
pointe	pointe	NOMcom	MORPH=empty
del	de+le	PRE.DETdef	MORPH=empty
fer	fer	NOMcom	MORPH=empty
blanc	blanc	ADJqua	MORPH=empty
!	!	PONfrt	MORPH=empty
Et	et	CONcoo	MORPH=empty
le	le	DETdef	MORPH=empty
graal	gräal	NOMcom	MORPH=empty
que	que2	PROrel	MORPH=empty
tu	tu	PROper	MORPH=empty
veïs	vëoir	VERcjg	MORPH=empty
,	,	PONfbl	MORPH=empty
ne	ne1	ADVneg	MORPH=empty
demandas	demander	VERcjg	MORPH=empty
ne	ne2	CONcoo	MORPH=empty
anqueïs	enquerre	VERcjg	MORPH=empty
quel	quel1	DETrel	MORPH=empty
riche	riche	ADJqua	MORPH=empty
home	ome	NOMcom	MORPH=empty
l'	le	DETdef	MORPH=empty
an	on	PROind	MORPH=empty
an	en2	PROadv	MORPH=empty
servoit	servir	VERcjg	MORPH=empty
.	.	PONfrt	MORPH=empty
Mout	mout	ADVgen	MORPH=empty
est	estre1	VERcjg	MORPH=empty
maleüreus	malëuros	ADJqua	MORPH=empty
qui	qui	PROrel	MORPH=empty
voit	vëoir	VERcjg	MORPH=empty
si	si	ADVgen	MORPH=empty
bel	bel1	ADJqua	MORPH=empty
tans	tens	NOMcom	MORPH=empty
que	que4	CONsub	MORPH=empty
plus	plus	ADVgen	MORPH=empty
ne	ne1	ADVneg	MORPH=empty
covaigne	covenir	VERcjg	MORPH=empty
,	,	PONfbl	MORPH=empty
si	si	ADVgen	MORPH=empty
atant	atendre	VERcjg	MORPH=empty
tant	tant	ADVgen	MORPH=empty
que	que4	CONsub	MORPH=empty
plus	plus	ADVgen	MORPH=empty
biax	bel1	ADJqua	MORPH=empty
vaigne	venir	VERcjg	MORPH=empty
.	.	PONfrt	MORPH=empty
Ce	ce1	PROdem	MORPH=empty
es	estre1	VERcjg	MORPH=empty
tu	tu	PROper	MORPH=empty
,	,	PONfbl	MORPH=empty
li	le	DETdef	MORPH=empty
maleüreus	malëuros	ADJqua	MORPH=empty
,	,	PONfbl	MORPH=empty
qui	qui	PROrel	MORPH=empty
veïs	vëoir	VERcjg	MORPH=empty
qu'	que4	CONsub	MORPH=empty
il	il	PROimp	MORPH=empty
fu	estre1	VERcjg	MORPH=empty
tans	tens	NOMcom	MORPH=empty
et	et	CONcoo	MORPH=empty
leus	lieu	NOMcom	MORPH=empty
de	de	PRE	MORPH=empty
parler	parler	VERinf	MORPH=empty
a	a3	PRE	MORPH=empty
lui	il	PROper	MORPH=empty
,	,	PONfbl	MORPH=empty
te	tu	PROper	MORPH=empty
taüs	taire	VERcjg	MORPH=empty
!	!	PONfrt	MORPH=empty
En	en1	PRE	MORPH=empty
mal	mal1	ADJqua	MORPH=empty
eür	ëur	NOMcom	MORPH=empty
fol	fol3	ADJqua	MORPH=empty
san	sen2	NOMcom	MORPH=empty
eüs	avoir	VERcjg	MORPH=empty
!	!	PONfrt	MORPH=empty
En	en1	PRE	MORPH=empty
mal	mal1	ADJqua	MORPH=empty
eür	ëur	NOMcom	MORPH=empty
tant	tant	ADVgen	MORPH=empty
te	tu	PROper	MORPH=empty
teüsses	taire	VERcjg	MORPH=empty
,	,	PONfbl	MORPH=empty
que	que4	CONsub	MORPH=empty
,	,	PONfbl	MORPH=empty
se	se	CONsub	MORPH=empty
tu	tu	PROper	MORPH=empty
demandé	demander	VERcjg	MORPH=empty
eüsses	avoir	VERcjg	MORPH=empty
,	,	PONfbl	MORPH=empty
li	le	DETdef	MORPH=empty
riches	riche	ADJqua	MORPH=empty
rois	roi2	NOMcom	MORPH=empty
qui	qui	PROrel	MORPH=empty
si	si	ADVgen	MORPH=empty
s'	soi1	PROper	MORPH=empty
esmaie	esmaiier	VERcjg	MORPH=empty
fust	estre1	VERcjg	MORPH=empty
ores	or4	ADVgen	MORPH=empty
gariz	garir	VERppe	MORPH=empty
de	de	PRE	MORPH=empty
sa	son4	DETpos	MORPH=empty
plaie	plaie1	NOMcom	MORPH=empty
et	et	CONcoo	MORPH=empty
si	si	ADVgen	MORPH=empty
tenist	tenir1	VERcjg	MORPH=empty
sa	son4	DETpos	MORPH=empty
terre	terre	NOMcom	MORPH=empty
an	en1	PRE	MORPH=empty
pes	pais	NOMcom	MORPH=empty
,	,	PONfbl	MORPH=empty
dom	dont	PROrel	MORPH=empty
il	il	PROper	MORPH=empty
ne	ne1	ADVneg	MORPH=empty
tanra	tenir1	VERcjg	MORPH=empty
point	point	ADVneg	MORPH=empty
ja	ja	ADVgen	MORPH=empty
mes	mais1	ADVgen	MORPH=empty
.	.	PONfrt	MORPH=empty
Et	et	CONcoo	MORPH=empty
sez	savoir	VERcjg	MORPH=empty
tu	tu	PROper	MORPH=empty
qu'	que2	PROrel	MORPH=empty
il	il	PROper	MORPH=empty
an	en2	PROadv	MORPH=empty
avandra	avenant	VERcjg	MORPH=empty
del	de+le	PRE.DETdef	MORPH=empty
roi	roi2	NOMcom	MORPH=empty
qui	qui	PROrel	MORPH=empty
terre	terre	NOMcom	MORPH=empty
ne	ne1	ADVneg	MORPH=empty
tandra	tenir1	VERcjg	MORPH=empty
,	,	PONfbl	MORPH=empty
qui	qui	PROrel	MORPH=empty
n'	ne1	ADVneg	MORPH=empty
est	estre1	VERcjg	MORPH=empty
de	de	PRE	MORPH=empty
ses	son4	DETpos	MORPH=empty
plaies	plaie1	NOMcom	MORPH=empty
gariz	garir	VERppe	MORPH=empty
?	?	PONfrt	MORPH=empty
Dames	dame	NOMcom	MORPH=empty
an	en2	PROadv	MORPH=empty
perdront	perdre	VERcjg	MORPH=empty
lor	lor2	DETpos	MORPH=empty
mariz	mari	NOMcom	MORPH=empty
,	,	PONfbl	MORPH=empty
terres	terre	NOMcom	MORPH=empty
an	en2	PROadv	MORPH=empty
seront	estre1	VERcjg	MORPH=empty
essilliees	essillier	VERppe	MORPH=empty
et	et	CONcoo	MORPH=empty
puceles	pucele	NOMcom	MORPH=empty
desconselliees	desconseillier	VERppe	MORPH=empty
,	,	PONfbl	MORPH=empty
qui	qui	PROrel	MORPH=empty
orfelines	orfenin	ADJqua	MORPH=empty
remandront	remanoir	VERcjg	MORPH=empty
,	,	PONfbl	MORPH=empty
et	et	CONcoo	MORPH=empty
maint	maint	DETind	MORPH=empty
chevalier	chevalier	NOMcom	MORPH=empty
an	en2	PROadv	MORPH=empty
morront	morir	VERcjg	MORPH=empty
,	,	PONfbl	MORPH=empty
et	et	CONcoo	MORPH=empty
tuit	tot	PROind	MORPH=empty
avront	avoir	VERcjg	MORPH=empty
le	le	DETdef	MORPH=empty
mal	mal1	NOMcom	MORPH=empty
par	par	PRE	MORPH=empty
toi	tu	PROper	MORPH=empty
.	.	PONfrt	MORPH=empty
"	"	PONpxx	MORPH=empty
Puis	puis	ADVgen	MORPH=empty
dist	dire	VERcjg	MORPH=empty
la	le	DETdef	MORPH=empty
dameisele	damoisele	NOMcom	MORPH=empty
au	a3+le	PRE.DETdef	MORPH=empty
roi	roi2	NOMcom	MORPH=empty
:	:	PONfbl	MORPH=empty
"	"	PONpxx	MORPH=empty
Rois	roi2	NOMcom	MORPH=empty
,	,	PONfbl	MORPH=empty
je	je	PROper	MORPH=empty
m'	je	PROper	MORPH=empty
an	en2	PROadv	MORPH=empty
vois	aler	VERcjg	MORPH=empty
,	,	PONfbl	MORPH=empty
ne	ne1	ADVneg	MORPH=empty
vos	vos	PROper	MORPH=empty
enuit	enoiier	VERcjg	MORPH=empty
.	.	PONfrt	MORPH=empty
Il	il	PROimp	MORPH=empty
me	je	PROper	MORPH=empty
covient	covenir	VERcjg	MORPH=empty
ancor	encore	ADVgen	MORPH=empty
enuit	anuit	ADVgen	MORPH=empty
mon	mon1	DETpos	MORPH=empty
ostel	ostel	NOMcom	MORPH=empty
prandre	prendre	VERinf	MORPH=empty
loing	loing	ADVgen	MORPH=empty
de	de	PRE	MORPH=empty
ci	ci	ADVgen	MORPH=empty
.	.	PONfrt	MORPH=empty
Ne	ne1	ADVneg	MORPH=empty
sai	savoir	VERcjg	MORPH=empty
se	se	CONsub	MORPH=empty
vos	vos	PROper	MORPH=empty
avez	avoir	VERcjg	MORPH=empty
oï	öir	VERppe	MORPH=empty
del	de+le	PRE.DETdef	MORPH=empty
Chastel	chastel	NOMcom	MORPH=empty
Orguelleus	orgoillos	ADJqua	MORPH=empty
parler	parler	VERinf	MORPH=empty
,	,	PONfbl	MORPH=empty
mes	mais1	CONcoo	MORPH=empty
il	il	PROimp	MORPH=empty
m'	je	PROper	MORPH=empty
i	i2	PROadv	MORPH=empty
covient	covenir	VERcjg	MORPH=empty
a	a3	PRE	MORPH=empty
aler	aler	VERinf	MORPH=empty
.	.	PONfrt	MORPH=empty
El	en1+le	PRE.DETdef	MORPH=empty
chastel	chastel	NOMcom	MORPH=empty
chevaliers	chevalier	NOMcom	MORPH=empty
de	de	PRE	MORPH=empty
pris	pris1	NOMcom	MORPH=empty
a	avoir	VERcjg	MORPH=empty
.v.	5	PROcar	MORPH=empty
.c.	100	PROcar	MORPH=empty
et	et	CONcoo	MORPH=empty
sissante	soissante	PROcar	MORPH=empty
et	et	CONcoo	MORPH=empty
sis	sis2	PROcar	MORPH=empty
,	,	PONfbl	MORPH=empty
et	et	CONcoo	MORPH=empty
sachiez	savoir	VERcjg	MORPH=empty
qu'	que4	CONsub	MORPH=empty
il	il	PROimp	MORPH=empty
n'	ne1	ADVneg	MORPH=empty
i	i2	PROadv	MORPH=empty
a	avoir	VERcjg	MORPH=empty
celui	cel	PROdem	MORPH=empty
qui	qui	PROrel	MORPH=empty
n'	ne1	ADVneg	MORPH=empty
ait	avoir	VERcjg	MORPH=empty
s'	son4	DETpos	MORPH=empty
amie	ami	NOMcom	MORPH=empty
avoeques	avuec	PRE	MORPH=empty
lui	il	PROper	MORPH=empty
,	,	PONfbl	MORPH=empty
gentil	gentil	ADJqua	MORPH=empty
dame	dame	NOMcom	MORPH=empty
cortoise	cortois	ADJqua	MORPH=empty
et	et	CONcoo	MORPH=empty
bele	bel1	ADJqua	MORPH=empty
.	.	PONfrt	MORPH=empty
Por	por2	PRE	MORPH=empty
ce	ce1	PROdem	MORPH=empty
vos	vos	PROper	MORPH=empty
an	en2	PROadv	MORPH=empty
di	dire	VERcjg	MORPH=empty
la	le	DETdef	MORPH=empty
novele	novele	NOMcom	MORPH=empty
que	que4	CONsub	MORPH=empty
la	là	ADVgen	MORPH=empty
ne	ne1	ADVneg	MORPH=empty
faut	falir	VERcjg	MORPH=empty
nus	nul	PROind	MORPH=empty
qui	qui	PROrel	MORPH=empty
i	i2	PROadv	MORPH=empty
aille	aler	VERcjg	MORPH=empty
qu'	que4	CONsub	MORPH=empty
il	il	PROper	MORPH=empty
n'	ne1	ADVneg	MORPH=empty
i	i2	PROadv	MORPH=empty
truisse	trover	VERcjg	MORPH=empty
joste	joste2	NOMcom	MORPH=empty
ou	o3	CONcoo	MORPH=empty
bataille	bataille	NOMcom	MORPH=empty
,	,	PONfbl	MORPH=empty
s'	se	CONsub	MORPH=empty
il	il	PROper	MORPH=empty
vialt	voloir	VERcjg	MORPH=empty
fere	faire	VERinf	MORPH=empty
chevalerie	chevalerie	NOMcom	MORPH=empty
.	.	PONfrt	MORPH=empty
S'	se	CONsub	MORPH=empty
il	il	PROper	MORPH=empty
la	il	PROper	MORPH=empty
requiert	requerre	VERcjg	MORPH=empty
,	,	PONfbl	MORPH=empty
il	il	PROimp	MORPH=empty
n'	ne1	ADVneg	MORPH=empty
i	i2	PROadv	MORPH=empty
faut	falir	VERcjg	MORPH=empty
mie	mie	ADVneg	MORPH=empty
.	.	PONfrt	MORPH=empty
Et	et	CONcoo	MORPH=empty
qui	qui	PROrel	MORPH=empty
voldroit	voloir	VERcjg	MORPH=empty
le	le	DETdef	MORPH=empty
pris	pris1	NOMcom	MORPH=empty
avoir	avoir	VERinf	MORPH=empty
de	de	PRE	MORPH=empty
tot	tot	DETind	MORPH=empty
le	le	DETdef	MORPH=empty
mont	monde1	NOMcom	MORPH=empty
,	,	PONfbl	MORPH=empty
ge	je	PROper	MORPH=empty
cuit	cuidier1	VERcjg	MORPH=empty
savoir	savoir	VERinf	MORPH=empty
le	le	DETdef	MORPH=empty
leu	lieu	NOMcom	MORPH=empty
et	et	CONcoo	MORPH=empty
la	le	DETdef	MORPH=empty
piece	piece	NOMcom	MORPH=empty
de	de	PRE	MORPH=empty
terre	terre	NOMcom	MORPH=empty
ou	où	PROrel	MORPH=empty
il	il	PROper	MORPH=empty
le	il	PROper	MORPH=empty
porroit	pöoir	VERcjg	MORPH=empty
mialz	mieus	ADVgen	MORPH=empty
conquerre	conquerre	VERinf	MORPH=empty
,	,	PONfbl	MORPH=empty
se	se	CONsub	MORPH=empty
il	il	PROper	MORPH=empty
estoit	estre1	VERcjg	MORPH=empty
qui	qui	PROrel	MORPH=empty
l'	il	PROper	MORPH=empty
osast	oser	VERcjg	MORPH=empty
fere	faire	VERinf	MORPH=empty
.	.	PONfrt	MORPH=empty
Au	a3+le	PRE.DETdef	MORPH=empty
pui	pui	NOMcom	MORPH=empty
qui	qui	PROrel	MORPH=empty
est	estre1	VERcjg	MORPH=empty
soz	soz	PRE	MORPH=empty
Montesclere	Montesclair	NOMpro	MORPH=empty
a	avoir	VERcjg	MORPH=empty
une	un	DETndf	MORPH=empty
dameisele	damoisele	NOMcom	MORPH=empty
assise	asseoir	VERppe	MORPH=empty
;	;	PONfbl	MORPH=empty
mout	mout	ADVgen	MORPH=empty
grant	grant	ADJqua	MORPH=empty
enor	onor	NOMcom	MORPH=empty
avroit	avoir	VERcjg	MORPH=empty
conquise	conquerre	VERppe	MORPH=empty
qui	qui	PROrel	MORPH=empty
le	le	DETdef	MORPH=empty
siege	siege	NOMcom	MORPH=empty
porroit	pöoir	VERcjg	MORPH=empty
oster	oster2	VERinf	MORPH=empty
et	et	CONcoo	MORPH=empty
la	le	DETdef	MORPH=empty
pucele	pucele	NOMcom	MORPH=empty
delivrer	delivrer	VERinf	MORPH=empty
.	.	PONfrt	MORPH=empty
Il	il	PROper	MORPH=empty
avroit	avoir	VERcjg	MORPH=empty
totes	tot	DETind	MORPH=empty
les	le	DETdef	MORPH=empty
loanges	löenge	NOMcom	MORPH=empty
et	et	CONcoo	MORPH=empty
l'	le	DETdef	MORPH=empty
Espee	espee	NOMcom	MORPH=empty
as	a3+le	PRE.DETdef	MORPH=empty
Estranges	estrange	ADJqua	MORPH=empty
Ranges	renge2	NOMcom	MORPH=empty
porroit	pöoir	VERcjg	MORPH=empty
ceindre	ceindre	VERinf	MORPH=empty
tot	tot	ADVgen	MORPH=empty
aseür	assëur	ADJqua	MORPH=empty
cui	cui	PROrel	MORPH=empty
Dex	Dieu	NOMpro	MORPH=empty
donroit	doner	VERcjg	MORPH=empty
si	si	ADVgen	MORPH=empty
boen	bon	ADJqua	MORPH=empty
eür	ëur	NOMcom	MORPH=empty
.	.	PONfrt	MORPH=empty
"	"	PONpxx	MORPH=empty
La	le	DETdef	MORPH=empty
dameisele	damoisele	NOMcom	MORPH=empty
atant	atant	ADVgen	MORPH=empty
se	soi1	PROper	MORPH=empty
tot	taire	VERcjg	MORPH=empty
,	,	PONfbl	MORPH=empty
qui	qui	PROrel	MORPH=empty
bien	bien1	ADVgen	MORPH=empty
ot	avoir	VERcjg	MORPH=empty
dit	dire	VERppe	MORPH=empty
ce	ce1	PROdem	MORPH=empty
que	que2	PROrel	MORPH=empty
li	il	PROper	MORPH=empty
plot	plaire	VERcjg	MORPH=empty
,	,	PONfbl	MORPH=empty
si	si	ADVgen	MORPH=empty
s'	soi1	PROper	MORPH=empty
an	en2	PROadv	MORPH=empty
parti	partir	VERcjg	MORPH=empty
sanz	sans	PRE	MORPH=empty
dire	dire	VERinf	MORPH=empty
plus	plus	ADVgen	MORPH=empty
.	.	PONfrt	MORPH=empty
Et	et	CONcoo	MORPH=empty
messire	seignor	NOMcom	MORPH=empty
Gauvains	Gauvain	NOMpro	MORPH=empty
saut	salir2	VERcjg	MORPH=empty
sus	sus	ADVgen	MORPH=empty
,	,	PONfbl	MORPH=empty
qui	qui	PROrel	MORPH=empty
dit	dire	VERcjg	MORPH=empty
que	que4	CONsub	MORPH=empty
son	son4	DETpos	MORPH=empty
pooir	pöoir	VERinf	MORPH=empty
fera	faire	VERcjg	MORPH=empty
de	de	PRE	MORPH=empty
li	il	PROper	MORPH=empty
rescorre	rescorre	VERinf	MORPH=empty
et	et	CONcoo	MORPH=empty
si	si	ADVgen	MORPH=empty
ira	aler	VERcjg	MORPH=empty
,	,	PONfbl	MORPH=empty
et	et	CONcoo	MORPH=empty
Guiflez	Girflet	NOMpro	MORPH=empty
,	,	PONfbl	MORPH=empty
li	le	DETdef	MORPH=empty
filz	fil2	NOMcom	MORPH=empty
Nut	Nut	NOMpro	MORPH=empty
,	,	PONfbl	MORPH=empty
redit	redire	VERcjg	MORPH=empty
qu'	que4	CONsub	MORPH=empty
il	il	PROper	MORPH=empty
ira	aler	VERcjg	MORPH=empty
,	,	PONfbl	MORPH=empty
se	se	CONsub	MORPH=empty
Dex	Dieu	NOMpro	MORPH=empty
li	il	PROper	MORPH=empty
aït	aidier	VERcjg	MORPH=empty
,	,	PONfbl	MORPH=empty
devant	devant	PRE	MORPH=empty
le	le	DETdef	MORPH=empty
Chastel	chastel	NOMcom	MORPH=empty
Orguilleus	orgoillos	ADJqua	MORPH=empty
.	.	PONfrt	MORPH=empty
"	"	PONpxx	MORPH=empty
Et	et	CONcoo	MORPH=empty
ge	je	PROper	MORPH=empty
sor	sor2	PRE	MORPH=empty
le	le	DETdef	MORPH=empty
Mont	mont	NOMcom	MORPH=empty
Perilleus	perillos	NOMpro	MORPH=empty
,	,	PONfbl	MORPH=empty
dist	dire	VERcjg	MORPH=empty
Kahedins	Kahedin	NOMpro	MORPH=empty
,	,	PONfbl	MORPH=empty
monter	monter	VERinf	MORPH=empty
irai	aler	VERcjg	MORPH=empty
et	et	CONcoo	MORPH=empty
jusque	jusque	PRE	MORPH=empty
la	là	ADVgen	MORPH=empty
ne	ne1	ADVneg	MORPH=empty
finerai	finer	VERcjg	MORPH=empty
.	.	PONfrt	MORPH=empty
"	"	PONpxx	MORPH=empty
Et	et	CONcoo	MORPH=empty
Percevax	Perceval	NOMpro	MORPH=empty
redit	redire	VERcjg	MORPH=empty
tot	tot	ADVgen	MORPH=empty
el	el1	PROind	MORPH=empty
,	,	PONfbl	MORPH=empty
qu'	que4	CONsub	MORPH=empty
il	il	PROper	MORPH=empty
ne	ne1	ADVneg	MORPH=empty
girra	jesir	VERcjg	MORPH=empty
an	en1	PRE	MORPH=empty
.i.	un	DETndf	MORPH=empty
ostel	ostel	NOMcom	MORPH=empty
.ii.	2	DETcar	MORPH=empty
nuiz	nuit	NOMcom	MORPH=empty
an	en1	PRE	MORPH=empty
trestot	trestot	DETind	MORPH=empty
son	son4	DETpos	MORPH=empty
aage	ëage	NOMcom	MORPH=empty
ne	ne2	CONcoo	MORPH=empty
n'	ne1	ADVneg	MORPH=empty
orra	öir	VERcjg	MORPH=empty
d'	de	PRE	MORPH=empty
estrange	estrange	ADJqua	MORPH=empty
passage	passage	NOMcom	MORPH=empty
noveles	novele	NOMcom	MORPH=empty
que	que4	CONsub	MORPH=empty
passer	passer1	VERinf	MORPH=empty
n'	ne1	ADVneg	MORPH=empty
i	i2	PROadv	MORPH=empty
aille	aler	VERcjg	MORPH=empty
,	,	PONfbl	MORPH=empty
ne	ne2	CONcoo	MORPH=empty
de	de	PRE	MORPH=empty
chevalier	chevalier	NOMcom	MORPH=empty
qui	qui	PROrel	MORPH=empty
mialz	mieus	ADVgen	MORPH=empty
vaille	valoir	VERcjg	MORPH=empty
qu'	que4	CONsub	MORPH=empty
altres	autre	DETind	MORPH=empty
chevaliers	chevalier	NOMcom	MORPH=empty
ne	ne2	CONcoo	MORPH=empty
que	que4	CONsub	MORPH=empty
dui	deus	PROcar	MORPH=empty
qu'	que4	CONsub	MORPH=empty
il	il	PROper	MORPH=empty
ne	ne1	ADVneg	MORPH=empty
s'	soi1	PROper	MORPH=empty
aille	aler	VERcjg	MORPH=empty
conbatre	combatre	VERinf	MORPH=empty
a	a3	PRE	MORPH=empty
lui	il	PROper	MORPH=empty
,	,	PONfbl	MORPH=empty
tant	tant	ADVgen	MORPH=empty
que	que4	CONsub	MORPH=empty
il	il	PROper	MORPH=empty
del	de+le	PRE.DETdef	MORPH=empty
graal	gräal	NOMcom	MORPH=empty
savra	savoir	VERcjg	MORPH=empty
cui	cui	PROrel	MORPH=empty
l'	le	DETdef	MORPH=empty
an	on	PROind	MORPH=empty
an	en2	PROadv	MORPH=empty
sert	servir	VERcjg	MORPH=empty
,	,	PONfbl	MORPH=empty
et	et	CONcoo	MORPH=empty
qu'	que4	CONsub	MORPH=empty
il	il	PROper	MORPH=empty
avra	avoir	VERcjg	MORPH=empty
la	le	DETdef	MORPH=empty
lance	lance	NOMcom	MORPH=empty
qui	qui	PROrel	MORPH=empty
sainne	saignier	VERcjg	MORPH=empty
trovee	trover	VERppe	MORPH=empty
,	,	PONfbl	MORPH=empty
si	si	ADVgen	MORPH=empty
que	que4	CONsub	MORPH=empty
la	le	DETdef	MORPH=empty
veritez	verité	NOMcom	MORPH=empty
provee	prover	VERppe	MORPH=empty
li	il	PROper	MORPH=empty
ert	estre1	VERcjg	MORPH=empty
dite	dire	VERppe	MORPH=empty
por	por2	PRE	MORPH=empty
qu'	que2	PROrel	MORPH=empty
ele	il	PROper	MORPH=empty
sainne	saignier	VERcjg	MORPH=empty
;	;	PONfbl	MORPH=empty
ja	ja	ADVgen	MORPH=empty
nel	ne1+il	ADVneg.PROper	MORPH=empty
leira	laiier2	VERcjg	MORPH=empty
por	por2	PRE	MORPH=empty
nule	nul	DETind	MORPH=empty
painne	peine	NOMcom	MORPH=empty
.	.	PONfrt	MORPH=empty
Ensinques	ainsi	ADVgen	MORPH=empty
bien	bien1	ADVgen	MORPH=empty
jusqu'	jusque	PRE	MORPH=empty
a	a3	PRE	MORPH=empty
cinquante	cincante	PROcar	MORPH=empty
an	en2	PROadv	MORPH=empty
sont	estre1	VERcjg	MORPH=empty
levé	lever	VERppe	MORPH=empty
,	,	PONfbl	MORPH=empty
et	et	CONcoo	MORPH=empty
si	si	ADVgen	MORPH=empty
creante	crëanter	VERcjg	MORPH=empty
li	le	DETdef	MORPH=empty
uns	un	PROind	MORPH=empty
a	a3	PRE	MORPH=empty
l'	le	DETdef	MORPH=empty
autre	autre	PROind	MORPH=empty
,	,	PONfbl	MORPH=empty
dit	dire	VERcjg	MORPH=empty
et	et	CONcoo	MORPH=empty
jure	jurer	VERcjg	MORPH=empty
que	que4	CONsub	MORPH=empty
bataille	bataille	NOMcom	MORPH=empty
ne	ne2	CONcoo	MORPH=empty
avanture	aventure	NOMcom	MORPH=empty
ne	ne1	ADVneg	MORPH=empty
savront	savoir	VERcjg	MORPH=empty
que	que2	PROrel	MORPH=empty
il	il	PROper	MORPH=empty
n'	ne1	ADVneg	MORPH=empty
aillent	aler	VERcjg	MORPH=empty
querre	querre	VERinf	MORPH=empty
,	,	PONfbl	MORPH=empty
tant	tant	ADVgen	MORPH=empty
soit	estre1	VERcjg	MORPH=empty
an	en1	PRE	MORPH=empty
felenesse	felon	ADJqua	MORPH=empty
terre	terre	NOMcom	MORPH=empty
.	.	PONfrt	MORPH=empty
Et	et	CONcoo	MORPH=empty
queque	que_que	PROrel	MORPH=empty
il	il	PROper	MORPH=empty
ensi	ainsi	ADVgen	MORPH=empty
parloient	parler	VERcjg	MORPH=empty
,	,	PONfbl	MORPH=empty
atant	atant	ADVgen	MORPH=empty
ez	ez	ADVgen	MORPH=empty
vos	vos	PROper	MORPH=empty
que	que4	CONsub	MORPH=empty
venir	venir	VERinf	MORPH=empty
voient	vëoir	VERcjg	MORPH=empty
Guinganbresil	Guinganbresil	NOMpro	MORPH=empty
parmi	parmi	PRE	MORPH=empty
la	le	DETdef	MORPH=empty
porte	porte1	NOMcom	MORPH=empty
de	de	PRE	MORPH=empty
la	le	DETdef	MORPH=empty
sale	sale1	NOMcom	MORPH=empty
,	,	PONfbl	MORPH=empty
et	et	CONcoo	MORPH=empty
si	si	ADVgen	MORPH=empty
aporte	aporter	VERcjg	MORPH=empty
.i.	un	DETndf	MORPH=empty
escu	escu	NOMcom	MORPH=empty
d'	de	PRE	MORPH=empty
or	or1	NOMcom	MORPH=empty
,	,	PONfbl	MORPH=empty
s'	si	ADVgen	MORPH=empty
ot	avoir	VERcjg	MORPH=empty
an	en1	PRE	MORPH=empty
l'	le	DETdef	MORPH=empty
escu	escu	NOMcom	MORPH=empty
une	un	DETndf	MORPH=empty
bande	bende	NOMcom	MORPH=empty
qui	qui	PROrel	MORPH=empty
d'	de	PRE	MORPH=empty
azur	asur	NOMcom	MORPH=empty
fu	estre1	VERcjg	MORPH=empty
.	.	PONfrt	MORPH=empty
Guinganbresil	Guinganbresil	NOMpro	MORPH=empty
le	le	DETdef	MORPH=empty
roi	roi2	NOMcom	MORPH=empty
conut	conoistre	VERcjg	MORPH=empty
,	,	PONfbl	MORPH=empty
sel	si+il	ADVgen.PROper	MORPH=empty
salua	salüer	VERcjg	MORPH=empty
si	si	ADVgen	MORPH=empty
con	come1	CONsub	MORPH=empty
il	il	PROper	MORPH=empty
dut	devoir	VERcjg	MORPH=empty
,	,	PONfbl	MORPH=empty
et	et	CONcoo	MORPH=empty
Gauvain	Gauvain	NOMpro	MORPH=empty
ne	ne1	ADVneg	MORPH=empty
salua	salüer	VERcjg	MORPH=empty
mie	mie	ADVneg	MORPH=empty
,	,	PONfbl	MORPH=empty
einz	ainz	ADVgen	MORPH=empty
l'	il	PROper	MORPH=empty
apele	apeler	VERcjg	MORPH=empty
de	de	PRE	MORPH=empty
felenie	felonie	NOMcom	MORPH=empty
et	et	CONcoo	MORPH=empty
dit	dire	VERcjg	MORPH=empty
:	:	PONfbl	MORPH=empty
"	"	PONpxx	MORPH=empty
Gauvains	Gauvain	NOMpro	MORPH=empty
,	,	PONfbl	MORPH=empty
tu	tu	PROper	MORPH=empty
oceïs	ocire	VERcjg	MORPH=empty
mon	mon1	DETpos	MORPH=empty
seignor	seignor	NOMcom	MORPH=empty
et	et	CONcoo	MORPH=empty
si	si	ADVgen	MORPH=empty
le	il	PROper	MORPH=empty
feris	ferir	VERcjg	MORPH=empty
si	si	ADVgen	MORPH=empty
c'	que4	CONsub	MORPH=empty
onques	onque	ADVgen	MORPH=empty
ne	ne1	ADVneg	MORPH=empty
l'	il	PROper	MORPH=empty
areisonas	araisnier	VERcjg	MORPH=empty
.	.	PONfrt	MORPH=empty
Honte	honte	NOMcom	MORPH=empty
et	et	CONcoo	MORPH=empty
reproche	reproche	NOMcom	MORPH=empty
et	et	CONcoo	MORPH=empty
blasme	blasme	NOMcom	MORPH=empty
en	en2	PROadv	MORPH=empty
as	avoir	VERcjg	MORPH=empty
,	,	PONfbl	MORPH=empty
si	si	ADVgen	MORPH=empty
t'	tu	PROper	MORPH=empty
an	en2	PROadv	MORPH=empty
apel	apeler	VERcjg	MORPH=empty
de	de	PRE	MORPH=empty
traïson	träison	NOMcom	MORPH=empty
.	.	PONfrt	MORPH=empty
Ce	ce1	PROdem	MORPH=empty
sachent	savoir	VERcjg	MORPH=empty
bien	bien1	ADVgen	MORPH=empty
tuit	tot	DETind	MORPH=empty
li	le	DETdef	MORPH=empty
baron	baron	NOMcom	MORPH=empty
que	que4	CONsub	MORPH=empty
ge	je	PROper	MORPH=empty
n'	ne1	ADVneg	MORPH=empty
i	i2	PROadv	MORPH=empty
ai	avoir	VERcjg	MORPH=empty
de	de	PRE	MORPH=empty
mot	mot	NOMcom	MORPH=empty
failli	falir	VERppe	MORPH=empty
.	.	PONfrt	MORPH=empty
"	"	PONpxx	MORPH=empty
A	a3	PRE	MORPH=empty
cest	cest	DETdem	MORPH=empty
mot	mot	NOMcom	MORPH=empty
an	en1	PRE	MORPH=empty
estant	ester	VERppa	MORPH=empty
sailli	salir2	VERcjg	MORPH=empty
messire	seignor	NOMcom	MORPH=empty
Gauvains	Gauvain	NOMpro	MORPH=empty
toz	tot	ADVgen	MORPH=empty
honteus	hontos	ADJqua	MORPH=empty
;	;	PONfbl	MORPH=empty
et	et	CONcoo	MORPH=empty
Agrevains	Agrevain	NOMpro	MORPH=empty
li	le	DETdef	MORPH=empty
Orguilleus	orgoillos	ADJqua	MORPH=empty
,	,	PONfbl	MORPH=empty
ses	son4	DETpos	MORPH=empty
freres	frere	NOMcom	MORPH=empty
,	,	PONfbl	MORPH=empty
saut	salir2	VERcjg	MORPH=empty
et	et	CONcoo	MORPH=empty
il	il	PROper	MORPH=empty
le	il	PROper	MORPH=empty
tire	tirer	VERcjg	MORPH=empty
:	:	PONfbl	MORPH=empty
"	"	PONpxx	MORPH=empty
Por	por2	PRE	MORPH=empty
amor	amor	NOMcom	MORPH=empty
Deu	Dieu	NOMpro	MORPH=empty
,	,	PONfbl	MORPH=empty
fet	faire	VERcjg	MORPH=empty
il	il	PROper	MORPH=empty
,	,	PONfbl	MORPH=empty
biau	bel1	ADJqua	MORPH=empty
sire	seignor	NOMcom	MORPH=empty
,	,	PONfbl	MORPH=empty
ne	ne1	ADVneg	MORPH=empty
honissiez	honir	VERcjg	MORPH=empty
vostre	vostre	DETpos	MORPH=empty
lignage	lignage	NOMcom	MORPH=empty
.	.	PONfrt	MORPH=empty
De	de	PRE	MORPH=empty
cest	cest	DETdem	MORPH=empty
blasme	blasme	NOMcom	MORPH=empty
,	,	PONfbl	MORPH=empty
de	de	PRE	MORPH=empty
cest	cest	DETdem	MORPH=empty
outrage	outrage	NOMcom	MORPH=empty
que	que2	PROrel	MORPH=empty
cist	cest	DETdem	MORPH=empty
chevaliers	chevalier	NOMcom	MORPH=empty
sus	sus	ADVgen	MORPH=empty
vos	vos	PROper	MORPH=empty
met	metre2	VERcjg	MORPH=empty
,	,	PONfbl	MORPH=empty
vos	vos	PROper	MORPH=empty
desfandrai	defendre	VERcjg	MORPH=empty
,	,	PONfbl	MORPH=empty
ce	ce1	PROdem	MORPH=empty
vos	vos	PROper	MORPH=empty
promet	prometre	VERcjg	MORPH=empty
.	.	PONfrt	MORPH=empty
"	"	PONpxx	MORPH=empty
Et	et	CONcoo	MORPH=empty
il	il	PROper	MORPH=empty
dit	dire	VERcjg	MORPH=empty
:	:	PONfbl	MORPH=empty
"	"	PONpxx	MORPH=empty
Sire	seignor	NOMcom	MORPH=empty
,	,	PONfbl	MORPH=empty
ja	ja	ADVgen	MORPH=empty
nus	nul	DETind	MORPH=empty
hon	ome	NOMcom	MORPH=empty
ne	ne1	ADVneg	MORPH=empty
m'	je	PROper	MORPH=empty
an	en2	PROadv	MORPH=empty
desfandra	defendre	VERcjg	MORPH=empty
se	se	CONsub	MORPH=empty
ge	je	PROper	MORPH=empty
non	non	ADVneg	MORPH=empty
,	,	PONfbl	MORPH=empty
et	et	CONcoo	MORPH=empty
por	por2	PRE	MORPH=empty
ce	ce1	PROdem	MORPH=empty
desfandre	defendre	VERinf	MORPH=empty
m'	je	PROper	MORPH=empty
an	en2	PROadv	MORPH=empty
doi	devoir	VERcjg	MORPH=empty
que	que4	CONsub	MORPH=empty
il	il	PROper	MORPH=empty
n'	ne1	ADVneg	MORPH=empty
an	en2	PROadv	MORPH=empty
apele	apeler	VERcjg	MORPH=empty
que	que4	CONsub	MORPH=empty
moi	je	PROper	MORPH=empty
.	.	PONfrt	MORPH=empty
Et	et	CONcoo	MORPH=empty
se	se	CONsub	MORPH=empty
ge	je	PROper	MORPH=empty
rien	rien	PROind	MORPH=empty
mesfet	mesfaire	VERppe	MORPH=empty
eüsse	avoir	VERcjg	MORPH=empty
au	a3+le	PRE.DETdef	MORPH=empty
chevalier	chevalier	NOMcom	MORPH=empty
que	que2	PROrel	MORPH=empty
ge	je	PROper	MORPH=empty
seüsse	savoir	VERcjg	MORPH=empty
,	,	PONfbl	MORPH=empty
mout	mout	ADVgen	MORPH=empty
volantiers	volentiers	ADVgen	MORPH=empty
pes	pais	NOMcom	MORPH=empty
li	il	PROper	MORPH=empty
queïsse	querre	VERcjg	MORPH=empty
et	et	CONcoo	MORPH=empty
tel	tel	DETind	MORPH=empty
amande	amende1	NOMcom	MORPH=empty
li	il	PROper	MORPH=empty
feïsse	faire	VERcjg	MORPH=empty
que	que4	CONsub	MORPH=empty
tuit	tot	DETind	MORPH=empty
si	son4	DETpos	MORPH=empty
ami	ami	NOMcom	MORPH=empty
et	et	CONcoo	MORPH=empty
li	le	DETdef	MORPH=empty
mien	mien	PROpos	MORPH=empty
le	il	PROper	MORPH=empty
deüssent	devoir	VERcjg	MORPH=empty
tenir	tenir1	VERinf	MORPH=empty
a	a3	PRE	MORPH=empty
bien	bien2	NOMcom	MORPH=empty
.	.	PONfrt	MORPH=empty
Et	et	CONcoo	MORPH=empty
se	se	CONsub	MORPH=empty
il	il	PROper	MORPH=empty
a	avoir	VERcjg	MORPH=empty
dit	dire	VERppe	MORPH=empty
son	son4	DETpos	MORPH=empty
oltrage	outrage	NOMcom	MORPH=empty
,	,	PONfbl	MORPH=empty
je	je	PROper	MORPH=empty
m'	je	PROper	MORPH=empty
an	en2	PROadv	MORPH=empty
desfant	defendre	VERcjg	MORPH=empty
,	,	PONfbl	MORPH=empty
vez	vëoir	VERcjg	MORPH=empty
ci	ci	ADVgen	MORPH=empty
mon	mon1	DETpos	MORPH=empty
gage	gage	NOMcom	MORPH=empty
,	,	PONfbl	MORPH=empty
ici	ici	ADVgen	MORPH=empty
ou	o3	CONcoo	MORPH=empty
la	là	ADVgen	MORPH=empty
,	,	PONfbl	MORPH=empty
ou	où	PROrel	MORPH=empty
lui	il	PROper	MORPH=empty
pleira	plaire	VERcjg	MORPH=empty
.	.	PONfrt	MORPH=empty
"	"	PONpxx	MORPH=empty
Et	et	CONcoo	MORPH=empty
cil	cel	PROdem	MORPH=empty
dit	dire	VERcjg	MORPH=empty
qu'	que4	CONsub	MORPH=empty
il	il	PROper	MORPH=empty
l'	il	PROper	MORPH=empty
an	en2	PROadv	MORPH=empty
provera	prover	VERcjg	MORPH=empty
devant	devant	PRE	MORPH=empty
le	le	DETdef	MORPH=empty
roi	roi2	NOMcom	MORPH=empty
d'	de	PRE	MORPH=empty
Escavalon	Escavalon	NOMpro	MORPH=empty
,	,	PONfbl	MORPH=empty
qui	qui	PROrel	MORPH=empty
est	estre1	VERcjg	MORPH=empty
plus	plus	ADVgen	MORPH=empty
biax	bel1	ADJqua	MORPH=empty
que	que1	CONsub	MORPH=empty
Ausalon	Assalon	NOMpro	MORPH=empty
,	,	PONfbl	MORPH=empty
a	a3	PRE	MORPH=empty
mon	mon1	DETpos	MORPH=empty
san	sen2	NOMcom	MORPH=empty
et	et	CONcoo	MORPH=empty
a	a3	PRE	MORPH=empty
mon	mon1	DETpos	MORPH=empty
avis	avis	NOMcom	MORPH=empty
.	.	PONfrt	MORPH=empty
"	"	PONpxx	MORPH=empty
Et	et	CONcoo	MORPH=empty
ge	je	PROper	MORPH=empty
,	,	PONfbl	MORPH=empty
fet	faire	VERcjg	MORPH=empty
Gauvains	Gauvain	NOMpro	MORPH=empty
,	,	PONfbl	MORPH=empty
te	tu	PROper	MORPH=empty
plevis	plevir	VERcjg	MORPH=empty
que	que4	CONsub	MORPH=empty
ge	je	PROper	MORPH=empty
te	tu	PROper	MORPH=empty
sivrai	sivre	VERcjg	MORPH=empty
or	or4	ADVgen	MORPH=empty
androit	endroit	ADVgen	MORPH=empty
et	et	CONcoo	MORPH=empty
la	là	ADVgen	MORPH=empty
verrons	vëoir	VERcjg	MORPH=empty
qui	qui	PROrel	MORPH=empty
avra	avoir	VERcjg	MORPH=empty
droit	droit	ADJqua	MORPH=empty
.	.	PONfrt	MORPH=empty
"	"	PONpxx	MORPH=empty
Tantost	tantost	ADVgen	MORPH=empty
Guinganbreisil	Guinganbresil	NOMpro	MORPH=empty
s'	soi1	PROper	MORPH=empty
an	en2	PROadv	MORPH=empty
torne	torner	VERcjg	MORPH=empty
,	,	PONfbl	MORPH=empty
et	et	CONcoo	MORPH=empty
messire	seignor	NOMcom	MORPH=empty
Gauvains	Gauvain	NOMpro	MORPH=empty
s'	soi1	PROper	MORPH=empty
atorne	atorner	VERcjg	MORPH=empty
d'	de	PRE	MORPH=empty
aler	aler	VERinf	MORPH=empty
aprés	après	ADVgen	MORPH=empty
sanz	sans	PRE	MORPH=empty
demorance	demorance	NOMcom	MORPH=empty
.	.	PONfrt	MORPH=empty
Qui	qui	PROrel	MORPH=empty
boen	bon	ADJqua	MORPH=empty
escu	escu	NOMcom	MORPH=empty
,	,	PONfbl	MORPH=empty
qui	qui	PROrel	MORPH=empty
bone	bon	ADJqua	MORPH=empty
lance	lance	NOMcom	MORPH=empty
,	,	PONfbl	MORPH=empty
qui	qui	PROrel	MORPH=empty
bon	bon	ADJqua	MORPH=empty
hiaume	heaume	NOMcom	MORPH=empty
et	et	CONcoo	MORPH=empty
boene	bon	ADJqua	MORPH=empty
espee	espee	NOMcom	MORPH=empty
ot	avoir	VERcjg	MORPH=empty
presanta	presenter	VERcjg	MORPH=empty
li	il	PROper	MORPH=empty
,	,	PONfbl	MORPH=empty
mes	mais1	CONcoo	MORPH=empty
ne	ne1	ADVneg	MORPH=empty
li	il	PROper	MORPH=empty
plot	plaire	VERcjg	MORPH=empty
qu'	que4	CONsub	MORPH=empty
il	il	PROper	MORPH=empty
an	en2	PROadv	MORPH=empty
portast	porter	VERcjg	MORPH=empty
rien	rien	PROind	MORPH=empty
de	de	PRE	MORPH=empty
l'	le	DETdef	MORPH=empty
autrui	autrui	PROind	MORPH=empty
.	.	PONfrt	MORPH=empty
.VII.	7	DETcar	MORPH=empty
escuiers	escuier2	NOMcom	MORPH=empty
mainne	mener	VERcjg	MORPH=empty
avoec	avuec	PRE	MORPH=empty
lui	il	PROper	MORPH=empty
et	et	CONcoo	MORPH=empty
.vii.	7	DETcar	MORPH=empty
destriers	destrier1	NOMcom	MORPH=empty
et	et	CONcoo	MORPH=empty
.ii.	2	DETcar	MORPH=empty
escuz	escu	NOMcom	MORPH=empty
.	.	PONfrt	MORPH=empty
Einz	ainz	ADVgen	MORPH=empty
que	que4	CONsub	MORPH=empty
il	il	PROper	MORPH=empty
fust	estre1	VERcjg	MORPH=empty
de	de	PRE	MORPH=empty
cort	cort1	NOMcom	MORPH=empty
meüz	movoir	VERppe	MORPH=empty
,	,	PONfbl	MORPH=empty
ot	avoir	VERcjg	MORPH=empty
l'	le	DETdef	MORPH=empty
an	on	PROind	MORPH=empty
por	por2	PRE	MORPH=empty
lui	il	PROper	MORPH=empty
mout	mout	ADVgen	MORPH=empty
grant	grant	ADJqua	MORPH=empty
duel	duel	NOMcom	MORPH=empty
fet	faire	VERcjg	MORPH=empty
,	,	PONfbl	MORPH=empty
maint	maint	DETind	MORPH=empty
piz	piz	NOMcom	MORPH=empty
batu	batre	VERppe	MORPH=empty
,	,	PONfbl	MORPH=empty
maint	maint	DETind	MORPH=empty
chevol	chevel	NOMcom	MORPH=empty
tret	traire	VERcjg	MORPH=empty
,	,	PONfbl	MORPH=empty
et	et	CONcoo	MORPH=empty
mainte	maint	DETind	MORPH=empty
face	face	NOMcom	MORPH=empty
esgratinee	esgratiner	VERppe	MORPH=empty
;	;	PONfbl	MORPH=empty
einz	ainc	ADVgen	MORPH=empty
n'	ne1	ADVneg	MORPH=empty
i	i2	PROadv	MORPH=empty
ot	avoir	VERcjg	MORPH=empty
dame	dame	NOMcom	MORPH=empty
si	si	ADVgen	MORPH=empty
senee	sené2	ADJqua	MORPH=empty
qui	qui	PROrel	MORPH=empty
por	por2	PRE	MORPH=empty
lui	il	PROper	MORPH=empty
son	son4	DETpos	MORPH=empty
duel	duel	NOMcom	MORPH=empty
ne	ne1	ADVneg	MORPH=empty
demaint	demener	VERcjg	MORPH=empty
.	.	PONfrt	MORPH=empty
Por	por2	PRE	MORPH=empty
lui	il	PROper	MORPH=empty
plorent	plorer	VERcjg	MORPH=empty
maintes	maint	PROind	MORPH=empty
et	et	CONcoo	MORPH=empty
maint	maint	PROind	MORPH=empty
,	,	PONfbl	MORPH=empty
et	et	CONcoo	MORPH=empty
messire	seignor	NOMcom	MORPH=empty
Gauvains	Gauvain	NOMpro	MORPH=empty
s'	soi1	PROper	MORPH=empty
an	en2	PROadv	MORPH=empty
va	aler	VERcjg	MORPH=empty
.	.	PONfrt	MORPH=empty
Des	de+le	PRE.DETdef	MORPH=empty
avantures	aventure	NOMcom	MORPH=empty
qu'	que2	PROrel	MORPH=empty
il	il	PROper	MORPH=empty
trova	trover	VERcjg	MORPH=empty
m'	je	PROper	MORPH=empty
orrez	öir	VERcjg	MORPH=empty
vos	vos	PROper	MORPH=empty
parler	parler	VERinf	MORPH=empty
maintenant	maintenant	ADVgen	MORPH=empty
.	.	PONfrt	MORPH=empty
Une	un	DETndf	MORPH=empty
rote	rote4	NOMcom	MORPH=empty
premieremant	premierement	ADVgen	MORPH=empty
a	avoir	VERcjg	MORPH=empty
ancontree	encontrer	VERppe	MORPH=empty
an	en1	PRE	MORPH=empty
une	un	DETndf	MORPH=empty
lande	lande1	NOMcom	MORPH=empty
de	de	PRE	MORPH=empty
chevaliers	chevalier	NOMcom	MORPH=empty
,	,	PONfbl	MORPH=empty
et	et	CONcoo	MORPH=empty
si	si	ADVgen	MORPH=empty
demande	demander	VERcjg	MORPH=empty
a	a3	PRE	MORPH=empty
.i.	un	DETndf	MORPH=empty
escuier	escuier2	NOMcom	MORPH=empty
qui	qui	PROrel	MORPH=empty
venoit	venir	VERcjg	MORPH=empty
toz	tot	ADVgen	MORPH=empty
seus	sol1	ADJqua	MORPH=empty
aprés	après	ADVgen	MORPH=empty
et	et	CONcoo	MORPH=empty
si	si	ADVgen	MORPH=empty
menoit	mener	VERcjg	MORPH=empty
an	en1	PRE	MORPH=empty
destre	destre	ADJqua	MORPH=empty
.i.	un	DETndf	MORPH=empty
cheval	cheval	NOMcom	MORPH=empty
espaignol	espaignol	ADJqua	MORPH=empty
et	et	CONcoo	MORPH=empty
ot	avoir	VERcjg	MORPH=empty
.i.	un	DETndf	MORPH=empty
escu	escu	NOMcom	MORPH=empty
a	a3	PRE	MORPH=empty
son	son4	DETpos	MORPH=empty
col	col	NOMcom	MORPH=empty
:	:	PONfbl	MORPH=empty
"	"	PONpxx	MORPH=empty
Escuiers	escuier2	NOMcom	MORPH=empty
,	,	PONfbl	MORPH=empty
di	dire	VERcjg	MORPH=empty
moi	je	PROper	MORPH=empty
qui	qui	PROrel	MORPH=empty
cil	cel	PROdem	MORPH=empty
sont	estre1	VERcjg	MORPH=empty
qui	qui	PROrel	MORPH=empty
ci	ci	ADVgen	MORPH=empty
passent	passer1	VERcjg	MORPH=empty
?	?	PONfrt	MORPH=empty
"	"	PONpxx	MORPH=empty
Et	et	CONcoo	MORPH=empty
il	il	PROper	MORPH=empty
respont	respondre1	VERcjg	MORPH=empty
:	:	PONfbl	MORPH=empty
"	"	PONpxx	MORPH=empty
Sire	seignor	NOMcom	MORPH=empty
,	,	PONfbl	MORPH=empty
c'	ce1	PROdem	MORPH=empty
est	estre1	VERcjg	MORPH=empty
Melianz	Melïens	NOMpro	MORPH=empty
de	de	PRE	MORPH=empty
Liz	Liz	NOMpro	MORPH=empty
,	,	PONfbl	MORPH=empty
uns	un	DETndf	MORPH=empty
chevaliers	chevalier	NOMcom	MORPH=empty
preuz	pro	ADJqua	MORPH=empty
et	et	CONcoo	MORPH=empty
hardiz	hardi	ADJqua	MORPH=empty
.	.	PONfrt	MORPH=empty
Es	estre1	VERcjg	MORPH=empty
tu	tu	PROper	MORPH=empty
a	a3	PRE	MORPH=empty
lui	il	PROper	MORPH=empty
?	?	PONfrt	MORPH=empty
Sire	seignor	NOMcom	MORPH=empty
,	,	PONfbl	MORPH=empty
ge	je	PROper	MORPH=empty
non	non	ADVneg	MORPH=empty
.	.	PONfrt	MORPH=empty
Traez	Traé	NOMpro	MORPH=empty
d'	de	PRE	MORPH=empty
Anez	Anet	NOMpro	MORPH=empty
mes	mon1	DETpos	MORPH=empty
sire	seignor	NOMcom	MORPH=empty
a	avoir	VERcjg	MORPH=empty
non	nom	NOMcom	MORPH=empty
,	,	PONfbl	MORPH=empty
qui	qui	PROrel	MORPH=empty
ne	ne1	ADVneg	MORPH=empty
valt	valoir	VERcjg	MORPH=empty
mie	mie	ADVneg	MORPH=empty
de	de	PRE	MORPH=empty
lui	il	PROper	MORPH=empty
mains	moins	ADVgen	MORPH=empty
.	.	PONfrt	MORPH=empty
Par	par	PRE	MORPH=empty
foi	foi	NOMcom	MORPH=empty
,	,	PONfbl	MORPH=empty
fet	faire	VERcjg	MORPH=empty
messire	seignor	NOMcom	MORPH=empty
Gauvains	Gauvain	NOMpro	MORPH=empty
,	,	PONfbl	MORPH=empty
Traé	Traé	NOMpro	MORPH=empty
d'	de	PRE	MORPH=empty
Anet	Anet	NOMpro	MORPH=empty
conuis	conoistre	VERcjg	MORPH=empty
ge	je	PROper	MORPH=empty
bien	bien1	ADVgen	MORPH=empty
.	.	PONfrt	MORPH=empty
Ou	où	PROint	MORPH=empty
va	aler	VERcjg	MORPH=empty
il	il	PROper	MORPH=empty
?	?	PONfrt	MORPH=empty
Ne	ne1	ADVneg	MORPH=empty
m'	je	PROper	MORPH=empty
an	en2	PROadv	MORPH=empty
celer	celer1	VERinf	MORPH=empty
rien	rien	PROind	MORPH=empty
.	.	PONfrt	MORPH=empty
Sire	seignor	NOMcom	MORPH=empty
,	,	PONfbl	MORPH=empty
a	a3	PRE	MORPH=empty
.i.	un	DETndf	MORPH=empty
tornoiemant	tornoiement	NOMcom	MORPH=empty
va	aler	VERcjg	MORPH=empty
que	que2	PROrel	MORPH=empty
Melianz	Melïens	NOMpro	MORPH=empty
de	de	PRE	MORPH=empty
Liz	Liz	NOMpro	MORPH=empty
pris	prendre	VERppe	MORPH=empty
a	avoir	VERcjg	MORPH=empty
contre	contre	PRE	MORPH=empty
Tiebaut	Thiebaus	NOMpro	MORPH=empty
de	de	PRE	MORPH=empty
Tintaguel	Tintaguel	NOMpro	MORPH=empty
,	,	PONfbl	MORPH=empty
et	et	CONcoo	MORPH=empty
vos	vos	PROper	MORPH=empty
i	i2	PROadv	MORPH=empty
iroiz	aler	VERcjg	MORPH=empty
,	,	PONfbl	MORPH=empty
la	là	ADVgen	MORPH=empty
,	,	PONfbl	MORPH=empty
mon	mon1	DETpos	MORPH=empty
vuel	vuel	NOMcom	MORPH=empty
,	,	PONfbl	MORPH=empty
el	en1+le	PRE.DETdef	MORPH=empty
chastel	chastel	NOMcom	MORPH=empty
,	,	PONfbl	MORPH=empty
contre	contre	PRE	MORPH=empty
cez	ce2	PROdem	MORPH=empty
de	de	PRE	MORPH=empty
hors	hors	ADVgen	MORPH=empty
.	.	PONfrt	MORPH=empty
Dex	Dieu	NOMpro	MORPH=empty
,	,	PONfbl	MORPH=empty
fet	faire	VERcjg	MORPH=empty
messire	seignor	NOMcom	MORPH=empty
Gauvains	Gauvain	NOMpro	MORPH=empty
lors	lors	ADVgen	MORPH=empty
,	,	PONfbl	MORPH=empty
dont	donc	ADVgen	MORPH=empty
ne	ne1	ADVneg	MORPH=empty
fu	estre1	VERcjg	MORPH=empty
Melianz	Melïens	NOMpro	MORPH=empty
de	de	PRE	MORPH=empty
Liz	Liz	NOMpro	MORPH=empty
an	en1	PRE	MORPH=empty
la	le	DETdef	MORPH=empty
meison	maison	NOMcom	MORPH=empty
Tiebaut	Thiebaus	NOMpro	MORPH=empty
norriz	norrir	VERppe	MORPH=empty
?	?	PONfrt	MORPH=empty
Oïl	öil	ADVgen	MORPH=empty
,	,	PONfbl	MORPH=empty
sire	seignor	NOMcom	MORPH=empty
,	,	PONfbl	MORPH=empty
se	se	CONsub	MORPH=empty
Dex	Dieu	NOMpro	MORPH=empty
me	je	PROper	MORPH=empty
saut	sauver	VERcjg	MORPH=empty
.	.	PONfrt	MORPH=empty
Ses	son4	DETpos	MORPH=empty
peres	pere1	NOMcom	MORPH=empty
ama	amer1	VERcjg	MORPH=empty
mout	mout	ADVgen	MORPH=empty
Tiebaut	Thiebaus	NOMpro	MORPH=empty
come	come1	CONsub	MORPH=empty
son	son4	DETpos	MORPH=empty
home	ome	NOMcom	MORPH=empty
et	et	CONcoo	MORPH=empty
tant	tant	ADVgen	MORPH=empty
le	il	PROper	MORPH=empty
crut	croire	VERcjg	MORPH=empty
qu'	que4	CONsub	MORPH=empty
au	a3+le	PRE.DETdef	MORPH=empty
lit	lit1	NOMcom	MORPH=empty
mortel	mortel	ADJqua	MORPH=empty
ou	où	PROrel	MORPH=empty
il	il	PROper	MORPH=empty
morut	morir	VERcjg	MORPH=empty
son	son4	DETpos	MORPH=empty
petit	petit	ADJqua	MORPH=empty
fil	fil2	NOMcom	MORPH=empty
li	il	PROper	MORPH=empty
comanda	comander	VERcjg	MORPH=empty
,	,	PONfbl	MORPH=empty
et	et	CONcoo	MORPH=empty
il	il	PROper	MORPH=empty
li	il	PROper	MORPH=empty
norri	norrir	VERcjg	MORPH=empty
et	et	CONcoo	MORPH=empty
garda	garder	VERcjg	MORPH=empty
au	a3+le	PRE.DETdef	MORPH=empty
plus	plus	ADVgen	MORPH=empty
chieremant	chierement	ADVgen	MORPH=empty
que	que1	CONsub	MORPH=empty
il	il	PROper	MORPH=empty
pot	pöoir	VERcjg	MORPH=empty
,	,	PONfbl	MORPH=empty
tant	tant	ADVgen	MORPH=empty
c'	que4	CONsub	MORPH=empty
une	un	DETndf	MORPH=empty
soe	suen	ADJpos	MORPH=empty
fille	fille	NOMcom	MORPH=empty
sot	savoir	VERcjg	MORPH=empty
preier	priier	VERinf	MORPH=empty
et	et	CONcoo	MORPH=empty
requerre	requerre	VERinf	MORPH=empty
d'	de	PRE	MORPH=empty
amor	amor	NOMcom	MORPH=empty
;	;	PONfbl	MORPH=empty
et	et	CONcoo	MORPH=empty
ele	il	PROper	MORPH=empty
dit	dire	VERcjg	MORPH=empty
que	que4	CONsub	MORPH=empty
a	a3	PRE	MORPH=empty
nul	nul	DETind	MORPH=empty
jor	jor	NOMcom	MORPH=empty
s'	son4	DETpos	MORPH=empty
amor	amor	NOMcom	MORPH=empty
ne	ne1	ADVneg	MORPH=empty
li	il	PROper	MORPH=empty
otroieroit	otroiier	VERcjg	MORPH=empty
tant	tant	ADVgen	MORPH=empty
que	que4	CONsub	MORPH=empty
il	il	PROper	MORPH=empty
chevaliers	chevalier	NOMcom	MORPH=empty
seroit	estre1	VERcjg	MORPH=empty
.	.	PONfrt	MORPH=empty
Cil	cel	PROdem	MORPH=empty
qui	qui	PROrel	MORPH=empty
mout	mout	ADVgen	MORPH=empty
voloit	voloir	VERcjg	MORPH=empty
esploitier	esploitier	VERinf	MORPH=empty
se	soi1	PROper	MORPH=empty
fist	faire	VERcjg	MORPH=empty
lors	lors	ADVgen	MORPH=empty
fere	faire	VERinf	MORPH=empty
chevalier	chevalier	NOMcom	MORPH=empty
,	,	PONfbl	MORPH=empty
aprés	après	ADVgen	MORPH=empty
revint	revenir	VERcjg	MORPH=empty
a	a3	PRE	MORPH=empty
sa	son4	DETpos	MORPH=empty
preiere	priiere	NOMcom	MORPH=empty
.	.	PONfrt	MORPH=empty
"	"	PONpxx	MORPH=empty
Ne	ne1	ADVneg	MORPH=empty
puet	pöoir	VERcjg	MORPH=empty
estre	estre1	VERinf	MORPH=empty
an	en1	PRE	MORPH=empty
nule	nul	DETind	MORPH=empty
meniere	maniere	NOMcom	MORPH=empty
,	,	PONfbl	MORPH=empty
dist	dire	VERcjg	MORPH=empty
la	le	DETdef	MORPH=empty
pucele	pucele	NOMcom	MORPH=empty
,	,	PONfbl	MORPH=empty
par	par	PRE	MORPH=empty
ma	mon1	DETpos	MORPH=empty
foi	foi	NOMcom	MORPH=empty
,	,	PONfbl	MORPH=empty
jusque	jusque	PRE	MORPH=empty
vos	vos	PROper	MORPH=empty
avroiz	avoir	VERcjg	MORPH=empty
devant	devant	PRE	MORPH=empty
moi	je	PROper	MORPH=empty
tant	tant	ADVgen	MORPH=empty
d'	de	PRE	MORPH=empty
armes	arme	NOMcom	MORPH=empty
fet	faire	VERcjg	MORPH=empty
et	et	CONcoo	MORPH=empty
tant	tant	ADVgen	MORPH=empty
josté	joster	VERppe	MORPH=empty
que	que4	CONsub	MORPH=empty
m'	mon1	DETpos	MORPH=empty
amor	amor	NOMcom	MORPH=empty
vos	vos	PROper	MORPH=empty
avra	avoir	VERcjg	MORPH=empty
costé	coster1	VERppe	MORPH=empty
,	,	PONfbl	MORPH=empty
que	que4	CONcoo	MORPH=empty
les	le	DETdef	MORPH=empty
choses	chose	NOMcom	MORPH=empty
qu'	que2	PROrel	MORPH=empty
an	on	PROind	MORPH=empty
a	avoir	VERcjg	MORPH=empty
an	en1	PRE	MORPH=empty
bades	bades	NOMcom	MORPH=empty
ne	ne1	ADVneg	MORPH=empty
sont	estre1	VERcjg	MORPH=empty
si	si	ADVgen	MORPH=empty
dolces	douz	ADJqua	MORPH=empty
ne	ne2	CONcoo	MORPH=empty
si	si	ADVgen	MORPH=empty
sades	sade	ADJqua	MORPH=empty
come	come1	CONsub	MORPH=empty
celes	cel	PROdem	MORPH=empty
que	que2	PROrel	MORPH=empty
l'	le	DETdef	MORPH=empty
an	on	PROind	MORPH=empty
conpere	comparer2	VERcjg	MORPH=empty
.	.	PONfrt	MORPH=empty
Prenez	prendre	VERcjg	MORPH=empty
.i.	un	DETndf	MORPH=empty
tornoi	tornoi	NOMcom	MORPH=empty
a	a3	PRE	MORPH=empty
mon	mon1	DETpos	MORPH=empty
pere	pere1	NOMcom	MORPH=empty
se	se	CONsub	MORPH=empty
vos	vos	PROper	MORPH=empty
volez	voloir	VERcjg	MORPH=empty
m'	mon1	DETpos	MORPH=empty
amor	amor	NOMcom	MORPH=empty
avoir	avoir	VERinf	MORPH=empty
,	,	PONfbl	MORPH=empty
que	que4	CONcoo	MORPH=empty
ge	je	PROper	MORPH=empty
vuel	voloir	VERcjg	MORPH=empty
sanz	sans	PRE	MORPH=empty
dote	dote	NOMcom	MORPH=empty
savoir	savoir	VERinf	MORPH=empty
se	se	CONsub	MORPH=empty
m'	mon1	DETpos	MORPH=empty
amors	amor	NOMcom	MORPH=empty
seroit	estre1	VERcjg	MORPH=empty
bien	bien1	ADVgen	MORPH=empty
asise	asseoir	VERppe	MORPH=empty
se	se	CONsub	MORPH=empty
je	je	PROper	MORPH=empty
l'	il	PROper	MORPH=empty
avoie	avoir	VERcjg	MORPH=empty
or	or4	ADVgen	MORPH=empty
an	en1	PRE	MORPH=empty
vos	vos	PROper	MORPH=empty
mise	metre2	VERppe	MORPH=empty
.	.	PONfrt	MORPH=empty
"	"	PONpxx	MORPH=empty
Si	si	ADVgen	MORPH=empty
come	come1	CONsub	MORPH=empty
cele	cel	PROdem	MORPH=empty
devisa	deviser	VERcjg	MORPH=empty
,	,	PONfbl	MORPH=empty
le	le	DETdef	MORPH=empty
tornoiemant	tornoiement	NOMcom	MORPH=empty
anpris	emprendre	VERppe	MORPH=empty
a	avoir	VERcjg	MORPH=empty
,	,	PONfbl	MORPH=empty
qu'	que4	CONcoo	MORPH=empty
Amors	amor	NOMcom	MORPH=empty
a	avoir	VERcjg	MORPH=empty
si	si	ADVgen	MORPH=empty
grant	grant	ADJqua	MORPH=empty
seignorie	seignorie	NOMcom	MORPH=empty
qu'	que4	CONsub	MORPH=empty
sor	sor2	PRE	MORPH=empty
cez	ce2	PROdem	MORPH=empty
qui	qui	PROrel	MORPH=empty
sont	estre1	VERcjg	MORPH=empty
an	en1	PRE	MORPH=empty
sa	son4	DETpos	MORPH=empty
baillie	baillie	NOMcom	MORPH=empty
qu'	que4	CONsub	MORPH=empty
il	il	PROper	MORPH=empty
n'	ne1	ADVneg	MORPH=empty
oseroient	oser	VERcjg	MORPH=empty
rien	rien	PROind	MORPH=empty
veher	vëer	VERinf	MORPH=empty
qu'	que2	PROrel	MORPH=empty
Amors	amor	NOMcom	MORPH=empty
lor	il	PROper	MORPH=empty
volsist	voloir	VERcjg	MORPH=empty
comander	comander	VERinf	MORPH=empty
;	;	PONfbl	MORPH=empty
et	et	CONcoo	MORPH=empty
mout	mout	ADVgen	MORPH=empty
feriez	faire	VERcjg	MORPH=empty
que	que4	CONsub	MORPH=empty
neanz	nïent	PROind	MORPH=empty
se	se	CONsub	MORPH=empty
ne	ne1	ADVneg	MORPH=empty
vos	vos	PROper	MORPH=empty
meteiez	metre2	VERcjg	MORPH=empty
dedanz	dedenz	ADVgen	MORPH=empty
.	.	PONfrt	MORPH=empty
"	"	PONpxx	MORPH=empty
Et	et	CONcoo	MORPH=empty
il	il	PROper	MORPH=empty
li	il	PROper	MORPH=empty
dist	dire	VERcjg	MORPH=empty
:	:	PONfbl	MORPH=empty
"	"	PONpxx	MORPH=empty
Amis	ami	NOMcom	MORPH=empty
,	,	PONfbl	MORPH=empty
va	aler	VERcjg	MORPH=empty
t'	tu	PROper	MORPH=empty
an	en2	PROadv	MORPH=empty
,	,	PONfbl	MORPH=empty
siu	sivre	VERcjg	MORPH=empty
ton	ton4	DETpos	MORPH=empty
seignor	seignor	NOMcom	MORPH=empty
,	,	PONfbl	MORPH=empty
si	si	ADVgen	MORPH=empty
feras	faire	VERcjg	MORPH=empty
san	sen2	NOMcom	MORPH=empty
et	et	CONcoo	MORPH=empty
si	si	ADVgen	MORPH=empty
lesse	laissier	VERcjg	MORPH=empty
ce	ce1	PROdem	MORPH=empty
que	que2	PROrel	MORPH=empty
tu	tu	PROper	MORPH=empty
diz	dire	VERcjg	MORPH=empty
.	.	PONfrt	MORPH=empty
"	"	PONpxx	MORPH=empty
Maintenant	maintenant	ADVgen	MORPH=empty
s'	soi1	PROper	MORPH=empty
an	en2	PROadv	MORPH=empty
est	estre1	VERcjg	MORPH=empty
cil	cel	PROdem	MORPH=empty
partiz	partir	VERppe	MORPH=empty
,	,	PONfbl	MORPH=empty
et	et	CONcoo	MORPH=empty
messire	seignor	NOMcom	MORPH=empty
Gauvains	Gauvain	NOMpro	MORPH=empty
chemine	cheminer	VERcjg	MORPH=empty
.	.	PONfrt	MORPH=empty
D'	de	PRE	MORPH=empty
aler	aler	VERinf	MORPH=empty
vers	vers2	PRE	MORPH=empty
le	le	DETdef	MORPH=empty
chastel	chastel	NOMcom	MORPH=empty
ne	ne1	ADVneg	MORPH=empty
fine	finer	VERcjg	MORPH=empty
,	,	PONfbl	MORPH=empty
que	que4	CONcoo	MORPH=empty
il	il	PROper	MORPH=empty
ne	ne1	ADVneg	MORPH=empty
puet	pöoir	VERcjg	MORPH=empty
aillors	aillors	ADVgen	MORPH=empty
passer	passer1	VERinf	MORPH=empty
.	.	PONfrt	MORPH=empty
Et	et	CONcoo	MORPH=empty
Tiebauz	Thiebaus	NOMpro	MORPH=empty
a	avoir	VERcjg	MORPH=empty
fet	faire	VERppe	MORPH=empty
amasser	amasser	VERinf	MORPH=empty
tot	tot	DETind	MORPH=empty
ses	son4	DETpos	MORPH=empty
barons	baron	NOMcom	MORPH=empty
et	et	CONcoo	MORPH=empty
ses	son4	DETpos	MORPH=empty
veisins	voisin	NOMcom	MORPH=empty
,	,	PONfbl	MORPH=empty
et	et	CONcoo	MORPH=empty
a	avoir	VERcjg	MORPH=empty
mandez	mander	VERppe	MORPH=empty
toz	tot	DETind	MORPH=empty
ses	son4	DETpos	MORPH=empty
cosins	cosin	NOMcom	MORPH=empty
,	,	PONfbl	MORPH=empty
hauz	haut	ADJqua	MORPH=empty
et	et	CONcoo	MORPH=empty
bas	bas	ADJqua	MORPH=empty
,	,	PONfbl	MORPH=empty
juenes	juene	ADJqua	MORPH=empty
et	et	CONcoo	MORPH=empty
chenuz	chenu	ADJqua	MORPH=empty
,	,	PONfbl	MORPH=empty
et	et	CONcoo	MORPH=empty
il	il	PROper	MORPH=empty
i	i2	PROadv	MORPH=empty
sont	estre1	VERcjg	MORPH=empty
trestuit	trestot	PROind	MORPH=empty
venuz	venir	VERppe	MORPH=empty
.	.	PONfrt	MORPH=empty
Mes	mais1	CONcoo	MORPH=empty
Tiebauz	Thiebaus	NOMpro	MORPH=empty
n'	ne1	ADVneg	MORPH=empty
a	avoir	VERcjg	MORPH=empty
mie	mie	ADVneg	MORPH=empty
trové	trover	VERppe	MORPH=empty
an	en1	PRE	MORPH=empty
son	son4	DETpos	MORPH=empty
chastel	chastel	NOMcom	MORPH=empty
consoil	conseil	NOMcom	MORPH=empty
privé	privé1	ADJqua	MORPH=empty
qu'	que4	CONsub	MORPH=empty
il	il	PROper	MORPH=empty
torneast	tornoiier	VERcjg	MORPH=empty
a	a3	PRE	MORPH=empty
son	son4	DETpos	MORPH=empty
seignor	seignor	NOMcom	MORPH=empty
,	,	PONfbl	MORPH=empty
que	que4	CONcoo	MORPH=empty
il	il	PROper	MORPH=empty
avoient	avoir	VERcjg	MORPH=empty
grant	grant	ADJqua	MORPH=empty
peor	pëor	NOMcom	MORPH=empty
que	que4	CONsub	MORPH=empty
il	il	PROper	MORPH=empty
les	il	PROper	MORPH=empty
volsist	voloir	VERcjg	MORPH=empty
toz	tot	ADVgen	MORPH=empty
destruire	destruire	VERinf	MORPH=empty
;	;	PONfbl	MORPH=empty
s'	si	ADVgen	MORPH=empty
a	avoir	VERcjg	MORPH=empty
bien	bien1	ADVgen	MORPH=empty
fet	faire	VERppe	MORPH=empty
murer	murer	VERinf	MORPH=empty
et	et	CONcoo	MORPH=empty
anduire	enduire	VERinf	MORPH=empty
del	de+le	PRE.DETdef	MORPH=empty
chastel	chastel	NOMcom	MORPH=empty
totes	tot	DETind	MORPH=empty
les	le	DETdef	MORPH=empty
antrees	entree	NOMcom	MORPH=empty
.	.	PONfrt	MORPH=empty
Bien	bien1	ADVgen	MORPH=empty
furent	estre1	VERcjg	MORPH=empty
les	le	DETdef	MORPH=empty
portes	porte1	NOMcom	MORPH=empty
fermees	fermer	VERppe	MORPH=empty
de	de	PRE	MORPH=empty
pierre	piere	NOMcom	MORPH=empty
dure	dur	ADJqua	MORPH=empty
et	et	CONcoo	MORPH=empty
de	de	PRE	MORPH=empty
mortier	mortier	NOMcom	MORPH=empty
,	,	PONfbl	MORPH=empty
que	que4	CONcoo	MORPH=empty
il	il	PROimp	MORPH=empty
n'	ne1	ADVneg	MORPH=empty
i	i2	PROadv	MORPH=empty
ot	avoir	VERcjg	MORPH=empty
autre	autre	DETind	MORPH=empty
portier	portier2	NOMcom	MORPH=empty
.	.	PONfrt	MORPH=empty
Mes	mais1	CONcoo	MORPH=empty
c'	que4	CONsub	MORPH=empty
une	un	DETndf	MORPH=empty
petite	petit	ADJqua	MORPH=empty
posterne	posterle	NOMcom	MORPH=empty
,	,	PONfbl	MORPH=empty
don	dont	PROrel	MORPH=empty
li	le	DETdef	MORPH=empty
huis	uis	NOMcom	MORPH=empty
n'	ne1	ADVneg	MORPH=empty
estoit	estre1	VERcjg	MORPH=empty
pas	pas	ADVneg	MORPH=empty
de	de	PRE	MORPH=empty
verne	verne	NOMcom	MORPH=empty
,	,	PONfbl	MORPH=empty
li	il	PROper	MORPH=empty
orent	avoir	VERcjg	MORPH=empty
lessié	laissier	VERppe	MORPH=empty
a	a3	PRE	MORPH=empty
murer	murer	VERinf	MORPH=empty
;	;	PONfbl	MORPH=empty
Li	le	DETdef	MORPH=empty
huis	uis	NOMcom	MORPH=empty
fu	estre1	VERcjg	MORPH=empty
por	por2	PRE	MORPH=empty
toz	tot	DETind	MORPH=empty
jorz	jor	NOMcom	MORPH=empty
durer	durer	VERinf	MORPH=empty
,	,	PONfbl	MORPH=empty
de	de	PRE	MORPH=empty
cuivre	cuivre2	NOMcom	MORPH=empty
,	,	PONfbl	MORPH=empty
fermez	fermer	VERppe	MORPH=empty
d'	de	PRE	MORPH=empty
une	un	DETndf	MORPH=empty
barre	barre	NOMcom	MORPH=empty
;	;	PONfbl	MORPH=empty
de	de	PRE	MORPH=empty
fer	fer	NOMcom	MORPH=empty
i	i2	PROadv	MORPH=empty
ot	avoir	VERcjg	MORPH=empty
bien	bien1	ADVgen	MORPH=empty
une	un	DETndf	MORPH=empty
charre	charre	NOMcom	MORPH=empty
tant	tant	ADVgen	MORPH=empty
con	come1	CONsub	MORPH=empty
une	un	DETndf	MORPH=empty
charrete	charrete	NOMcom	MORPH=empty
porte	porter	VERcjg	MORPH=empty
.	.	PONfrt	MORPH=empty
Messire	seignor	NOMcom	MORPH=empty
Gauvains	Gauvain	NOMpro	MORPH=empty
vers	vers2	PRE	MORPH=empty
la	le	DETdef	MORPH=empty
porte	porte1	NOMcom	MORPH=empty
aprés	après	PRE	MORPH=empty
tot	tot	DETind	MORPH=empty
son	son4	DETpos	MORPH=empty
hernois	harnois	NOMcom	MORPH=empty
venoit	venir	VERcjg	MORPH=empty
,	,	PONfbl	MORPH=empty
que	que4	CONcoo	MORPH=empty
par	par	PRE	MORPH=empty
iqui	iqui	ADVgen	MORPH=empty
le	il	PROper	MORPH=empty
covenoit	covenir	VERcjg	MORPH=empty
passer	passer1	VERinf	MORPH=empty
,	,	PONfbl	MORPH=empty
ou	o3	CONcoo	MORPH=empty
retorner	retorner	VERinf	MORPH=empty
arriere	ariere	ADVgen	MORPH=empty
:	:	PONfbl	MORPH=empty
autre	autre	DETind	MORPH=empty
voie	voie	NOMcom	MORPH=empty
n'	ne2	CONcoo	MORPH=empty
autre	autre	DETind	MORPH=empty
charriere	charriere	NOMcom	MORPH=empty
jusqu'	jusque	PRE	MORPH=empty
a	a3	PRE	MORPH=empty
.vii.	7	DETcar	MORPH=empty
jornees	jornee	NOMcom	MORPH=empty
n'	ne1	ADVneg	MORPH=empty
avoit	avoir	VERcjg	MORPH=empty
.	.	PONfrt	MORPH=empty
Qant	cant1	CONsub	MORPH=empty
la	le	DETdef	MORPH=empty
posterne	posterle	NOMcom	MORPH=empty
ferme	ferm	ADJqua	MORPH=empty
voit	vëoir	VERcjg	MORPH=empty
,	,	PONfbl	MORPH=empty
s'	si	ADVgen	MORPH=empty
antre	entrer	VERcjg	MORPH=empty
an	en1	PRE	MORPH=empty
.i.	un	DETndf	MORPH=empty
pré	pré	NOMcom	MORPH=empty
desoz	desoz	PRE	MORPH=empty
la	le	DETdef	MORPH=empty
tor	tor2	NOMcom	MORPH=empty
,	,	PONfbl	MORPH=empty
qui	qui	PROrel	MORPH=empty
estoit	estre1	VERcjg	MORPH=empty
clos	clore	VERppe	MORPH=empty
de	de	PRE	MORPH=empty
pex	pel1	NOMcom	MORPH=empty
antor	entor	ADVgen	MORPH=empty
,	,	PONfbl	MORPH=empty
s'	si	ADVgen	MORPH=empty
est	estre1	VERcjg	MORPH=empty
soz	soz	PRE	MORPH=empty
.i.	un	DETndf	MORPH=empty
chasne	chaisne	NOMcom	MORPH=empty
descenduz	descendre	VERppe	MORPH=empty
et	et	CONcoo	MORPH=empty
ses	son4	DETpos	MORPH=empty
escuz	escu	NOMcom	MORPH=empty
i	i2	PROadv	MORPH=empty
a	avoir	VERcjg	MORPH=empty
panduz	pendre	VERppe	MORPH=empty
,	,	PONfbl	MORPH=empty
que	que4	CONsub	MORPH=empty
la	le	DETdef	MORPH=empty
gent	gent1	NOMcom	MORPH=empty
del	de+le	PRE.DETdef	MORPH=empty
chastel	chastel	NOMcom	MORPH=empty
les	il	PROper	MORPH=empty
voient	vëoir	VERcjg	MORPH=empty
;	;	PONfbl	MORPH=empty
et	et	CONcoo	MORPH=empty
li	le	DETdef	MORPH=empty
plusor	plusor	PROind	MORPH=empty
grant	grant	ADJqua	MORPH=empty
joie	joie	NOMcom	MORPH=empty
avoient	avoir	VERcjg	MORPH=empty
del	de+le	PRE.DETdef	MORPH=empty
tornoi	tornoi	NOMcom	MORPH=empty
qui	qui	PROrel	MORPH=empty
remés	remanoir	VERppe	MORPH=empty
estoit	estre1	VERcjg	MORPH=empty
.	.	PONfrt	MORPH=empty
Mes	mais1	CONcoo	MORPH=empty
.i.	un	DETndf	MORPH=empty
viel	vieil	ADJqua	MORPH=empty
vavasor	vavassor	NOMcom	MORPH=empty
avoit	avoir	VERcjg	MORPH=empty
el	en1+le	PRE.DETdef	MORPH=empty
chastel	chastel	NOMcom	MORPH=empty
,	,	PONfbl	MORPH=empty
mout	mout	ADVgen	MORPH=empty
doté	doter2	VERppe	MORPH=empty
et	et	CONcoo	MORPH=empty
sage	sage	ADJqua	MORPH=empty
,	,	PONfbl	MORPH=empty
puissant	poissant	ADJqua	MORPH=empty
de	de	PRE	MORPH=empty
terre	terre	NOMcom	MORPH=empty
et	et	CONcoo	MORPH=empty
de	de	PRE	MORPH=empty
lignage	lignage	NOMcom	MORPH=empty
,	,	PONfbl	MORPH=empty
et	et	CONcoo	MORPH=empty
ja	ja	ADVgen	MORPH=empty
de	de	PRE	MORPH=empty
rien	rien	PROind	MORPH=empty
que	que2	PROrel	MORPH=empty
il	il	PROper	MORPH=empty
deïst	dire	VERcjg	MORPH=empty
,	,	PONfbl	MORPH=empty
comant	coment1	ADVgen	MORPH=empty
qu'	que4	CONsub	MORPH=empty
an	en1	PRE	MORPH=empty
la	le	DETdef	MORPH=empty
fin	fin1	NOMcom	MORPH=empty
an	en2	PROadv	MORPH=empty
preïst	prendre	VERcjg	MORPH=empty
,	,	PONfbl	MORPH=empty
que	que4	CONsub	MORPH=empty
il	il	PROper	MORPH=empty
n'	ne1	ADVneg	MORPH=empty
an	en2	PROadv	MORPH=empty
fust	estre1	VERcjg	MORPH=empty
del	de+le	PRE.DETdef	MORPH=empty
tot	tot	PROind	MORPH=empty
creüz	croire	VERppe	MORPH=empty
.	.	PONfrt	MORPH=empty
Cez	ce2	PROdem	MORPH=empty
qui	qui	PROrel	MORPH=empty
venoient	venir	VERcjg	MORPH=empty
ont	avoir	VERcjg	MORPH=empty
veüz	vëoir	VERppe	MORPH=empty
,	,	PONfbl	MORPH=empty
qu'	que4	CONcoo	MORPH=empty
il	il	PROper	MORPH=empty
li	il	PROper	MORPH=empty
furent	estre1	VERcjg	MORPH=empty
de	de	PRE	MORPH=empty
loing	loing	ADVgen	MORPH=empty
mostré	mostrer	VERppe	MORPH=empty
,	,	PONfbl	MORPH=empty
einz	ainz	ADVgen	MORPH=empty
qu'	que4	CONsub	MORPH=empty
el	en1+le	PRE.DETdef	MORPH=empty
paliz	paliz	NOMcom	MORPH=empty
fussent	estre1	VERcjg	MORPH=empty
antré	entrer	VERppe	MORPH=empty
;	;	PONfbl	MORPH=empty
s'	si	ADVgen	MORPH=empty
an	en2	PROadv	MORPH=empty
ala	aler	VERcjg	MORPH=empty
parler	parler	VERinf	MORPH=empty
a	a3	PRE	MORPH=empty
Tiebaut	Thiebaus	NOMpro	MORPH=empty
et	et	CONcoo	MORPH=empty
dist	dire	VERcjg	MORPH=empty
:	:	PONfbl	MORPH=empty
"	"	PONpxx	MORPH=empty
Sire	seignor	NOMcom	MORPH=empty
,	,	PONfbl	MORPH=empty
se	se	CONsub	MORPH=empty
Dex	Dieu	NOMpro	MORPH=empty
me	je	PROper	MORPH=empty
saut	sauver	VERcjg	MORPH=empty
,	,	PONfbl	MORPH=empty
je	je	PROper	MORPH=empty
ai	avoir	VERcjg	MORPH=empty
mien	mien	DETpos	MORPH=empty
esciant	escïent	NOMcom	MORPH=empty
veü	vëoir	VERppe	MORPH=empty
des	de+le	PRE.DETdef	MORPH=empty
conpaignons	compagnon	NOMcom	MORPH=empty
le	le	DETdef	MORPH=empty
roi	roi2	NOMcom	MORPH=empty
Artu	Artu	NOMpro	MORPH=empty
.ii.	2	DETcar	MORPH=empty
chevaliers	chevalier	NOMcom	MORPH=empty
qui	qui	PROrel	MORPH=empty
ici	ici	ADVgen	MORPH=empty
vienent	venir	VERcjg	MORPH=empty
.	.	PONfrt	MORPH=empty
Dui	deus	DETcar	MORPH=empty
prodome	pro	NOMcom	MORPH=empty
mout	mout	ADVgen	MORPH=empty
boen	bon	ADJqua	MORPH=empty
leu	lieu	NOMcom	MORPH=empty
tienent	tenir1	VERcjg	MORPH=empty
,	,	PONfbl	MORPH=empty
que	que4	CONsub	MORPH=empty
neïs	nëis	ADVgen	MORPH=empty
uns	un	PROind	MORPH=empty
vaint	veintre	VERcjg	MORPH=empty
.i.	un	DETndf	MORPH=empty
tornoi	tornoi	NOMcom	MORPH=empty
.	.	PONfrt	MORPH=empty
Je	je	PROper	MORPH=empty
lo	löer1	VERcjg	MORPH=empty
et	et	CONcoo	MORPH=empty
creant	crëanter	VERcjg	MORPH=empty
androit	endroit	PRE	MORPH=empty
moi	je	PROper	MORPH=empty
que	que4	CONsub	MORPH=empty
vos	vos	PROper	MORPH=empty
a	a3	PRE	MORPH=empty
ce	ce2	DETdem	MORPH=empty
tornoiemant	tornoiement	NOMcom	MORPH=empty
ailliez	aler	VERcjg	MORPH=empty
trestot	trestot	ADVgen	MORPH=empty
seüremant	sëurement	ADVgen	MORPH=empty
,	,	PONfbl	MORPH=empty
que	que4	CONcoo	MORPH=empty
vos	vos	PROper	MORPH=empty
avez	avoir	VERcjg	MORPH=empty
bons	bon	ADJqua	MORPH=empty
chevaliers	chevalier	NOMcom	MORPH=empty
et	et	CONcoo	MORPH=empty
boens	bon	ADJqua	MORPH=empty
sergenz	serjant	NOMcom	MORPH=empty
et	et	CONcoo	MORPH=empty
boens	bon	ADJqua	MORPH=empty
archiers	archier	NOMcom	MORPH=empty
qui	qui	PROrel	MORPH=empty
lor	lor2	DETpos	MORPH=empty
chevax	cheval	NOMcom	MORPH=empty
lor	il	PROper	MORPH=empty
ocirront	ocire	VERcjg	MORPH=empty
.	.	PONfrt	MORPH=empty
Et	et	CONcoo	MORPH=empty
ge	je	PROper	MORPH=empty
sai	savoir	VERcjg	MORPH=empty
bien	bien1	ADVgen	MORPH=empty
que	que4	CONsub	MORPH=empty
il	il	PROper	MORPH=empty
vanront	venir	VERcjg	MORPH=empty
tornoier	tornoiier	VERinf	MORPH=empty
devant	devant	PRE	MORPH=empty
ceste	cest	DETdem	MORPH=empty
porte	porte1	NOMcom	MORPH=empty
.	.	PONfrt	MORPH=empty
Se	se	CONsub	MORPH=empty
lor	lor2	DETpos	MORPH=empty
orguiauz	orgueil	NOMcom	MORPH=empty
les	il	PROper	MORPH=empty
i	i2	PROadv	MORPH=empty
aporte	aporter	VERcjg	MORPH=empty
,	,	PONfbl	MORPH=empty
nos	nos1	PROper	MORPH=empty
en	en2	PROadv	MORPH=empty
avromes	avoir	VERcjg	MORPH=empty
le	le	DETdef	MORPH=empty
gaaing	gäaing	NOMcom	MORPH=empty
,	,	PONfbl	MORPH=empty
et	et	CONcoo	MORPH=empty
il	il	PROper	MORPH=empty
la	le	DETdef	MORPH=empty
perte	perte	NOMcom	MORPH=empty
et	et	CONcoo	MORPH=empty
le	le	DETdef	MORPH=empty
maaing	mahaing	NOMcom	MORPH=empty
.	.	PONfrt	MORPH=empty
"	"	PONpxx	MORPH=empty
Par	par	PRE	MORPH=empty
le	le	DETdef	MORPH=empty
consoil	conseil	NOMcom	MORPH=empty
que	que2	PROrel	MORPH=empty
cil	cel	PROdem	MORPH=empty
dona	doner	VERcjg	MORPH=empty
Tiebauz	Thiebaus	NOMpro	MORPH=empty
a	a3	PRE	MORPH=empty
toz	tot	PROind	MORPH=empty
abandona	abandoner	VERcjg	MORPH=empty
qu'	que4	CONsub	MORPH=empty
il	il	PROper	MORPH=empty
s'	soi1	PROper	MORPH=empty
armassent	armer	VERcjg	MORPH=empty
et	et	CONcoo	MORPH=empty
s'	soi1	PROper	MORPH=empty
an	en2	PROadv	MORPH=empty
ississent	issir	VERcjg	MORPH=empty
trestuit	trestot	ADVgen	MORPH=empty
armé	armer	VERppe	MORPH=empty
cil	cel	PROdem	MORPH=empty
qui	qui	PROrel	MORPH=empty
volsissent	voloir	VERcjg	MORPH=empty
.	.	PONfrt	MORPH=empty
De	de	PRE	MORPH=empty
ce	ce1	PROdem	MORPH=empty
ont	avoir	VERcjg	MORPH=empty
joie	joie	NOMcom	MORPH=empty
li	le	DETdef	MORPH=empty
chevalier	chevalier	NOMcom	MORPH=empty
,	,	PONfbl	MORPH=empty
as	a3+le	PRE.DETdef	MORPH=empty
armes	arme	NOMcom	MORPH=empty
corent	corir	VERcjg	MORPH=empty
escuier	escuier2	NOMcom	MORPH=empty
et	et	CONcoo	MORPH=empty
as	a3+le	PRE.DETdef	MORPH=empty
chevax	cheval	NOMcom	MORPH=empty
,	,	PONfbl	MORPH=empty
et	et	CONcoo	MORPH=empty
mestent	metre2	VERcjg	MORPH=empty
seles	sele	NOMcom	MORPH=empty
.	.	PONfrt	MORPH=empty
Et	et	CONcoo	MORPH=empty
les	le	DETdef	MORPH=empty
dames	dame	NOMcom	MORPH=empty
et	et	CONcoo	MORPH=empty
les	le	DETdef	MORPH=empty
puceles	pucele	NOMcom	MORPH=empty
se	soi1	PROper	MORPH=empty
vont	aler	VERcjg	MORPH=empty
par	par	PRE	MORPH=empty
les	le	DETdef	MORPH=empty
hauz	haut	ADJqua	MORPH=empty
leus	lieu	NOMcom	MORPH=empty
seoir	sëoir	VERinf	MORPH=empty
por	por2	PRE	MORPH=empty
le	le	DETdef	MORPH=empty
tornoiemant	tornoiement	NOMcom	MORPH=empty
veoir	vëoir	VERinf	MORPH=empty
,	,	PONfbl	MORPH=empty
et	et	CONcoo	MORPH=empty
virent	vëoir	VERcjg	MORPH=empty
soz	soz	PRE	MORPH=empty
eles	il	PROper	MORPH=empty
a	a3	PRE	MORPH=empty
plain	plein	ADJqua	MORPH=empty
le	le	DETdef	MORPH=empty
hernois	harnois	NOMcom	MORPH=empty
monseignor	seignor	NOMcom	MORPH=empty
Gauvain	Gauvain	NOMpro	MORPH=empty
,	,	PONfbl	MORPH=empty
si	si	ADVgen	MORPH=empty
cuiderent	cuidier1	VERcjg	MORPH=empty
bien	bien1	ADVgen	MORPH=empty
de	de	PRE	MORPH=empty
premiers	premier	ADJord	MORPH=empty
qu'	que4	CONsub	MORPH=empty
il	il	PROimp	MORPH=empty
i	i2	PROadv	MORPH=empty
eüst	avoir	VERcjg	MORPH=empty
.ii.	2	DETcar	MORPH=empty
chevaliers	chevalier	NOMcom	MORPH=empty
por	por2	PRE	MORPH=empty
ce	ce1	PROdem	MORPH=empty
qu'	que4	CONsub	MORPH=empty
eles	il	PROper	MORPH=empty
.ii.	2	DETcar	MORPH=empty
escuz	escu	NOMcom	MORPH=empty
voient	vëoir	VERcjg	MORPH=empty
qui	qui	PROrel	MORPH=empty
a	a3	PRE	MORPH=empty
l'	le	DETdef	MORPH=empty
aubre	arbre	NOMcom	MORPH=empty
pandu	pendre	VERppe	MORPH=empty
estoient	estre1	VERcjg	MORPH=empty
.	.	PONfrt	MORPH=empty
Et	et	CONcoo	MORPH=empty
dïent	dire	VERcjg	MORPH=empty
,	,	PONfbl	MORPH=empty
quant	cant1	CONsub	MORPH=empty
furent	estre1	VERcjg	MORPH=empty
montees	monter	VERppe	MORPH=empty
,	,	PONfbl	MORPH=empty
les	le	DETdef	MORPH=empty
dames	dame	NOMcom	MORPH=empty
,	,	PONfbl	MORPH=empty
que	que4	CONsub	MORPH=empty
buer	buer	ADVgen	MORPH=empty
furent	estre1	VERcjg	MORPH=empty
nees	naistre	VERppe	MORPH=empty
,	,	PONfbl	MORPH=empty
que	que4	CONsub	MORPH=empty
ces	ce2	DETdem	MORPH=empty
.ii.	2	ADJcar	MORPH=empty
chevaliers	chevalier	NOMcom	MORPH=empty
verront	vëoir	VERcjg	MORPH=empty
qui	qui	PROrel	MORPH=empty
devant	devant	PRE	MORPH=empty
eles	il	PROper	MORPH=empty
s'	soi1	PROper	MORPH=empty
armeront	armer	VERcjg	MORPH=empty
.	.	PONfrt	MORPH=empty
Ensi	ainsi	ADVgen	MORPH=empty
les	le	DETdef	MORPH=empty
unes	un	PROind	MORPH=empty
devisoient	deviser	VERcjg	MORPH=empty
et	et	CONcoo	MORPH=empty
teles	tel	PROind	MORPH=empty
i	i2	PROadv	MORPH=empty
ot	avoir	VERcjg	MORPH=empty
qui	qui	PROrel	MORPH=empty
disoient	dire	VERcjg	MORPH=empty
:	:	PONfbl	MORPH=empty
"	"	PONpxx	MORPH=empty
Dex	Dieu	NOMpro	MORPH=empty
,	,	PONfbl	MORPH=empty
sire	seignor	NOMcom	MORPH=empty
,	,	PONfbl	MORPH=empty
icist	icest	DETdem	MORPH=empty
chevaliers	chevalier	NOMcom	MORPH=empty
a	avoir	VERcjg	MORPH=empty
tant	tant	DETind	MORPH=empty
hernois	harnois	NOMcom	MORPH=empty
et	et	CONcoo	MORPH=empty
tant	tant	ADVgen	MORPH=empty
destriers	destrier1	NOMcom	MORPH=empty
que	que4	CONsub	MORPH=empty
asez	assez	ADVgen	MORPH=empty
an	en2	PROadv	MORPH=empty
eüssent	avoir	VERcjg	MORPH=empty
dui	deus	PROcar	MORPH=empty
,	,	PONfbl	MORPH=empty
n'	ne2	CONcoo	MORPH=empty
il	il	PROper	MORPH=empty
n'	ne1	ADVneg	MORPH=empty
a	avoir	VERcjg	MORPH=empty
chevalier	chevalier	NOMcom	MORPH=empty
avoec	avuec	PRE	MORPH=empty
lui	il	PROper	MORPH=empty
.	.	PONfrt	MORPH=empty
Que	que3	PROint	MORPH=empty
fera	faire	VERcjg	MORPH=empty
il	il	PROper	MORPH=empty
de	de	PRE	MORPH=empty
.ii.	2	DETcar	MORPH=empty
escuz	escu	NOMcom	MORPH=empty
?	?	PONfrt	MORPH=empty
Tex	tel	DETind	MORPH=empty
chevaliers	chevalier	NOMcom	MORPH=empty
ne	ne1	ADVneg	MORPH=empty
fu	estre1	VERcjg	MORPH=empty
veüz	vëoir	VERppe	MORPH=empty
qui	qui	PROrel	MORPH=empty
portast	porter	VERcjg	MORPH=empty
.ii.	2	DETcar	MORPH=empty
escuz	escu	NOMcom	MORPH=empty
ansanble	ensemble	ADVgen	MORPH=empty
.	.	PONfrt	MORPH=empty
"	"	PONpxx	MORPH=empty
Por	por2	PRE	MORPH=empty
ce	ce1	PROdem	MORPH=empty
granz	grant	ADJqua	MORPH=empty
mervoille	merveille	NOMcom	MORPH=empty
lor	il	PROper	MORPH=empty
sanble	sembler	VERcjg	MORPH=empty
se	se	CONsub	MORPH=empty
cil	cel	DETdem	MORPH=empty
chevaliers	chevalier	NOMcom	MORPH=empty
,	,	PONfbl	MORPH=empty
qui	qui	PROrel	MORPH=empty
est	estre1	VERcjg	MORPH=empty
seus	sol1	ADJqua	MORPH=empty
,	,	PONfbl	MORPH=empty
portera	porter	VERcjg	MORPH=empty
ces	ce2	DETdem	MORPH=empty
escuz	escu	NOMcom	MORPH=empty
andeus	ambedos	ADJcar	MORPH=empty
.	.	PONfrt	MORPH=empty
Et	et	CONcoo	MORPH=empty
li	le	DETdef	MORPH=empty
chevalier	chevalier	NOMcom	MORPH=empty
s'	soi1	PROper	MORPH=empty
an	en2	PROadv	MORPH=empty
issoient	issir	VERcjg	MORPH=empty
queque	que_que	PROrel	MORPH=empty
celes	cel	PROdem	MORPH=empty
ensi	ainsi	ADVgen	MORPH=empty
parloient	parler	VERcjg	MORPH=empty
,	,	PONfbl	MORPH=empty
et	et	CONcoo	MORPH=empty
la	le	DETdef	MORPH=empty
fille	fille	NOMcom	MORPH=empty
Tiebaut	Thiebaus	NOMpro	MORPH=empty
l'	le	DETdef	MORPH=empty
ainznee	ainzné	ADJqua	MORPH=empty
fu	estre1	VERcjg	MORPH=empty
an	en1	PRE	MORPH=empty
la	le	DETdef	MORPH=empty
tor	tor2	NOMcom	MORPH=empty
an	en1	PRE	MORPH=empty
haut	haut	ADJqua	MORPH=empty
montee	monter	VERppe	MORPH=empty
,	,	PONfbl	MORPH=empty
qui	qui	PROrel	MORPH=empty
le	le	DETdef	MORPH=empty
tornoi	tornoi	NOMcom	MORPH=empty
ot	avoir	VERcjg	MORPH=empty
fet	faire	VERppe	MORPH=empty
anprandre	emprendre	VERinf	MORPH=empty
.	.	PONfrt	MORPH=empty
Avoec	avuec	PRE	MORPH=empty
l'	le	DETdef	MORPH=empty
ainznee	ainzné	ADJqua	MORPH=empty
fu	estre1	VERcjg	MORPH=empty
la	le	DETdef	MORPH=empty
mandre	petit	ADJqua	MORPH=empty
,	,	PONfbl	MORPH=empty
qui	qui	PROrel	MORPH=empty
si	si	ADVgen	MORPH=empty
cointemant	cointement	ADVgen	MORPH=empty
se	soi1	PROper	MORPH=empty
vestoit	vestir	VERcjg	MORPH=empty
de	de	PRE	MORPH=empty
manches	manche2	NOMcom	MORPH=empty
qu'	que4	CONsub	MORPH=empty
apelee	apeler	VERppe	MORPH=empty
estoit	estre1	VERcjg	MORPH=empty
la	le	DETdef	MORPH=empty
Pucele	pucele	NOMcom	MORPH=empty
as	a3+le	PRE.DETdef	MORPH=empty
Manches	manche2	NOMcom	MORPH=empty
Petites	petit	ADJqua	MORPH=empty
,	,	PONfbl	MORPH=empty
que	que4	CONcoo	MORPH=empty
es	en1+le	PRE.DETdef	MORPH=empty
braz	braz	NOMcom	MORPH=empty
les	il	PROper	MORPH=empty
avoit	avoir	VERcjg	MORPH=empty
escrites	escrire	VERppe	MORPH=empty
.	.	PONfrt	MORPH=empty
Avoec	avuec	PRE	MORPH=empty
les	le	DETdef	MORPH=empty
.ii.	2	ADJcar	MORPH=empty
filles	fille	NOMcom	MORPH=empty
Tiebaut	Thiebaus	NOMpro	MORPH=empty
sont	estre1	VERcjg	MORPH=empty
totes	tot	PROind	MORPH=empty
montees	monter	VERppe	MORPH=empty
an	en1	PRE	MORPH=empty
haut	haut	ADJqua	MORPH=empty
dames	dame	NOMcom	MORPH=empty
et	et	CONcoo	MORPH=empty
puceles	pucele	NOMcom	MORPH=empty
ansanble	ensemble	ADVgen	MORPH=empty
.	.	PONfrt	MORPH=empty
Et	et	CONcoo	MORPH=empty
li	le	DETdef	MORPH=empty
tornoiemanz	tornoiement	NOMcom	MORPH=empty
assanble	assembler	VERcjg	MORPH=empty
devant	devant	PRE	MORPH=empty
le	le	DETdef	MORPH=empty
chastel	chastel	NOMcom	MORPH=empty
maintenant	maintenant	ADVgen	MORPH=empty
.	.	PONfrt	MORPH=empty
N'	ne1	ADVneg	MORPH=empty
an	en2	PROadv	MORPH=empty
i	i2	PROadv	MORPH=empty
ot	avoir	VERcjg	MORPH=empty
nul	nul	PROind	MORPH=empty
si	si	ADVgen	MORPH=empty
avenant	avenant	VERppa	MORPH=empty
con	come1	CONsub	MORPH=empty
Melianz	Melïens	NOMpro	MORPH=empty
de	de	PRE	MORPH=empty
Liz	Liz	NOMpro	MORPH=empty
estoit	estre1	VERcjg	MORPH=empty
,	,	PONfbl	MORPH=empty
tesmoin	tesmoin	NOMcom	MORPH=empty
s'	son4	DETpos	MORPH=empty
amie	ami	NOMcom	MORPH=empty
qui	qui	PROrel	MORPH=empty
disoit	dire	VERcjg	MORPH=empty
as	a3+le	PRE.DETdef	MORPH=empty
dames	dame	NOMcom	MORPH=empty
tot	tot	ADVgen	MORPH=empty
anviron	environ	PRE	MORPH=empty
li	il	PROper	MORPH=empty
:	:	PONfbl	MORPH=empty
"	"	PONpxx	MORPH=empty
Dames	dame	NOMcom	MORPH=empty
,	,	PONfbl	MORPH=empty
ainz	ainc	ADVgen	MORPH=empty
voir	voir	ADVgen	MORPH=empty
ne	ne1	ADVneg	MORPH=empty
m'	je	PROper	MORPH=empty
abeli	abel1ir	VERcjg	MORPH=empty
chevaliers	chevalier	NOMcom	MORPH=empty
nus	nul	ADJind	MORPH=empty
que	que2	PROrel	MORPH=empty
ge	je	PROper	MORPH=empty
veïsse	vëoir	VERcjg	MORPH=empty
,	,	PONfbl	MORPH=empty
ne	ne1	ADVneg	MORPH=empty
sai	savoir	VERcjg	MORPH=empty
por	por2	PRE	MORPH=empty
coi	coi2	PROrel	MORPH=empty
vos	vos	PROper	MORPH=empty
an	en2	PROadv	MORPH=empty
mantisse	mentir	VERcjg	MORPH=empty
,	,	PONfbl	MORPH=empty
tant	tant	ADVgen	MORPH=empty
con	come1	CONsub	MORPH=empty
fet	faire	VERcjg	MORPH=empty
Melianz	Melïens	NOMpro	MORPH=empty
de	de	PRE	MORPH=empty
Liz	Liz	NOMpro	MORPH=empty
.	.	PONfrt	MORPH=empty
Dont	donc	ADVgen	MORPH=empty
n'	ne1	ADVneg	MORPH=empty
est	estre1	VERcjg	MORPH=empty
il	il	PROper	MORPH=empty
solaz	solaz	NOMcom	MORPH=empty
et	et	CONcoo	MORPH=empty
deliz	delit2	NOMcom	MORPH=empty
de	de	PRE	MORPH=empty
si	si	ADVgen	MORPH=empty
boen	bon	ADJqua	MORPH=empty
chevalier	chevalier	NOMcom	MORPH=empty
veoir	vëoir	VERinf	MORPH=empty
?	?	PONfrt	MORPH=empty
Il	il	PROper	MORPH=empty
doit	devoir	VERcjg	MORPH=empty
bien	bien1	ADVgen	MORPH=empty
an	en1	PRE	MORPH=empty
sele	sele	NOMcom	MORPH=empty
seoir	sëoir	VERinf	MORPH=empty
et	et	CONcoo	MORPH=empty
la	le	DETdef	MORPH=empty
lance	lance	NOMcom	MORPH=empty
et	et	CONcoo	MORPH=empty
l'	le	DETdef	MORPH=empty
escu	escu	NOMcom	MORPH=empty
porter	porter	VERinf	MORPH=empty
qui	qui	PROrel	MORPH=empty
si	si	ADVgen	MORPH=empty
bel	bel1	ADJqua	MORPH=empty
s'	soi1	PROper	MORPH=empty
an	en2	PROadv	MORPH=empty
set	savoir	VERcjg	MORPH=empty
deporter	deporter	VERinf	MORPH=empty
.	.	PONfrt	MORPH=empty
"	"	PONpxx	MORPH=empty
Et	et	CONcoo	MORPH=empty
sa	son4	DETpos	MORPH=empty
suer	seror	NOMcom	MORPH=empty
,	,	PONfbl	MORPH=empty
qui	qui	PROrel	MORPH=empty
lez	lez	PRE	MORPH=empty
li	il	PROper	MORPH=empty
seoit	sëoir	VERcjg	MORPH=empty
,	,	PONfbl	MORPH=empty
li	il	PROper	MORPH=empty
dist	dire	VERcjg	MORPH=empty
que	que4	CONsub	MORPH=empty
plus	plus	ADVgen	MORPH=empty
bel	bel1	ADJqua	MORPH=empty
i	i2	PROadv	MORPH=empty
avoit	avoir	VERcjg	MORPH=empty
,	,	PONfbl	MORPH=empty
et	et	CONcoo	MORPH=empty
cele	cel	PROdem	MORPH=empty
s'	soi1	PROper	MORPH=empty
an	en2	PROadv	MORPH=empty
est	estre1	VERcjg	MORPH=empty
correciee	corrocier	VERppe	MORPH=empty
,	,	PONfbl	MORPH=empty
si	si	ADVgen	MORPH=empty
s'	soi1	PROper	MORPH=empty
est	estre1	VERcjg	MORPH=empty
por	por2	PRE	MORPH=empty
li	il	PROper	MORPH=empty
ferir	ferir	VERinf	MORPH=empty
dreciee	drecier	VERppe	MORPH=empty
.	.	PONfrt	MORPH=empty
Les	le	DETdef	MORPH=empty
dames	dame	NOMcom	MORPH=empty
la	il	PROper	MORPH=empty
traient	traire	VERcjg	MORPH=empty
arriers	ariere	ADVgen	MORPH=empty
,	,	PONfbl	MORPH=empty
qui	qui	PROrel	MORPH=empty
la	il	PROper	MORPH=empty
delaient	delaiier1	VERcjg	MORPH=empty
volantiers	volentiers	ADVgen	MORPH=empty
,	,	PONfbl	MORPH=empty
tant	tant	ADVgen	MORPH=empty
que	que4	CONsub	MORPH=empty
cele	cel	PROdem	MORPH=empty
s'	soi1	PROper	MORPH=empty
an	en2	PROadv	MORPH=empty
ne	ne1	ADVneg	MORPH=empty
l'	il	PROper	MORPH=empty
adesa	adeser	VERcjg	MORPH=empty
,	,	PONfbl	MORPH=empty
dont	dont	PROrel	MORPH=empty
mout	mout	ADVgen	MORPH=empty
duremant	durement	ADVgen	MORPH=empty
li	il	PROper	MORPH=empty
pesa	peser	VERcjg	MORPH=empty
.	.	PONfrt	MORPH=empty
Et	et	CONcoo	MORPH=empty
li	le	DETdef	MORPH=empty
tornoiemanz	tornoiement	NOMcom	MORPH=empty
comance	comencier	VERcjg	MORPH=empty
,	,	PONfbl	MORPH=empty
ou	où	PROrel	MORPH=empty
ot	avoir	VERcjg	MORPH=empty
brisiee	brisier	VERppe	MORPH=empty
mainte	maint	DETind	MORPH=empty
lance	lance	NOMcom	MORPH=empty
et	et	CONcoo	MORPH=empty
maint	maint	DETind	MORPH=empty
cop	coup1	NOMcom	MORPH=empty
d'	de	PRE	MORPH=empty
espee	espee	NOMcom	MORPH=empty
feru	ferir	VERppe	MORPH=empty
et	et	CONcoo	MORPH=empty
maint	maint	DETind	MORPH=empty
chevalier	chevalier	NOMcom	MORPH=empty
abatu	abatre	VERppe	MORPH=empty
.	.	PONfrt	MORPH=empty
Et	et	CONcoo	MORPH=empty
sachiez	savoir	VERcjg	MORPH=empty
que	que4	CONsub	MORPH=empty
mout	mout	ADVgen	MORPH=empty
chier	chier	ADJqua	MORPH=empty
li	il	PROper	MORPH=empty
coste	coster1	VERcjg	MORPH=empty
qui	qui	PROrel	MORPH=empty
a	a3	PRE	MORPH=empty
Meliant	Melïens	NOMpro	MORPH=empty
de	de	PRE	MORPH=empty
Liz	Liz	NOMpro	MORPH=empty
joste	joster	VERcjg	MORPH=empty
:	:	PONfbl	MORPH=empty
nus	nul	PROind	MORPH=empty
devant	devant	PRE	MORPH=empty
sa	son4	DETpos	MORPH=empty
lance	lance	NOMcom	MORPH=empty
ne	ne1	ADVneg	MORPH=empty
dure	durer	VERcjg	MORPH=empty
que	que2	PROrel	MORPH=empty
il	il	PROper	MORPH=empty
ne	ne1	ADVneg	MORPH=empty
port	porter	VERcjg	MORPH=empty
a	a3	PRE	MORPH=empty
terre	terre	NOMcom	MORPH=empty
dure	dur	ADJqua	MORPH=empty
;	;	PONfbl	MORPH=empty
et	et	CONcoo	MORPH=empty
se	se	CONsub	MORPH=empty
sa	son4	DETpos	MORPH=empty
lance	lance	NOMcom	MORPH=empty
li	il	PROper	MORPH=empty
peçaie	peçoiier	VERcjg	MORPH=empty
,	,	PONfbl	MORPH=empty
de	de	PRE	MORPH=empty
l'	le	DETdef	MORPH=empty
espee	espee	NOMcom	MORPH=empty
grant	grant	ADJqua	MORPH=empty
cop	coup1	NOMcom	MORPH=empty
li	il	PROper	MORPH=empty
paie	paiier	VERcjg	MORPH=empty
,	,	PONfbl	MORPH=empty
si	si	ADVgen	MORPH=empty
le	il	PROper	MORPH=empty
fet	faire	VERcjg	MORPH=empty
mialz	mieus	ADVgen	MORPH=empty
que	que1	CONsub	MORPH=empty
cil	cel	PROdem	MORPH=empty
ne	ne1	ADVneg	MORPH=empty
font	faire	VERcjg	MORPH=empty
qui	qui	PROrel	MORPH=empty
d'	de	PRE	MORPH=empty
une	un	DETndf	MORPH=empty
part	part1	NOMcom	MORPH=empty
et	et	CONcoo	MORPH=empty
d'	de	PRE	MORPH=empty
autre	autre	PROind	MORPH=empty
sont	estre1	VERcjg	MORPH=empty
;	;	PONfbl	MORPH=empty
s'	si	ADVgen	MORPH=empty
an	en2	PROadv	MORPH=empty
a	avoir	VERcjg	MORPH=empty
si	si	ADVgen	MORPH=empty
grant	grant	ADJqua	MORPH=empty
joie	joie	NOMcom	MORPH=empty
s'	son4	DETpos	MORPH=empty
amie	ami	NOMcom	MORPH=empty
qu'	que4	CONsub	MORPH=empty
ele	il	PROper	MORPH=empty
ne	ne1	ADVneg	MORPH=empty
puet	pöoir	VERcjg	MORPH=empty
müer	müer	VERinf	MORPH=empty
ne	ne1	ADVneg	MORPH=empty
die	dire	VERcjg	MORPH=empty
:	:	PONfbl	MORPH=empty
"	"	PONpxx	MORPH=empty
Dames	dame	NOMcom	MORPH=empty
,	,	PONfbl	MORPH=empty
dames	dame	NOMcom	MORPH=empty
,	,	PONfbl	MORPH=empty
veez	vëoir	VERcjg	MORPH=empty
mervoille	merveille	NOMcom	MORPH=empty
,	,	PONfbl	MORPH=empty
einz	ainc	ADVgen	MORPH=empty
ne	ne1	ADVneg	MORPH=empty
veïstes	vëoir	VERcjg	MORPH=empty
sa	son4	DETpos	MORPH=empty
paroille	pareil	ADJqua	MORPH=empty
ne	ne2	CONcoo	MORPH=empty
mes	mais1	ADVgen	MORPH=empty
n'	ne1	ADVneg	MORPH=empty
an	en2	PROadv	MORPH=empty
oïstes	öir	VERcjg	MORPH=empty
parler	parler	VERinf	MORPH=empty
!	!	PONfrt	MORPH=empty
Veez	vëoir	VERcjg	MORPH=empty
le	le	DETdef	MORPH=empty
mellor	meillor	ADJqua	MORPH=empty
bacheler	bacheler	NOMcom	MORPH=empty
que	que2	PROrel	MORPH=empty
vos	vos	PROper	MORPH=empty
veïssiez	vëoir	VERcjg	MORPH=empty
de	de	PRE	MORPH=empty
voz	vostre	DETpos	MORPH=empty
ialz	ueil	NOMcom	MORPH=empty
.	.	PONfrt	MORPH=empty
Il	il	PROper	MORPH=empty
est	estre1	VERcjg	MORPH=empty
plus	plus	ADVgen	MORPH=empty
biax	bel1	ADJqua	MORPH=empty
et	et	CONcoo	MORPH=empty
si	si	ADVgen	MORPH=empty
valt	valoir	VERcjg	MORPH=empty
mialz	mieus	ADVgen	MORPH=empty
que	que1	CONsub	MORPH=empty
tuit	tot	DETind	MORPH=empty
cil	cel	PROdem	MORPH=empty
qui	qui	PROrel	MORPH=empty
sont	estre1	VERcjg	MORPH=empty
au	a3+le	PRE.DETdef	MORPH=empty
tornoi	tornoi	NOMcom	MORPH=empty
.	.	PONfrt	MORPH=empty
"	"	PONpxx	MORPH=empty
Et	et	CONcoo	MORPH=empty
la	le	DETdef	MORPH=empty
petite	petit	ADJqua	MORPH=empty
dist	dire	VERcjg	MORPH=empty
:	:	PONfbl	MORPH=empty
"	"	PONpxx	MORPH=empty
Ge	je	PROper	MORPH=empty
voi	vëoir	VERcjg	MORPH=empty
plus	plus	ADVgen	MORPH=empty
bel	bel1	ADJqua	MORPH=empty
et	et	CONcoo	MORPH=empty
mellor	meillor	ADJqua	MORPH=empty
,	,	PONfbl	MORPH=empty
se	se	CONsub	MORPH=empty
devient	devenir	VERcjg	MORPH=empty
.	.	PONfrt	MORPH=empty
"	"	PONpxx	MORPH=empty
Et	et	CONcoo	MORPH=empty
cele	cel	PROdem	MORPH=empty
maintenant	maintenant	ADVgen	MORPH=empty
li	il	PROper	MORPH=empty
vient	venir	VERcjg	MORPH=empty
et	et	CONcoo	MORPH=empty
dist	dire	VERcjg	MORPH=empty
con	come1	CONsub	MORPH=empty
anflamee	enflamer	VERppe	MORPH=empty
et	et	CONcoo	MORPH=empty
chaude	chaut	ADJqua	MORPH=empty
:	:	PONfbl	MORPH=empty
"	"	PONpxx	MORPH=empty
Vos	vos	PROper	MORPH=empty
,	,	PONfbl	MORPH=empty
garce	garce	NOMcom	MORPH=empty
,	,	PONfbl	MORPH=empty
vos	vos	PROper	MORPH=empty
fustes	estre1	VERcjg	MORPH=empty
si	si	ADVgen	MORPH=empty
baude	baut	ADJqua	MORPH=empty
que	que4	CONsub	MORPH=empty
par	par	PRE	MORPH=empty
vostre	vostre	DETpos	MORPH=empty
male	mal1	ADJqua	MORPH=empty
avanture	aventure	NOMcom	MORPH=empty
osastes	oser	VERcjg	MORPH=empty
nule	nul	DETind	MORPH=empty
criature	crïature	NOMcom	MORPH=empty
blasmer	blasmer	VERinf	MORPH=empty
que	que2	PROrel	MORPH=empty
j'	je	PROper	MORPH=empty
eüsse	avoir	VERcjg	MORPH=empty
loee	löer1	VERppe	MORPH=empty
!	!	PONfrt	MORPH=empty
Si	si	ADVgen	MORPH=empty
an	en2	PROadv	MORPH=empty
tenez	tenir1	VERcjg	MORPH=empty
ceste	cest	DETdem	MORPH=empty
joee	jöee	NOMcom	MORPH=empty
et	et	CONcoo	MORPH=empty
vos	vos	PROper	MORPH=empty
an	en2	PROadv	MORPH=empty
gardez	garder	VERcjg	MORPH=empty
autre	autre	DETind	MORPH=empty
foiz	foiz	NOMcom	MORPH=empty
.	.	PONfrt	MORPH=empty
"	"	PONpxx	MORPH=empty
Lors	lors	ADVgen	MORPH=empty
la	il	PROper	MORPH=empty
fiert	ferir	VERcjg	MORPH=empty
si	si	ADVgen	MORPH=empty
que	que4	CONsub	MORPH=empty
toz	tot	DETind	MORPH=empty
les	le	DETdef	MORPH=empty
doiz	doi	NOMcom	MORPH=empty
li	il	PROper	MORPH=empty
a	avoir	VERcjg	MORPH=empty
enz	enz	ADVgen	MORPH=empty
el	en1+le	PRE.DETdef	MORPH=empty
vis	vis1	NOMcom	MORPH=empty
seelez	sëeler	VERppe	MORPH=empty
,	,	PONfbl	MORPH=empty
et	et	CONcoo	MORPH=empty
les	le	DETdef	MORPH=empty
dames	dame	NOMcom	MORPH=empty
qui	qui	PROrel	MORPH=empty
sont	estre1	VERcjg	MORPH=empty
delez	dalez	ADVgen	MORPH=empty
l'	il	PROper	MORPH=empty
an	en2	PROadv	MORPH=empty
blasment	blasmer	VERcjg	MORPH=empty
mout	mout	ADVgen	MORPH=empty
et	et	CONcoo	MORPH=empty
si	si	ADVgen	MORPH=empty
li	il	PROper	MORPH=empty
tolent	tolir	VERcjg	MORPH=empty
,	,	PONfbl	MORPH=empty
et	et	CONcoo	MORPH=empty
puis	puis	ADVgen	MORPH=empty
aprés	après	ADVgen	MORPH=empty
si	si	ADVgen	MORPH=empty
reparolent	reparler	VERcjg	MORPH=empty
de	de	PRE	MORPH=empty
monseignor	seignor	NOMcom	MORPH=empty
Gauvain	Gauvain	NOMpro	MORPH=empty
antr'	entre	PRE	MORPH=empty
eles	il	PROper	MORPH=empty
.	.	PONfrt	MORPH=empty
"	"	PONpxx	MORPH=empty
Dex	Dieu	NOMpro	MORPH=empty
,	,	PONfbl	MORPH=empty
fet	faire	VERcjg	MORPH=empty
l'	le	DETdef	MORPH=empty
une	un	PROind	MORPH=empty
des	de+le	PRE.DETdef	MORPH=empty
dameiseles	damoisele	NOMcom	MORPH=empty
,	,	PONfbl	MORPH=empty
cil	cel	DETdem	MORPH=empty
chevaliers	chevalier	NOMcom	MORPH=empty
desoz	desoz	PRE	MORPH=empty
ce	ce2	DETdem	MORPH=empty
charme	charme2	NOMcom	MORPH=empty
,	,	PONfbl	MORPH=empty
que	que3	PROint	MORPH=empty
atant	atendre	VERcjg	MORPH=empty
il	il	PROper	MORPH=empty
que	que4	CONsub	MORPH=empty
il	il	PROper	MORPH=empty
ne	ne1	ADVneg	MORPH=empty
s'	soi1	PROper	MORPH=empty
arme	armer	VERcjg	MORPH=empty
?	?	PONfrt	MORPH=empty
"	"	PONpxx	MORPH=empty
Une	un	DETndf	MORPH=empty
autre	autre	ADJind	MORPH=empty
pucele	pucele	NOMcom	MORPH=empty
mainsnee	moinsné	ADJqua	MORPH=empty
li	il	PROper	MORPH=empty
dist	dire	VERcjg	MORPH=empty
qu'	que4	CONsub	MORPH=empty
il	il	PROper	MORPH=empty
a	avoir	VERcjg	MORPH=empty
la	le	DETdef	MORPH=empty
pes	pais	NOMcom	MORPH=empty
juree	jurer	VERppe	MORPH=empty
,	,	PONfbl	MORPH=empty
et	et	CONcoo	MORPH=empty
une	un	PROind	MORPH=empty
autre	autre	PROind	MORPH=empty
redit	redire	VERcjg	MORPH=empty
aprés	après	ADVgen	MORPH=empty
:	:	PONfbl	MORPH=empty
"	"	PONpxx	MORPH=empty
Marcheanz	marchëant	NOMcom	MORPH=empty
est	estre1	VERcjg	MORPH=empty
,	,	PONfbl	MORPH=empty
nel	ne1+il	ADVneg.PROper	MORPH=empty
dites	dire	VERcjg	MORPH=empty
mes	mais1	ADVgen	MORPH=empty
!	!	PONfrt	MORPH=empty
Einz	ainz	ADVgen	MORPH=empty
est	estre1	VERcjg	MORPH=empty
changierres	changëor	NOMcom	MORPH=empty
,	,	PONfbl	MORPH=empty
fet	faire	VERcjg	MORPH=empty
la	le	DETdef	MORPH=empty
quarte	cart	PROord	MORPH=empty
.	.	PONfrt	MORPH=empty
Il	il	PROper	MORPH=empty
n'	ne1	ADVneg	MORPH=empty
a	avoir	VERcjg	MORPH=empty
talant	talent	NOMcom	MORPH=empty
que	que4	CONsub	MORPH=empty
il	il	PROper	MORPH=empty
departe	departir	VERcjg	MORPH=empty
as	a3+le	PRE.DETdef	MORPH=empty
povres	povre	ADJqua	MORPH=empty
chevaliers	chevalier	NOMcom	MORPH=empty
ancui	encui	ADVgen	MORPH=empty
cest	cest	DETdem	MORPH=empty
avoir	avoir	VERinf	MORPH=empty
que	que2	PROrel	MORPH=empty
il	il	PROper	MORPH=empty
mainne	mener	VERcjg	MORPH=empty
o	o4	PRE	MORPH=empty
lui	il	PROper	MORPH=empty
.	.	PONfrt	MORPH=empty
Ne	ne1	ADVneg	MORPH=empty
cuidiez	cuidier1	VERcjg	MORPH=empty
pas	pas	ADVneg	MORPH=empty
que	que4	CONsub	MORPH=empty
ge	je	PROper	MORPH=empty
vos	vos	PROper	MORPH=empty
mante	mentir	VERcjg	MORPH=empty
,	,	PONfbl	MORPH=empty
c'	ce1	PROdem	MORPH=empty
est	estre1	VERcjg	MORPH=empty
monoie	monoie	NOMcom	MORPH=empty
et	et	CONcoo	MORPH=empty
vesselemante	vaisselemente	NOMcom	MORPH=empty
an	en1	PRE	MORPH=empty
ces	ce2	DETdem	MORPH=empty
vessiax	vaissel	NOMcom	MORPH=empty
et	et	CONcoo	MORPH=empty
an	en1	PRE	MORPH=empty
ces	ce2	DETdem	MORPH=empty
males	male2	NOMcom	MORPH=empty
.	.	PONfrt	MORPH=empty
Voir	voir	ADVgen	MORPH=empty
,	,	PONfbl	MORPH=empty
mout	mout	ADVgen	MORPH=empty
avez	avoir	VERcjg	MORPH=empty
les	le	DETdef	MORPH=empty
lengues	langue1	NOMcom	MORPH=empty
males	mal1	ADJqua	MORPH=empty
,	,	PONfbl	MORPH=empty
fet	faire	VERcjg	MORPH=empty
la	le	DETdef	MORPH=empty
petite	petit	ADJqua	MORPH=empty
,	,	PONfbl	MORPH=empty
s'	si	ADVgen	MORPH=empty
avez	avoir	VERcjg	MORPH=empty
tort	tort2	NOMcom	MORPH=empty
.	.	PONfrt	MORPH=empty
Cuidiez	cuidier1	VERcjg	MORPH=empty
vos	vos	PROper	MORPH=empty
que	que4	CONsub	MORPH=empty
marcheanz	marchëant	NOMcom	MORPH=empty
port	porter	VERcjg	MORPH=empty
si	si	ADVgen	MORPH=empty
grosse	gros	ADJqua	MORPH=empty
lance	lance	NOMcom	MORPH=empty
con	come1	CONsub	MORPH=empty
il	il	PROper	MORPH=empty
porte	porter	VERcjg	MORPH=empty
?	?	PONfrt	MORPH=empty
Certes	certes	ADVgen	MORPH=empty
mout	mout	ADVgen	MORPH=empty
m'	je	PROper	MORPH=empty
an	en2	PROadv	MORPH=empty
avez	avoir	VERcjg	MORPH=empty
hui	ui	ADVgen	MORPH=empty
morte	morir	VERppe	MORPH=empty
qui	qui	PROrel	MORPH=empty
tel	tel	DETind	MORPH=empty
deablie	dïablie	NOMcom	MORPH=empty
avez	avoir	VERcjg	MORPH=empty
dite	dire	VERppe	MORPH=empty
.	.	PONfrt	MORPH=empty
Foi	foi	NOMcom	MORPH=empty
que	que2	PROrel	MORPH=empty
ge	je	PROper	MORPH=empty
doi	devoir	VERcjg	MORPH=empty
Saint	saint	ADJqua	MORPH=empty
Esperite	esperit	NOMcom	MORPH=empty
,	,	PONfbl	MORPH=empty
il	il	PROper	MORPH=empty
sanble	sembler	VERcjg	MORPH=empty
mialz	mieus	ADVgen	MORPH=empty
tornoieor	tornoiëor	NOMcom	MORPH=empty
que	que4	CONsub	MORPH=empty
marcheant	marchëant	NOMcom	MORPH=empty
ne	ne2	CONcoo	MORPH=empty
changeor	changëor	NOMcom	MORPH=empty
.	.	PONfrt	MORPH=empty
Il	il	PROper	MORPH=empty
est	estre1	VERcjg	MORPH=empty
chevaliers	chevalier	NOMcom	MORPH=empty
,	,	PONfbl	MORPH=empty
ce	ce1	PROdem	MORPH=empty
me	je	PROper	MORPH=empty
sanble	sembler	VERcjg	MORPH=empty
.	.	PONfrt	MORPH=empty
"	"	PONpxx	MORPH=empty
Et	et	CONcoo	MORPH=empty
les	le	DETdef	MORPH=empty
dameiseles	damoisele	NOMcom	MORPH=empty
ansanble	ensemble	ADVgen	MORPH=empty
li	il	PROper	MORPH=empty
dïent	dire	VERcjg	MORPH=empty
:	:	PONfbl	MORPH=empty
"	"	PONpxx	MORPH=empty
Bele	bel1	ADJqua	MORPH=empty
dolce	douz	ADJqua	MORPH=empty
amie	ami	NOMcom	MORPH=empty
,	,	PONfbl	MORPH=empty
s'	se	CONsub	MORPH=empty
il	il	PROimp	MORPH=empty
le	il	PROper	MORPH=empty
sanble	sembler	VERcjg	MORPH=empty
,	,	PONfbl	MORPH=empty
ne	ne1	ADVneg	MORPH=empty
l'	il	PROper	MORPH=empty
est	estre1	VERcjg	MORPH=empty
il	il	PROper	MORPH=empty
mie	mie	ADVneg	MORPH=empty
;	;	PONfbl	MORPH=empty
mes	mais1	CONcoo	MORPH=empty
il	il	PROper	MORPH=empty
le	il	PROper	MORPH=empty
se	soi1	PROper	MORPH=empty
fet	faire	VERcjg	MORPH=empty
resanbler	resembler	VERinf	MORPH=empty
por	por2	PRE	MORPH=empty
ce	ce1	PROdem	MORPH=empty
qu'	que4	CONsub	MORPH=empty
ainsi	ainsi	ADVgen	MORPH=empty
vialt	voloir	VERcjg	MORPH=empty
il	il	PROper	MORPH=empty
anbler	embler	VERinf	MORPH=empty
les	le	DETdef	MORPH=empty
costumes	costume	NOMcom	MORPH=empty
et	et	CONcoo	MORPH=empty
les	le	DETdef	MORPH=empty
passages	passage	NOMcom	MORPH=empty
.	.	PONfrt	MORPH=empty
Fos	fol3	ADJqua	MORPH=empty
est	estre1	VERcjg	MORPH=empty
,	,	PONfbl	MORPH=empty
si	si	ADVgen	MORPH=empty
cuide	cuidier1	VERcjg	MORPH=empty
estre	estre1	VERinf	MORPH=empty
si	si	ADVgen	MORPH=empty
sages	sage	ADJqua	MORPH=empty
,	,	PONfbl	MORPH=empty
que	que4	CONsub	MORPH=empty
de	de	PRE	MORPH=empty
ce	ce2	DETdem	MORPH=empty
san	sen2	NOMcom	MORPH=empty
sera	estre1	VERcjg	MORPH=empty
il	il	PROper	MORPH=empty
pris	prendre	VERppe	MORPH=empty
con	come1	CONsub	MORPH=empty
lerres	larron	NOMcom	MORPH=empty
atainz	ataindre	VERppe	MORPH=empty
et	et	CONcoo	MORPH=empty
repris	reprendre1	VERppe	MORPH=empty
de	de	PRE	MORPH=empty
larrecin	larrecin	NOMcom	MORPH=empty
vilain	vilain	ADJqua	MORPH=empty
et	et	CONcoo	MORPH=empty
fol	fol3	ADJqua	MORPH=empty
.	.	PONfrt	MORPH=empty
Il	il	PROper	MORPH=empty
en	en2	PROadv	MORPH=empty
avra	avoir	VERcjg	MORPH=empty
la	le	DETdef	MORPH=empty
hart	hart	NOMcom	MORPH=empty
el	en1+le	PRE.DETdef	MORPH=empty
col	col	NOMcom	MORPH=empty
.	.	PONfrt	MORPH=empty
"	"	PONpxx	MORPH=empty
Messire	seignor	NOMcom	MORPH=empty
Gauvains	Gauvain	NOMpro	MORPH=empty
cleremant	clerement	ADVgen	MORPH=empty
ot	öir	VERcjg	MORPH=empty
les	le	DETdef	MORPH=empty
paroles	parole	NOMcom	MORPH=empty
et	et	CONcoo	MORPH=empty
antant	entendre	VERcjg	MORPH=empty
que	que2	PROrel	MORPH=empty
les	le	DETdef	MORPH=empty
dames	dame	NOMcom	MORPH=empty
dïent	dire	VERcjg	MORPH=empty
de	de	PRE	MORPH=empty
lui	il	PROper	MORPH=empty
,	,	PONfbl	MORPH=empty
si	si	ADVgen	MORPH=empty
en	en2	PROadv	MORPH=empty
a	avoir	VERcjg	MORPH=empty
et	et	CONcoo	MORPH=empty
honte	honte	NOMcom	MORPH=empty
et	et	CONcoo	MORPH=empty
enui	enui	NOMcom	MORPH=empty
;	;	PONfbl	MORPH=empty
mes	mais1	CONcoo	MORPH=empty
il	il	PROper	MORPH=empty
panse	penser	VERcjg	MORPH=empty
,	,	PONfbl	MORPH=empty
et	et	CONcoo	MORPH=empty
a	a3	PRE	MORPH=empty
reison	raison	NOMcom	MORPH=empty
,	,	PONfbl	MORPH=empty
qu'	que4	CONsub	MORPH=empty
an	on	PROind	MORPH=empty
l'	il	PROper	MORPH=empty
apele	apeler	VERcjg	MORPH=empty
de	de	PRE	MORPH=empty
traïson	träison	NOMcom	MORPH=empty
,	,	PONfbl	MORPH=empty
s'	si	ADVgen	MORPH=empty
estuet	estovoir1	VERcjg	MORPH=empty
que	que4	CONsub	MORPH=empty
desfandre	defendre	VERinf	MORPH=empty
s'	soi1	PROper	MORPH=empty
an	en2	PROadv	MORPH=empty
aille	aler	VERcjg	MORPH=empty
,	,	PONfbl	MORPH=empty
que	que4	CONcoo	MORPH=empty
s'	se	CONsub	MORPH=empty
il	il	PROper	MORPH=empty
n'	ne1	ADVneg	MORPH=empty
aloit	aler	VERcjg	MORPH=empty
an	en1	PRE	MORPH=empty
la	le	DETdef	MORPH=empty
bataille	bataille	NOMcom	MORPH=empty
si	si	ADVgen	MORPH=empty
con	come1	CONsub	MORPH=empty
il	il	PROper	MORPH=empty
ot	avoir	VERcjg	MORPH=empty
an	en1	PRE	MORPH=empty
covenant	covenant	NOMcom	MORPH=empty
,	,	PONfbl	MORPH=empty
il	il	PROper	MORPH=empty
avroit	avoir	VERcjg	MORPH=empty
lui	il	PROper	MORPH=empty
honi	honir	VERppe	MORPH=empty
avant	avant	ADVgen	MORPH=empty
,	,	PONfbl	MORPH=empty
et	et	CONcoo	MORPH=empty
aprés	après	ADVgen	MORPH=empty
son	son4	DETpos	MORPH=empty
linage	lignage	NOMcom	MORPH=empty
tot	tot	ADVgen	MORPH=empty
.	.	PONfrt	MORPH=empty
Et	et	CONcoo	MORPH=empty
por	por2	PRE	MORPH=empty
ce	ce1	PROdem	MORPH=empty
qu'	que4	CONsub	MORPH=empty
il	il	PROper	MORPH=empty
est	estre1	VERcjg	MORPH=empty
an	en1	PRE	MORPH=empty
redot	redot	NOMcom	MORPH=empty
qu'	que4	CONsub	MORPH=empty
il	il	PROper	MORPH=empty
ne	ne1	ADVneg	MORPH=empty
soit	estre1	VERcjg	MORPH=empty
afolez	afoler1	VERppe	MORPH=empty
et	et	CONcoo	MORPH=empty
pris	prendre	VERppe	MORPH=empty
,	,	PONfbl	MORPH=empty
ne	ne1	ADVneg	MORPH=empty
s'	soi1	PROper	MORPH=empty
est	estre1	VERcjg	MORPH=empty
del	de+le	PRE.DETdef	MORPH=empty
tornoi	tornoi	NOMcom	MORPH=empty
antremis	entremetre	VERppe	MORPH=empty
,	,	PONfbl	MORPH=empty
et	et	CONcoo	MORPH=empty
si	si	ADVgen	MORPH=empty
en	en2	PROadv	MORPH=empty
ot	avoir	VERcjg	MORPH=empty
il	il	PROper	MORPH=empty
boen	bon	ADJqua	MORPH=empty
talant	talent	NOMcom	MORPH=empty
,	,	PONfbl	MORPH=empty
que	que4	CONcoo	MORPH=empty
il	il	PROper	MORPH=empty
voit	vëoir	VERcjg	MORPH=empty
le	le	DETdef	MORPH=empty
tornoiemant	tornoiement	NOMcom	MORPH=empty
qui	qui	PROrel	MORPH=empty
toz	tot	DETind	MORPH=empty
jorz	jor	NOMcom	MORPH=empty
anforce	enforcier1	VERcjg	MORPH=empty
et	et	CONcoo	MORPH=empty
amande	amender	VERcjg	MORPH=empty
.	.	PONfrt	MORPH=empty
Et	et	CONcoo	MORPH=empty
Melianz	Melïens	NOMpro	MORPH=empty
de	de	PRE	MORPH=empty
Liz	Liz	NOMpro	MORPH=empty
demande	demander	VERcjg	MORPH=empty
grosse	gros	ADJqua	MORPH=empty
lance	lance	NOMcom	MORPH=empty
por	por2	PRE	MORPH=empty
mialz	mieus	ADVgen	MORPH=empty
ferir	ferir	VERinf	MORPH=empty
.	.	PONfrt	MORPH=empty
Tote	tot	DETind	MORPH=empty
jor	jor	NOMcom	MORPH=empty
jusqu'	jusque	PRE	MORPH=empty
a	a3	PRE	MORPH=empty
l'	le	DETdef	MORPH=empty
anserir	enserir	VERinf	MORPH=empty
fu	estre1	VERcjg	MORPH=empty
li	le	DETdef	MORPH=empty
tornoiz	tornoi	NOMcom	MORPH=empty
devant	devant	PRE	MORPH=empty
la	le	DETdef	MORPH=empty
porte	porte1	NOMcom	MORPH=empty
.	.	PONfrt	MORPH=empty
Qui	qui	PROrel	MORPH=empty
a	avoir	VERcjg	MORPH=empty
gaaignié	gäaignier1	VERppe	MORPH=empty
,	,	PONfbl	MORPH=empty
si	si	ADVgen	MORPH=empty
l'	il	PROper	MORPH=empty
an	en2	PROadv	MORPH=empty
porte	porter	VERcjg	MORPH=empty
la	là	ADVgen	MORPH=empty
ou	où	PROrel	MORPH=empty
mialz	mieus	ADVgen	MORPH=empty
le	il	PROper	MORPH=empty
cuide	cuidier1	VERcjg	MORPH=empty
avoir	avoir	VERinf	MORPH=empty
sauf	sauf	ADJqua	MORPH=empty
.	.	PONfrt	MORPH=empty
.I.	un	DETndf	MORPH=empty
escuier	escuier2	NOMcom	MORPH=empty
et	et	CONcoo	MORPH=empty
grant	grant	ADJqua	MORPH=empty
et	et	CONcoo	MORPH=empty
chauf	chauf	ADJqua	MORPH=empty
voient	vëoir	VERcjg	MORPH=empty
les	le	DETdef	MORPH=empty
dames	dame	NOMcom	MORPH=empty
,	,	PONfbl	MORPH=empty
qui	qui	PROrel	MORPH=empty
tenoit	tenir1	VERcjg	MORPH=empty
.i.	un	DETndf	MORPH=empty
tros	trons	NOMcom	MORPH=empty
de	de	PRE	MORPH=empty
lance	lance	NOMcom	MORPH=empty
,	,	PONfbl	MORPH=empty
et	et	CONcoo	MORPH=empty
venoit	venir	VERcjg	MORPH=empty
une	un	DETndf	MORPH=empty
testiere	testiere	NOMcom	MORPH=empty
an	en1	PRE	MORPH=empty
son	son4	DETpos	MORPH=empty
col	col	NOMcom	MORPH=empty
.	.	PONfrt	MORPH=empty
Une	un	PROind	MORPH=empty
des	de+le	PRE.DETdef	MORPH=empty
dames	dame	NOMcom	MORPH=empty
celui	cel	PROdem	MORPH=empty
fol	fol3	ADJqua	MORPH=empty
apela	apeler	VERcjg	MORPH=empty
et	et	CONcoo	MORPH=empty
puis	puis	ADVgen	MORPH=empty
si	si	ADVgen	MORPH=empty
li	il	PROper	MORPH=empty
dist	dire	VERcjg	MORPH=empty
:	:	PONfbl	MORPH=empty
"	"	PONpxx	MORPH=empty
Danz	Damnedeu	NOMcom	MORPH=empty
escuiers	escuier2	NOMcom	MORPH=empty
,	,	PONfbl	MORPH=empty
se	se	CONsub	MORPH=empty
Dex	Dieu	NOMpro	MORPH=empty
m'	je	PROper	MORPH=empty
aïst	aidier	VERcjg	MORPH=empty
,	,	PONfbl	MORPH=empty
mout	mout	ADVgen	MORPH=empty
estes	estre1	VERcjg	MORPH=empty
fos	fol3	ADJqua	MORPH=empty
et	et	CONcoo	MORPH=empty
estapez	estaper	VERppe	MORPH=empty
qui	qui	PROrel	MORPH=empty
an	en1	PRE	MORPH=empty
cele	cel	DETdem	MORPH=empty
presse	presse	NOMcom	MORPH=empty
hapez	haper	VERcjg	MORPH=empty
ces	ce2	DETdem	MORPH=empty
fers	fer	NOMcom	MORPH=empty
de	de	PRE	MORPH=empty
lances	lance	NOMcom	MORPH=empty
et	et	CONcoo	MORPH=empty
testieres	testiere	NOMcom	MORPH=empty
et	et	CONcoo	MORPH=empty
ces	ce2	DETdem	MORPH=empty
retros	retrois	NOMcom	MORPH=empty
et	et	CONcoo	MORPH=empty
ces	ce2	DETdem	MORPH=empty
banieres	baniere	NOMcom	MORPH=empty
,	,	PONfbl	MORPH=empty
si	si	ADVgen	MORPH=empty
vos	vos	PROper	MORPH=empty
fetes	faire	VERcjg	MORPH=empty
boen	bon	ADJqua	MORPH=empty
escuier	escuier2	NOMcom	MORPH=empty
!	!	PONfrt	MORPH=empty
Qui	qui	PROrel	MORPH=empty
si	si	ADVgen	MORPH=empty
s'	soi1	PROper	MORPH=empty
anbat	embatre	VERcjg	MORPH=empty
,	,	PONfbl	MORPH=empty
petit	petit	ADJqua	MORPH=empty
s'	soi1	PROper	MORPH=empty
a	avoir	VERcjg	MORPH=empty
chier	chier	ADJqua	MORPH=empty
,	,	PONfbl	MORPH=empty
que	que4	CONsub	MORPH=empty
ge	je	PROper	MORPH=empty
voi	vëoir	VERcjg	MORPH=empty
ci	ci	ADVgen	MORPH=empty
,	,	PONfbl	MORPH=empty
mout	mout	ADVgen	MORPH=empty
pres	près	ADVgen	MORPH=empty
de	de	PRE	MORPH=empty
vos	vos	PROper	MORPH=empty
,	,	PONfbl	MORPH=empty
an	en1	PRE	MORPH=empty
ce	ce2	DETdem	MORPH=empty
pré	pré	NOMcom	MORPH=empty
qui	qui	PROrel	MORPH=empty
est	estre1	VERcjg	MORPH=empty
desoz	desoz	PRE	MORPH=empty
nos	nos1	PROper	MORPH=empty
,	,	PONfbl	MORPH=empty
l'	le	DETdef	MORPH=empty
avoir	avoir	VERinf	MORPH=empty
sanz	sans	PRE	MORPH=empty
garde	garde	NOMcom	MORPH=empty
et	et	CONcoo	MORPH=empty
sanz	sans	PRE	MORPH=empty
desfanse	defense	NOMcom	MORPH=empty
.	.	PONfrt	MORPH=empty
Fos	fol3	ADJqua	MORPH=empty
est	estre1	VERcjg	MORPH=empty
qui	qui	PROrel	MORPH=empty
a	a3	PRE	MORPH=empty
son	son4	DETpos	MORPH=empty
preu	pro	NOMcom	MORPH=empty
ne	ne1	ADVneg	MORPH=empty
panse	penser	VERcjg	MORPH=empty
demantres	dementre	ADVgen	MORPH=empty
que	que4	CONsub	MORPH=empty
il	il	PROper	MORPH=empty
le	il	PROper	MORPH=empty
puet	pöoir	VERcjg	MORPH=empty
fere	faire	VERinf	MORPH=empty
.	.	PONfrt	MORPH=empty
Et	et	CONcoo	MORPH=empty
vez	vëoir	VERcjg	MORPH=empty
ci	ci	ADVgen	MORPH=empty
le	le	DETdef	MORPH=empty
plus	plus	ADVgen	MORPH=empty
debonere	debonaire	ADJqua	MORPH=empty
chevalier	chevalier	NOMcom	MORPH=empty
qui	qui	PROrel	MORPH=empty
onques	onque	ADVgen	MORPH=empty
fust	estre1	VERcjg	MORPH=empty
nez	naistre	VERppe	MORPH=empty
;	;	PONfbl	MORPH=empty
car	car	CONcoo	MORPH=empty
qui	qui	PROrel	MORPH=empty
li	il	PROper	MORPH=empty
avroit	avoir	VERcjg	MORPH=empty
toz	tot	ADVgen	MORPH=empty
plumez	plumer	VERppe	MORPH=empty
les	le	DETdef	MORPH=empty
grenons	grenon	NOMcom	MORPH=empty
,	,	PONfbl	MORPH=empty
ne	ne1	ADVneg	MORPH=empty
se	soi1	PROper	MORPH=empty
movroit	movoir	VERcjg	MORPH=empty
il	il	PROper	MORPH=empty
.	.	PONfrt	MORPH=empty
Or	or4	ADVgen	MORPH=empty
n'	ne1	ADVneg	MORPH=empty
aiez	avoir	VERcjg	MORPH=empty
pas	pas	ADVneg	MORPH=empty
le	le	DETdef	MORPH=empty
gaaing	gäaing	NOMcom	MORPH=empty
vil	vil1	ADJqua	MORPH=empty
!	!	PONfrt	MORPH=empty
Toz	tot	DETind	MORPH=empty
les	le	DETdef	MORPH=empty
chevax	cheval	NOMcom	MORPH=empty
et	et	CONcoo	MORPH=empty
tot	tot	DETind	MORPH=empty
l'	le	DETdef	MORPH=empty
avoir	avoir	VERinf	MORPH=empty
me	je	PROper	MORPH=empty
prenez	prendre	VERcjg	MORPH=empty
,	,	PONfbl	MORPH=empty
si	si	ADVgen	MORPH=empty
feroiz	faire	VERcjg	MORPH=empty
savoir	savoir	VERinf	MORPH=empty
,	,	PONfbl	MORPH=empty
que	que4	CONcoo	MORPH=empty
ja	ja	ADVgen	MORPH=empty
ne	ne1	ADVneg	MORPH=empty
le	il	PROper	MORPH=empty
vos	vos	PROper	MORPH=empty
desfandra	defendre	VERcjg	MORPH=empty
.	.	PONfrt	MORPH=empty
"	"	PONpxx	MORPH=empty
Maintenant	maintenant	ADVgen	MORPH=empty
el	en1+le	PRE.DETdef	MORPH=empty
pré	pré	NOMcom	MORPH=empty
s'	soi1	PROper	MORPH=empty
an	en2	PROadv	MORPH=empty
antra	entrer	VERcjg	MORPH=empty
et	et	CONcoo	MORPH=empty
si	si	ADVgen	MORPH=empty
feri	ferir	VERcjg	MORPH=empty
.i.	un	PROind	MORPH=empty
des	de+le	PRE.DETdef	MORPH=empty
chevax	cheval	NOMcom	MORPH=empty
de	de	PRE	MORPH=empty
son	son4	DETpos	MORPH=empty
retrous	retrois	NOMcom	MORPH=empty
,	,	PONfbl	MORPH=empty
et	et	CONcoo	MORPH=empty
dist	dire	VERcjg	MORPH=empty
:	:	PONfbl	MORPH=empty
"	"	PONpxx	MORPH=empty
Vasax	vassal	NOMcom	MORPH=empty
,	,	PONfbl	MORPH=empty
dont	donc	ADVgen	MORPH=empty
n'	ne1	ADVneg	MORPH=empty
iestes	estre1	VERcjg	MORPH=empty
vos	vos	PROper	MORPH=empty
sains	sain	ADJqua	MORPH=empty
et	et	CONcoo	MORPH=empty
heitiez	haitier	VERppe	MORPH=empty
,	,	PONfbl	MORPH=empty
qui	qui	PROrel	MORPH=empty
ci	ci	ADVgen	MORPH=empty
tote	tot	DETind	MORPH=empty
jor	jor	NOMcom	MORPH=empty
agaitiez	agaitier	VERppe	MORPH=empty
et	et	CONcoo	MORPH=empty
nule	nul	DETind	MORPH=empty
rien	rien	NOMcom	MORPH=empty
n'	ne1	ADVneg	MORPH=empty
i	i2	PROadv	MORPH=empty
avez	avoir	VERcjg	MORPH=empty
fete	faire	VERppe	MORPH=empty
,	,	PONfbl	MORPH=empty
escu	escu	NOMcom	MORPH=empty
troé	tröer	VERppe	MORPH=empty
ne	ne2	CONcoo	MORPH=empty
lance	lance	NOMcom	MORPH=empty
frete	fraindre	VERppe	MORPH=empty
?	?	PONfrt	MORPH=empty
Di	dire	VERcjg	MORPH=empty
va	aler	VERcjg	MORPH=empty
,	,	PONfbl	MORPH=empty
fet	faire	VERcjg	MORPH=empty
il	il	PROper	MORPH=empty
,	,	PONfbl	MORPH=empty
a	a3	PRE	MORPH=empty
toi	tu	PROper	MORPH=empty
que	que3	PROint	MORPH=empty
taint	taindre	VERcjg	MORPH=empty
?	?	PONfrt	MORPH=empty
La	le	DETdef	MORPH=empty
chose	chose	NOMcom	MORPH=empty
por	por2	PRE	MORPH=empty
coi	coi2	PROrel	MORPH=empty
il	il	PROper	MORPH=empty
remaint	remanoir	VERcjg	MORPH=empty
,	,	PONfbl	MORPH=empty
espoir	espoir2	ADVgen	MORPH=empty
,	,	PONfbl	MORPH=empty
savras	savoir	VERcjg	MORPH=empty
tu	tu	PROper	MORPH=empty
bien	bien1	ADVgen	MORPH=empty
ancore	encore	ADVgen	MORPH=empty
.	.	PONfrt	MORPH=empty
Mes	mais1	ADVgen	MORPH=empty
,	,	PONfbl	MORPH=empty
par	par	PRE	MORPH=empty
mon	mon1	DETpos	MORPH=empty
chief	chief1	NOMcom	MORPH=empty
,	,	PONfbl	MORPH=empty
ce	ce1	PROdem	MORPH=empty
n'	ne1	ADVneg	MORPH=empty
iert	estre1	VERcjg	MORPH=empty
mie	mie	ADVneg	MORPH=empty
ore	or4	ADVgen	MORPH=empty
,	,	PONfbl	MORPH=empty
que	que4	CONcoo	MORPH=empty
dire	dire	VERinf	MORPH=empty
nel	ne1+il	ADVneg.PROper	MORPH=empty
te	tu	PROper	MORPH=empty
daigneroie	deignier	VERcjg	MORPH=empty
.	.	PONfrt	MORPH=empty
Mes	mais1	ADVgen	MORPH=empty
fui	fuir	VERcjg	MORPH=empty
de	de	PRE	MORPH=empty
ci	ci	ADVgen	MORPH=empty
,	,	PONfbl	MORPH=empty
si	si	ADVgen	MORPH=empty
tien	tenir1	VERcjg	MORPH=empty
ta	ton4	DETpos	MORPH=empty
voie	voie	NOMcom	MORPH=empty
et	et	CONcoo	MORPH=empty
si	si	ADVgen	MORPH=empty
va	aler	VERcjg	MORPH=empty
fere	faire	VERinf	MORPH=empty
ta	ton4	DETpos	MORPH=empty
besoigne	besoigne	NOMcom	MORPH=empty
.	.	PONfrt	MORPH=empty
"	"	PONpxx	MORPH=empty
Maintenant	maintenant	ADVgen	MORPH=empty
cil	cel	PROdem	MORPH=empty
de	de	PRE	MORPH=empty
lui	il	PROper	MORPH=empty
s'	soi1	PROper	MORPH=empty
esloigne	esloignier	VERcjg	MORPH=empty
,	,	PONfbl	MORPH=empty
ne	ne1	ADVneg	MORPH=empty
fu	estre1	VERcjg	MORPH=empty
pas	pas	ADVneg	MORPH=empty
tex	tel	ADJind	MORPH=empty
que	que4	CONsub	MORPH=empty
puis	puis	ADVgen	MORPH=empty
osast	oser	VERcjg	MORPH=empty
parler	parler	VERinf	MORPH=empty
de	de	PRE	MORPH=empty
rien	rien	PROind	MORPH=empty
qui	qui	PROrel	MORPH=empty
li	il	PROper	MORPH=empty
grevast	grever	VERcjg	MORPH=empty
.	.	PONfrt	MORPH=empty
Et	et	CONcoo	MORPH=empty
li	le	DETdef	MORPH=empty
tornoiemanz	tornoiement	NOMcom	MORPH=empty
remaint	remanoir	VERcjg	MORPH=empty
,	,	PONfbl	MORPH=empty
mes	mais1	CONcoo	MORPH=empty
chevaliers	chevalier	NOMcom	MORPH=empty
i	i2	PROadv	MORPH=empty
ot	avoir	VERcjg	MORPH=empty
pris	prendre	VERppe	MORPH=empty
maint	maint	PROind	MORPH=empty
et	et	CONcoo	MORPH=empty
maint	maint	DETind	MORPH=empty
cheval	cheval	NOMcom	MORPH=empty
i	i2	PROadv	MORPH=empty
ot	avoir	VERcjg	MORPH=empty
ocis	ocire	VERppe	MORPH=empty
,	,	PONfbl	MORPH=empty
s'	si	ADVgen	MORPH=empty
an	en2	PROadv	MORPH=empty
orent	avoir	VERcjg	MORPH=empty
cil	cel	PROdem	MORPH=empty
de	de	PRE	MORPH=empty
la	là	ADVgen	MORPH=empty
le	le	DETdef	MORPH=empty
pris	pris1	NOMcom	MORPH=empty
,	,	PONfbl	MORPH=empty
et	et	CONcoo	MORPH=empty
cil	cel	PROdem	MORPH=empty
dehors	defors	ADVgen	MORPH=empty
i	i2	PROadv	MORPH=empty
gaaignerent	gäaignier1	VERcjg	MORPH=empty
,	,	PONfbl	MORPH=empty
et	et	CONcoo	MORPH=empty
au	a3+le	PRE.DETdef	MORPH=empty
departir	departir	VERinf	MORPH=empty
rafierent	rafïer	VERcjg	MORPH=empty
que	que4	CONsub	MORPH=empty
l'	le	DETdef	MORPH=empty
andemain	endemain	NOMcom	MORPH=empty
rasanbleroient	rassembler	VERcjg	MORPH=empty
et	et	CONcoo	MORPH=empty
tote	tot	DETind	MORPH=empty
jor	jor	NOMcom	MORPH=empty
tornoieroient	tornoiier	VERcjg	MORPH=empty
.	.	PONfrt	MORPH=empty
Ensi	ainsi	ADVgen	MORPH=empty
departirent	departir	VERcjg	MORPH=empty
la	le	DETdef	MORPH=empty
nuit	nuit	NOMcom	MORPH=empty
et	et	CONcoo	MORPH=empty
retornent	retorner	VERcjg	MORPH=empty
el	en1+le	PRE.DETdef	MORPH=empty
chastel	chastel	NOMcom	MORPH=empty
tuit	tot	DETind	MORPH=empty
cil	cel	PROdem	MORPH=empty
qui	qui	PROrel	MORPH=empty
an	en2	PROadv	MORPH=empty
estoient	estre1	VERcjg	MORPH=empty
issu	issir	VERppe	MORPH=empty
.	.	PONfrt	MORPH=empty
Et	et	CONcoo	MORPH=empty
messire	seignor	NOMcom	MORPH=empty
Gauvains	Gauvain	NOMpro	MORPH=empty
i	i2	PROadv	MORPH=empty
fu	estre1	VERcjg	MORPH=empty
,	,	PONfbl	MORPH=empty
qui	qui	PROrel	MORPH=empty
aprés	après	PRE	MORPH=empty
la	le	DETdef	MORPH=empty
rote	rote4	NOMcom	MORPH=empty
i	i2	PROadv	MORPH=empty
antra	entrer	VERcjg	MORPH=empty
,	,	PONfbl	MORPH=empty
et	et	CONcoo	MORPH=empty
devant	devant	PRE	MORPH=empty
la	le	DETdef	MORPH=empty
porte	porte1	NOMcom	MORPH=empty
ancontra	encontrer	VERcjg	MORPH=empty
le	le	DETdef	MORPH=empty
prodome	pro	NOMcom	MORPH=empty
,	,	PONfbl	MORPH=empty
le	le	DETdef	MORPH=empty
vavasor	vavassor	NOMcom	MORPH=empty
,	,	PONfbl	MORPH=empty
qui	qui	PROrel	MORPH=empty
au	a3+le	PRE.DETdef	MORPH=empty
seignor	seignor	NOMcom	MORPH=empty
dona	doner	VERcjg	MORPH=empty
le	le	DETdef	MORPH=empty
jor	jor	NOMcom	MORPH=empty
consoil	conseil	NOMcom	MORPH=empty
del	de+le	PRE.DETdef	MORPH=empty
tornoi	tornoi	NOMcom	MORPH=empty
comancier	comencier	VERinf	MORPH=empty
,	,	PONfbl	MORPH=empty
si	si	ADVgen	MORPH=empty
le	il	PROper	MORPH=empty
prie	priier	VERcjg	MORPH=empty
de	de	PRE	MORPH=empty
herbergier	herbergier	VERinf	MORPH=empty
et	et	CONcoo	MORPH=empty
deboneremant	debonairement	ADVgen	MORPH=empty
et	et	CONcoo	MORPH=empty
bel	bel1	ADJqua	MORPH=empty
,	,	PONfbl	MORPH=empty
et	et	CONcoo	MORPH=empty
dist	dire	VERcjg	MORPH=empty
:	:	PONfbl	MORPH=empty
"	"	PONpxx	MORPH=empty
Sire	seignor	NOMcom	MORPH=empty
,	,	PONfbl	MORPH=empty
an	en1	PRE	MORPH=empty
ce	ce2	DETdem	MORPH=empty
chastel	chastel	NOMcom	MORPH=empty
est	estre1	VERcjg	MORPH=empty
vostre	vostre	DETpos	MORPH=empty
ostex	ostel	NOMcom	MORPH=empty
toz	tot	ADVgen	MORPH=empty
atornez	atorner	VERppe	MORPH=empty
.	.	PONfrt	MORPH=empty
Se	se	CONsub	MORPH=empty
vos	vos	PROper	MORPH=empty
plest	plaire	VERcjg	MORPH=empty
,	,	PONfbl	MORPH=empty
hui	ui	ADVgen	MORPH=empty
mes	mais1	ADVgen	MORPH=empty
remenez	remanoir	VERcjg	MORPH=empty
,	,	PONfbl	MORPH=empty
que	que4	CONcoo	MORPH=empty
,	,	PONfbl	MORPH=empty
se	se	CONsub	MORPH=empty
vos	vos	PROper	MORPH=empty
avant	avant	ADVgen	MORPH=empty
aleiez	aler	VERcjg	MORPH=empty
,	,	PONfbl	MORPH=empty
boen	bon	ADJqua	MORPH=empty
ostel	ostel	NOMcom	MORPH=empty
hui	ui	ADVgen	MORPH=empty
mes	mais1	ADVgen	MORPH=empty
n'	ne1	ADVneg	MORPH=empty
avreiez	avoir	VERcjg	MORPH=empty
.	.	PONfrt	MORPH=empty
Por	por2	PRE	MORPH=empty
ce	ce1	PROdem	MORPH=empty
de	de	PRE	MORPH=empty
remenoir	remanoir	VERinf	MORPH=empty
vos	vos	PROper	MORPH=empty
pri	priier	VERcjg	MORPH=empty
.	.	PONfrt	MORPH=empty
Ge	je	PROper	MORPH=empty
remandrai	remanoir	VERcjg	MORPH=empty
,	,	PONfbl	MORPH=empty
vostre	vostre	DETpos	MORPH=empty
merci	merci	NOMcom	MORPH=empty
,	,	PONfbl	MORPH=empty
fet	faire	VERcjg	MORPH=empty
messire	seignor	NOMcom	MORPH=empty
Gauvains	Gauvain	NOMpro	MORPH=empty
,	,	PONfbl	MORPH=empty
biau	bel1	ADJqua	MORPH=empty
sire	seignor	NOMcom	MORPH=empty
,	,	PONfbl	MORPH=empty
que	que4	CONcoo	MORPH=empty
j'	je	PROper	MORPH=empty
ai	avoir	VERcjg	MORPH=empty
asez	assez	ADVgen	MORPH=empty
pis	pis1	ADVgen	MORPH=empty
oï	öir	VERppe	MORPH=empty
dire	dire	VERinf	MORPH=empty
.	.	PONfrt	MORPH=empty
"	"	PONpxx	MORPH=empty
Li	le	DETdef	MORPH=empty
vavasors	vavassor	NOMcom	MORPH=empty
an	en1	PRE	MORPH=empty
son	son4	DETpos	MORPH=empty
ostel	ostel	NOMcom	MORPH=empty
l'	il	PROper	MORPH=empty
an	en2	PROadv	MORPH=empty
mainne	mener	VERcjg	MORPH=empty
o	o4	PRE	MORPH=empty
lui	il	PROper	MORPH=empty
,	,	PONfbl	MORPH=empty
et	et	CONcoo	MORPH=empty
d'	de	PRE	MORPH=empty
un	un	PROind	MORPH=empty
et	et	CONcoo	MORPH=empty
d'	de	PRE	MORPH=empty
el	el1	PROper	MORPH=empty
li	il	PROper	MORPH=empty
demande	demander	VERcjg	MORPH=empty
et	et	CONcoo	MORPH=empty
que	que3	PROint	MORPH=empty
ce	ce1	PROdem	MORPH=empty
devoit	devoir	VERcjg	MORPH=empty
que	que4	CONsub	MORPH=empty
le	le	DETdef	MORPH=empty
jor	jor	NOMcom	MORPH=empty
avoec	avuec	PRE	MORPH=empty
ax	il	PROper	MORPH=empty
n'	ne1	ADVneg	MORPH=empty
avoit	avoir	VERcjg	MORPH=empty
armes	arme	NOMcom	MORPH=empty
portees	porter	VERppe	MORPH=empty
au	a3+le	PRE.DETdef	MORPH=empty
tornoi	tornoi	NOMcom	MORPH=empty
.	.	PONfrt	MORPH=empty
Et	et	CONcoo	MORPH=empty
il	il	PROper	MORPH=empty
li	il	PROper	MORPH=empty
dit	dire	VERcjg	MORPH=empty
tot	tot	DETind	MORPH=empty
le	le	DETdef	MORPH=empty
por	por2	PRE	MORPH=empty
coi	coi2	PROrel	MORPH=empty
,	,	PONfbl	MORPH=empty
qu'	que4	CONsub	MORPH=empty
an	on	PROind	MORPH=empty
l'	il	PROper	MORPH=empty
apele	apeler	VERcjg	MORPH=empty
de	de	PRE	MORPH=empty
traïson	träison	NOMcom	MORPH=empty
,	,	PONfbl	MORPH=empty
si	si	ADVgen	MORPH=empty
se	soi1	PROper	MORPH=empty
doit	devoir	VERcjg	MORPH=empty
garder	garder	VERinf	MORPH=empty
de	de	PRE	MORPH=empty
prison	prison	NOMcom	MORPH=empty
,	,	PONfbl	MORPH=empty
de	de	PRE	MORPH=empty
lui	il	PROper	MORPH=empty
marmetre	maumetre	VERinf	MORPH=empty
et	et	CONcoo	MORPH=empty
de	de	PRE	MORPH=empty
blecier	blecier	VERinf	MORPH=empty
tant	tant	ADVgen	MORPH=empty
qu'	que4	CONsub	MORPH=empty
il	il	PROper	MORPH=empty
se	soi1	PROper	MORPH=empty
puisse	pöoir	VERcjg	MORPH=empty
hors	hors	ADVgen	MORPH=empty
gitier	jeter	VERinf	MORPH=empty
del	de+le	PRE.DETdef	MORPH=empty
blasme	blasme	NOMcom	MORPH=empty
qui	qui	PROrel	MORPH=empty
sus	sus	ADVgen	MORPH=empty
li	il	PROper	MORPH=empty
est	estre1	VERcjg	MORPH=empty
mis	metre2	VERppe	MORPH=empty
.	.	PONfrt	MORPH=empty
Et	et	CONcoo	MORPH=empty
lui	il	PROper	MORPH=empty
et	et	CONcoo	MORPH=empty
trestoz	trestot	DETind	MORPH=empty
ses	son4	DETpos	MORPH=empty
amis	ami	NOMcom	MORPH=empty
porroit	pöoir	VERcjg	MORPH=empty
honir	honir	VERinf	MORPH=empty
par	par	PRE	MORPH=empty
sa	son4	DETpos	MORPH=empty
demore	demore	NOMcom	MORPH=empty
,	,	PONfbl	MORPH=empty
s'	se	CONsub	MORPH=empty
il	il	PROper	MORPH=empty
ne	ne1	ADVneg	MORPH=empty
pooit	pöoir	VERcjg	MORPH=empty
venir	venir	VERinf	MORPH=empty
a	a3	PRE	MORPH=empty
ore	ore3	NOMcom	MORPH=empty
de	de	PRE	MORPH=empty
la	le	DETdef	MORPH=empty
bataille	bataille	NOMcom	MORPH=empty
qu'	que2	PROrel	MORPH=empty
anprise	emprendre	VERppe	MORPH=empty
a	avoir	VERcjg	MORPH=empty
.	.	PONfrt	MORPH=empty
Li	le	DETdef	MORPH=empty
vavasors	vavassor	NOMcom	MORPH=empty
mialz	mieus	ADVgen	MORPH=empty
l'	il	PROper	MORPH=empty
an	en2	PROadv	MORPH=empty
prisa	prisier	VERcjg	MORPH=empty
et	et	CONcoo	MORPH=empty
dit	dire	VERcjg	MORPH=empty
que	que4	CONsub	MORPH=empty
bon	bon	ADJqua	MORPH=empty
gré	gré2	NOMcom	MORPH=empty
li	il	PROper	MORPH=empty
savoit	savoir	VERcjg	MORPH=empty
:	:	PONfbl	MORPH=empty
qant	cant1	CONsub	MORPH=empty
il	il	PROper	MORPH=empty
por	por2	PRE	MORPH=empty
ce	ce1	PROdem	MORPH=empty
lessié	laissier	VERppe	MORPH=empty
l'	il	PROper	MORPH=empty
avoit	avoir	VERcjg	MORPH=empty
,	,	PONfbl	MORPH=empty
le	le	DETdef	MORPH=empty
tornoi	tornoi	NOMcom	MORPH=empty
,	,	PONfbl	MORPH=empty
il	il	PROper	MORPH=empty
ot	avoir	VERcjg	MORPH=empty
fet	faire	VERppe	MORPH=empty
reison	raison	NOMcom	MORPH=empty
.	.	PONfrt	MORPH=empty
Lors	lors	ADVgen	MORPH=empty
l'	il	PROper	MORPH=empty
an	en2	PROadv	MORPH=empty
mena	mener	VERcjg	MORPH=empty
an	en1	PRE	MORPH=empty
sa	son4	DETpos	MORPH=empty
meison	maison	NOMcom	MORPH=empty
li	le	DETdef	MORPH=empty
vavasors	vavassor	NOMcom	MORPH=empty
,	,	PONfbl	MORPH=empty
lors	lors	ADVgen	MORPH=empty
si	si	ADVgen	MORPH=empty
descendent	descendre	VERcjg	MORPH=empty
.	.	PONfrt	MORPH=empty
Et	et	CONcoo	MORPH=empty
les	le	DETdef	MORPH=empty
genz	gent1	NOMcom	MORPH=empty
de	de	PRE	MORPH=empty
la	le	DETdef	MORPH=empty
tor	tor2	NOMcom	MORPH=empty
antandent	entendre	VERcjg	MORPH=empty
a	a3	PRE	MORPH=empty
lui	il	PROper	MORPH=empty
ancuser	encuser	VERinf	MORPH=empty
duremant	durement	ADVgen	MORPH=empty
et	et	CONcoo	MORPH=empty
an	en2	PROadv	MORPH=empty
tienent	tenir1	VERcjg	MORPH=empty
lor	lor2	DETpos	MORPH=empty
parlemant	parlement	NOMcom	MORPH=empty
comant	coment1	ADVsub	MORPH=empty
li	le	DETdef	MORPH=empty
sires	seignor	NOMcom	MORPH=empty
prandre	prendre	VERinf	MORPH=empty
l'	il	PROper	MORPH=empty
aille	aler	VERcjg	MORPH=empty
.	.	PONfrt	MORPH=empty
Et	et	CONcoo	MORPH=empty
s'	son4	DETpos	MORPH=empty
ainznee	ainzné	ADJqua	MORPH=empty
fille	fille	NOMcom	MORPH=empty
travaille	travaillier	VERcjg	MORPH=empty
de	de	PRE	MORPH=empty
quanque	cantque	PROrel	MORPH=empty
ele	il	PROper	MORPH=empty
puet	pöoir	VERcjg	MORPH=empty
et	et	CONcoo	MORPH=empty
set	savoir	VERcjg	MORPH=empty
por	por2	PRE	MORPH=empty
sa	son4	DETpos	MORPH=empty
seror	seror	NOMcom	MORPH=empty
que	que2	PROrel	MORPH=empty
ele	il	PROper	MORPH=empty
het	häir	VERcjg	MORPH=empty
:	:	PONfbl	MORPH=empty
"	"	PONpxx	MORPH=empty
Sire	seignor	NOMcom	MORPH=empty
,	,	PONfbl	MORPH=empty
fet	faire	VERcjg	MORPH=empty
ele	il	PROper	MORPH=empty
,	,	PONfbl	MORPH=empty
ge	je	PROper	MORPH=empty
sai	savoir	VERcjg	MORPH=empty
bien	bien1	ADVgen	MORPH=empty
que	que4	CONsub	MORPH=empty
vos	vos	PROper	MORPH=empty
n'	ne1	ADVneg	MORPH=empty
avez	avoir	VERcjg	MORPH=empty
hui	ui	ADVgen	MORPH=empty
perdu	perdre	VERppe	MORPH=empty
rien	rien	PROind	MORPH=empty
,	,	PONfbl	MORPH=empty
einz	ainz	ADVgen	MORPH=empty
cuit	cuidier1	VERcjg	MORPH=empty
que	que4	CONsub	MORPH=empty
gaaignié	gäaignier1	VERppe	MORPH=empty
avez	avoir	VERcjg	MORPH=empty
plus	plus	ADVgen	MORPH=empty
asez	assez	ADVgen	MORPH=empty
que	que1	CONsub	MORPH=empty
vos	vos	PROper	MORPH=empty
ne	ne1	ADVneg	MORPH=empty
savez	savoir	VERcjg	MORPH=empty
,	,	PONfbl	MORPH=empty
et	et	CONcoo	MORPH=empty
si	si	ADVgen	MORPH=empty
vos	vos	PROper	MORPH=empty
dirai	dire	VERcjg	MORPH=empty
bien	bien1	ADVgen	MORPH=empty
comant	coment1	ADVsub	MORPH=empty
.	.	PONfrt	MORPH=empty
Ja	ja	ADVgen	MORPH=empty
mar	mar	ADVgen	MORPH=empty
feroiz	faire	VERcjg	MORPH=empty
que	que4	CONsub	MORPH=empty
seulemant	solement2	ADVgen	MORPH=empty
comander	comander	VERinf	MORPH=empty
que	que4	CONsub	MORPH=empty
l'	le	DETdef	MORPH=empty
an	on	PROind	MORPH=empty
aille	aler	VERcjg	MORPH=empty
prandre	prendre	VERinf	MORPH=empty
.i.	un	DETndf	MORPH=empty
chevalier	chevalier	NOMcom	MORPH=empty
qui	qui	PROrel	MORPH=empty
,	,	PONfbl	MORPH=empty
sanz	sans	PRE	MORPH=empty
desfandre	defendre	VERinf	MORPH=empty
,	,	PONfbl	MORPH=empty
sert	servir	VERcjg	MORPH=empty
ceanz	çaienz	ADVgen	MORPH=empty
de	de	PRE	MORPH=empty
malvese	mauvais	ADJqua	MORPH=empty
guile	guile	NOMcom	MORPH=empty
.	.	PONfrt	MORPH=empty
S'	si	ADVgen	MORPH=empty
a	avoir	VERcjg	MORPH=empty
amené	amener	VERppe	MORPH=empty
an	en1	PRE	MORPH=empty
ceste	cest	DETdem	MORPH=empty
vile	vile	NOMcom	MORPH=empty
escuz	escu	NOMcom	MORPH=empty
,	,	PONfbl	MORPH=empty
et	et	CONcoo	MORPH=empty
lances	lance	NOMcom	MORPH=empty
fet	faire	VERcjg	MORPH=empty
porter	porter	VERinf	MORPH=empty
et	et	CONcoo	MORPH=empty
chevax	cheval	NOMcom	MORPH=empty
an	en1	PRE	MORPH=empty
destre	destre	ADJqua	MORPH=empty
mener	mener	VERinf	MORPH=empty
,	,	PONfbl	MORPH=empty
et	et	CONcoo	MORPH=empty
se	soi1	PROper	MORPH=empty
franchist	franchir	VERcjg	MORPH=empty
an	en1	PRE	MORPH=empty
tele	tel	DETind	MORPH=empty
guise	guise	NOMcom	MORPH=empty
con	come1	CONsub	MORPH=empty
s'	se	CONsub	MORPH=empty
il	il	PROper	MORPH=empty
voist	aler	VERcjg	MORPH=empty
an	en1	PRE	MORPH=empty
marcheandise	marchëandise	NOMcom	MORPH=empty
.	.	PONfrt	MORPH=empty
Mes	mais1	CONcoo	MORPH=empty
or	or4	ADVgen	MORPH=empty
l'	il	PROper	MORPH=empty
an	en2	PROadv	MORPH=empty
randez	rendre	VERcjg	MORPH=empty
sa	son4	DETpos	MORPH=empty
desserte	deserte2	NOMcom	MORPH=empty
.	.	PONfrt	MORPH=empty
Il	il	PROper	MORPH=empty
est	estre1	VERcjg	MORPH=empty
chiés	chiés	PRE	MORPH=empty
Gerin	Garin	NOMpro	MORPH=empty
le	le	DETdef	MORPH=empty
fil	fil2	NOMcom	MORPH=empty
Berte	Berte	NOMpro	MORPH=empty
,	,	PONfbl	MORPH=empty
qu'	que4	CONsub	MORPH=empty
a	a3	PRE	MORPH=empty
son	son4	DETpos	MORPH=empty
ostel	ostel	NOMcom	MORPH=empty
herbergié	herbergier	VERppe	MORPH=empty
l'	il	PROper	MORPH=empty
a	avoir	VERcjg	MORPH=empty
.	.	PONfrt	MORPH=empty
Or	or4	ADVgen	MORPH=empty
androit	endroit	ADVgen	MORPH=empty
par	par	PRE	MORPH=empty
ci	ci	ADVgen	MORPH=empty
trespassa	trespasser	VERcjg	MORPH=empty
,	,	PONfbl	MORPH=empty
que	que4	CONcoo	MORPH=empty
ge	je	PROper	MORPH=empty
vi	vëoir	VERcjg	MORPH=empty
que	que4	CONsub	MORPH=empty
il	il	PROper	MORPH=empty
l'	il	PROper	MORPH=empty
an	en2	PROadv	MORPH=empty
menoit	mener	VERcjg	MORPH=empty
.	.	PONfrt	MORPH=empty
"	"	PONpxx	MORPH=empty
Tot	tot	ADVgen	MORPH=empty
ensi	ainsi	ADVgen	MORPH=empty
cele	cel	PROdem	MORPH=empty
se	soi1	PROper	MORPH=empty
penoit	pener	VERcjg	MORPH=empty
qu'	que4	CONsub	MORPH=empty
ele	il	PROper	MORPH=empty
li	il	PROper	MORPH=empty
feïst	faire	VERcjg	MORPH=empty
fere	faire	VERinf	MORPH=empty
honte	honte	NOMcom	MORPH=empty
.	.	PONfrt	MORPH=empty
Et	et	CONcoo	MORPH=empty
li	le	DETdef	MORPH=empty
sires	seignor	NOMcom	MORPH=empty
maintenant	maintenant	ADVgen	MORPH=empty
monte	monter	VERcjg	MORPH=empty
;	;	PONfbl	MORPH=empty
il	il	PROper	MORPH=empty
meïsmes	mëisme	ADJind	MORPH=empty
aler	aler	VERinf	MORPH=empty
i	i2	PROadv	MORPH=empty
vialt	voloir	VERcjg	MORPH=empty
,	,	PONfbl	MORPH=empty
tot	tot	ADVgen	MORPH=empty
droit	droit	ADJqua	MORPH=empty
a	a3	PRE	MORPH=empty
la	le	DETdef	MORPH=empty
meison	maison	NOMcom	MORPH=empty
s'	soi1	PROper	MORPH=empty
aquialt	acoillir	VERcjg	MORPH=empty
ou	où	PROrel	MORPH=empty
messire	seignor	NOMcom	MORPH=empty
Gauvains	Gauvain	NOMpro	MORPH=empty
estoit	estre1	VERcjg	MORPH=empty
.	.	PONfrt	MORPH=empty
Qant	cant1	CONsub	MORPH=empty
sa	son4	DETpos	MORPH=empty
petite	petit	ADJqua	MORPH=empty
fille	fille	NOMcom	MORPH=empty
voit	vëoir	VERcjg	MORPH=empty
que	que4	CONsub	MORPH=empty
il	il	PROper	MORPH=empty
i	i2	PROadv	MORPH=empty
vet	aler	VERcjg	MORPH=empty
an	en1	PRE	MORPH=empty
tel	tel	DETind	MORPH=empty
meniere	maniere	NOMcom	MORPH=empty
,	,	PONfbl	MORPH=empty
si	si	ADVgen	MORPH=empty
s'	soi1	PROper	MORPH=empty
aquiaut	acoillir	VERcjg	MORPH=empty
par	par	PRE	MORPH=empty
un	un	DETndf	MORPH=empty
huis	uis	NOMcom	MORPH=empty
derriere	derrier(e)	ADVgen	MORPH=empty
;	;	PONfbl	MORPH=empty
ele	il	PROper	MORPH=empty
n'	ne1	ADVneg	MORPH=empty
a	avoir	VERcjg	MORPH=empty
soing	soing	NOMcom	MORPH=empty
que	que4	CONsub	MORPH=empty
nus	nul	PROind	MORPH=empty
la	il	PROper	MORPH=empty
voie	vëoir	VERcjg	MORPH=empty
,	,	PONfbl	MORPH=empty
si	si	ADVgen	MORPH=empty
s'	soi1	PROper	MORPH=empty
an	en2	PROadv	MORPH=empty
va	aler	VERcjg	MORPH=empty
tost	tost1	ADVgen	MORPH=empty
et	et	CONcoo	MORPH=empty
droite	droit	ADJqua	MORPH=empty
voie	voie	NOMcom	MORPH=empty
a	a3	PRE	MORPH=empty
l'	le	DETdef	MORPH=empty
ostel	ostel	NOMcom	MORPH=empty
monseignor	seignor	NOMcom	MORPH=empty
Gauvain	Gauvain	NOMpro	MORPH=empty
,	,	PONfbl	MORPH=empty
chiés	chiés	PRE	MORPH=empty
dan	Damnedeu	NOMcom	MORPH=empty
Gerin	Garin	NOMpro	MORPH=empty
le	le	DETdef	MORPH=empty
fil	fil2	NOMcom	MORPH=empty
Bertain	Berte	NOMpro	MORPH=empty
,	,	PONfbl	MORPH=empty
qui	qui	PROrel	MORPH=empty
.ii.	2	DETcar	MORPH=empty
filles	fille	NOMcom	MORPH=empty
avoit	avoir	VERcjg	MORPH=empty
mout	mout	ADVgen	MORPH=empty
beles	bel1	ADJqua	MORPH=empty
.	.	PONfrt	MORPH=empty
Et	et	CONcoo	MORPH=empty
quant	cant1	CONsub	MORPH=empty
ce	ce1	PROdem	MORPH=empty
virent	vëoir	VERcjg	MORPH=empty
les	le	DETdef	MORPH=empty
puceles	pucele	NOMcom	MORPH=empty
que	que4	CONsub	MORPH=empty
lor	lor2	DETpos	MORPH=empty
petite	petit	ADJqua	MORPH=empty
dame	dame	NOMcom	MORPH=empty
vient	venir	VERcjg	MORPH=empty
,	,	PONfbl	MORPH=empty
joie	joie	NOMcom	MORPH=empty
fere	faire	VERinf	MORPH=empty
lor	il	PROper	MORPH=empty
an	en2	PROadv	MORPH=empty
covient	covenir	VERcjg	MORPH=empty
,	,	PONfbl	MORPH=empty
et	et	CONcoo	MORPH=empty
si	si	ADVgen	MORPH=empty
font	faire	VERcjg	MORPH=empty
eles	il	PROper	MORPH=empty
sanz	sans	PRE	MORPH=empty
faintise	feintise	NOMcom	MORPH=empty
.	.	PONfrt	MORPH=empty
Chascune	chascun	PROind	MORPH=empty
par	par	PRE	MORPH=empty
la	le	DETdef	MORPH=empty
main	main2	NOMcom	MORPH=empty
l'	il	PROper	MORPH=empty
a	avoir	VERcjg	MORPH=empty
prise	prendre	VERppe	MORPH=empty
,	,	PONfbl	MORPH=empty
si	si	ADVgen	MORPH=empty
l'	il	PROper	MORPH=empty
an	en2	PROadv	MORPH=empty
mainnent	mener	VERcjg	MORPH=empty
joie	joie	NOMcom	MORPH=empty
feisant	faire	VERppa	MORPH=empty
,	,	PONfbl	MORPH=empty
les	le	DETdef	MORPH=empty
ialz	ueil	NOMcom	MORPH=empty
et	et	CONcoo	MORPH=empty
la	le	DETdef	MORPH=empty
boche	boche	NOMcom	MORPH=empty
beisant	baisier	VERppa	MORPH=empty
.	.	PONfrt	MORPH=empty
Et	et	CONcoo	MORPH=empty
remontez	remonter	VERppe	MORPH=empty
fu	estre1	VERcjg	MORPH=empty
danz	Damnedeu	NOMcom	MORPH=empty
Gerin	Garin	NOMpro	MORPH=empty
,	,	PONfbl	MORPH=empty
qui	qui	PROrel	MORPH=empty
ne	ne1	ADVneg	MORPH=empty
fu	estre1	VERcjg	MORPH=empty
povres	povre	ADJqua	MORPH=empty
ne	ne2	CONcoo	MORPH=empty
frarin	frarin	ADJqua	MORPH=empty
,	,	PONfbl	MORPH=empty
et	et	CONcoo	MORPH=empty
ses	son4	DETpos	MORPH=empty
filz	fil2	NOMcom	MORPH=empty
Bertranz	Bertrant	NOMpro	MORPH=empty
avoec	avuec	PRE	MORPH=empty
lui	il	PROper	MORPH=empty
,	,	PONfbl	MORPH=empty
si	si	ADVgen	MORPH=empty
s'	soi1	PROper	MORPH=empty
an	en2	PROadv	MORPH=empty
aloient	aler	VERcjg	MORPH=empty
amedui	ambedos	PROcar	MORPH=empty
a	a3	PRE	MORPH=empty
la	le	DETdef	MORPH=empty
cort	cort1	NOMcom	MORPH=empty
si	si	ADVgen	MORPH=empty
con	come1	CONsub	MORPH=empty
il	il	PROper	MORPH=empty
soloient	soloir	VERcjg	MORPH=empty
.	.	PONfrt	MORPH=empty
A	a3	PRE	MORPH=empty
lor	lor2	DETpos	MORPH=empty
seignor	seignor	NOMcom	MORPH=empty
parler	parler	VERinf	MORPH=empty
voloient	voloir	VERcjg	MORPH=empty
,	,	PONfbl	MORPH=empty
si	si	ADVgen	MORPH=empty
l'	il	PROper	MORPH=empty
ancontrent	encontrer	VERcjg	MORPH=empty
enmi	enmi	PRE	MORPH=empty
la	le	DETdef	MORPH=empty
rue	rüe2	NOMcom	MORPH=empty
.	.	PONfrt	MORPH=empty
Et	et	CONcoo	MORPH=empty
li	le	DETdef	MORPH=empty
vavasors	vavassor	NOMcom	MORPH=empty
le	il	PROper	MORPH=empty
salue	salüer	VERcjg	MORPH=empty
,	,	PONfbl	MORPH=empty
si	si	ADVgen	MORPH=empty
li	il	PROper	MORPH=empty
demande	demander	VERcjg	MORPH=empty
ou	où	PROrel	MORPH=empty
il	il	PROper	MORPH=empty
aloit	aler	VERcjg	MORPH=empty
;	;	PONfbl	MORPH=empty
et	et	CONcoo	MORPH=empty
il	il	PROper	MORPH=empty
li	il	PROper	MORPH=empty
dit	dire	VERcjg	MORPH=empty
que	que4	CONsub	MORPH=empty
il	il	PROper	MORPH=empty
voloit	voloir	VERcjg	MORPH=empty
an	en1	PRE	MORPH=empty
sa	son4	DETpos	MORPH=empty
meison	maison	NOMcom	MORPH=empty
aler	aler	VERinf	MORPH=empty
deduire	deduire	VERinf	MORPH=empty
.	.	PONfrt	MORPH=empty
"	"	PONpxx	MORPH=empty
Ce	ce1	PROdem	MORPH=empty
ne	ne1	ADVneg	MORPH=empty
me	je	PROper	MORPH=empty
doit	devoir	VERcjg	MORPH=empty
grever	grever	VERinf	MORPH=empty
ne	ne2	CONcoo	MORPH=empty
nuire	nuire	VERinf	MORPH=empty
,	,	PONfbl	MORPH=empty
fet	faire	VERcjg	MORPH=empty
danz	Damnedeu	NOMcom	MORPH=empty
Gerins	Garin	NOMpro	MORPH=empty
,	,	PONfbl	MORPH=empty
ne	ne2	CONcoo	MORPH=empty
desseoir	dessëoir	VERinf	MORPH=empty
,	,	PONfbl	MORPH=empty
et	et	CONcoo	MORPH=empty
vos	vos	PROper	MORPH=empty
i	i2	PROadv	MORPH=empty
porroiz	pöoir	VERcjg	MORPH=empty
ja	ja	ADVgen	MORPH=empty
veoir	vëoir	VERinf	MORPH=empty
le	le	DETdef	MORPH=empty
plus	plus	ADVgen	MORPH=empty
bel	bel1	ADJqua	MORPH=empty
chevalier	chevalier	NOMcom	MORPH=empty
de	de	PRE	MORPH=empty
terre	terre	NOMcom	MORPH=empty
.	.	PONfrt	MORPH=empty
Par	par	PRE	MORPH=empty
foi	foi	NOMcom	MORPH=empty
,	,	PONfbl	MORPH=empty
ge	je	PROper	MORPH=empty
ne	ne1	ADVneg	MORPH=empty
le	il	PROper	MORPH=empty
vois	aler	VERcjg	MORPH=empty
pas	pas	ADVneg	MORPH=empty
querre	querre	VERinf	MORPH=empty
,	,	PONfbl	MORPH=empty
fet	faire	VERcjg	MORPH=empty
li	le	DETdef	MORPH=empty
sires	seignor	NOMcom	MORPH=empty
.	.	PONfrt	MORPH=empty
Gel	je+il	PROper.PROper	MORPH=empty
ferai	faire	VERcjg	MORPH=empty
prandre	prendre	VERinf	MORPH=empty
.	.	PONfrt	MORPH=empty
Marcheanz	marchëant	NOMcom	MORPH=empty
est	estre1	VERcjg	MORPH=empty
et	et	CONcoo	MORPH=empty
si	si	ADVgen	MORPH=empty
vialt	voloir	VERcjg	MORPH=empty
vandre	vendre	VERinf	MORPH=empty
chevax	cheval	NOMcom	MORPH=empty
,	,	PONfbl	MORPH=empty
et	et	CONcoo	MORPH=empty
chevaliers	chevalier	NOMcom	MORPH=empty
se	soi1	PROper	MORPH=empty
fet	faire	VERcjg	MORPH=empty
.	.	PONfrt	MORPH=empty
Avoi	avoi	INJ	MORPH=empty
!	!	PONfrt	MORPH=empty
ci	ci	ADVgen	MORPH=empty
a	avoir	VERcjg	MORPH=empty
trop	trop	ADVgen	MORPH=empty
vilain	vilain	ADJqua	MORPH=empty
plet	plait	NOMcom	MORPH=empty
,	,	PONfbl	MORPH=empty
fet	faire	VERcjg	MORPH=empty
danz	Damnedeu	NOMcom	MORPH=empty
Gerins	Garin	NOMpro	MORPH=empty
,	,	PONfbl	MORPH=empty
que	que2	PROrel	MORPH=empty
vos	vos	PROper	MORPH=empty
oi	avoir	VERcjg	MORPH=empty
dire	dire	VERinf	MORPH=empty
!	!	PONfrt	MORPH=empty
Ge	je	PROper	MORPH=empty
sui	estre1	VERcjg	MORPH=empty
vostre	vostre	DETpos	MORPH=empty
hom	ome	NOMcom	MORPH=empty
et	et	CONcoo	MORPH=empty
vos	vos	PROper	MORPH=empty
mes	mon1	DETpos	MORPH=empty
sire	seignor	NOMcom	MORPH=empty
:	:	PONfbl	MORPH=empty
de	de	PRE	MORPH=empty
moi	je	PROper	MORPH=empty
et	et	CONcoo	MORPH=empty
de	de	PRE	MORPH=empty
tot	tot	DETind	MORPH=empty
mon	mon1	DETpos	MORPH=empty
lignage	lignage	NOMcom	MORPH=empty
vos	vos	PROper	MORPH=empty
rant	rendre	VERcjg	MORPH=empty
ge	je	PROper	MORPH=empty
ici	ici	ADVgen	MORPH=empty
vostre	vostre	DETpos	MORPH=empty
homage	omage	NOMcom	MORPH=empty
et	et	CONcoo	MORPH=empty
vos	vos	PROper	MORPH=empty
desfi	desfïer	VERcjg	MORPH=empty
tot	tot	ADVgen	MORPH=empty
maintenant	maintenant	ADVgen	MORPH=empty
einz	ainz	ADVgen	MORPH=empty
qu'	que4	CONsub	MORPH=empty
a	a3	PRE	MORPH=empty
cestui	cest	PROdem	MORPH=empty
desavenant	desavenir	VERppa	MORPH=empty
fere	faire	VERinf	MORPH=empty
an	en1	PRE	MORPH=empty
mon	mon1	DETpos	MORPH=empty
ostel	ostel	NOMcom	MORPH=empty
vos	vos	PROper	MORPH=empty
sofrisse	sofrir	VERcjg	MORPH=empty
.	.	PONfrt	MORPH=empty
Ge	je	PROper	MORPH=empty
n'	ne1	ADVneg	MORPH=empty
oi	avoir	VERcjg	MORPH=empty
talant	talent	NOMcom	MORPH=empty
que	que4	CONsub	MORPH=empty
gel	je+il	PROper.PROper	MORPH=empty
feïsse	faire	VERcjg	MORPH=empty
,	,	PONfbl	MORPH=empty
fet	faire	VERcjg	MORPH=empty
li	le	DETdef	MORPH=empty
sires	seignor	NOMcom	MORPH=empty
,	,	PONfbl	MORPH=empty
si	si	ADVgen	MORPH=empty
m'	je	PROper	MORPH=empty
aïst	aidier	VERcjg	MORPH=empty
Dex	Dieu	NOMpro	MORPH=empty
.	.	PONfrt	MORPH=empty
Ja	ja	ADVgen	MORPH=empty
vostre	vostre	DETpos	MORPH=empty
oste	oste	NOMcom	MORPH=empty
ne	ne2	CONcoo	MORPH=empty
vostre	vostre	DETpos	MORPH=empty
ostex	ostel	NOMcom	MORPH=empty
n'	ne1	ADVneg	MORPH=empty
avront	avoir	VERcjg	MORPH=empty
se	se	CONsub	MORPH=empty
enor	onor	NOMcom	MORPH=empty
non	non	ADVneg	MORPH=empty
par	par	PRE	MORPH=empty
moi	je	PROper	MORPH=empty
,	,	PONfbl	MORPH=empty
non	non	ADVneg	MORPH=empty
pas	pas	ADVneg	MORPH=empty
por	por2	PRE	MORPH=empty
ce	ce1	PROdem	MORPH=empty
,	,	PONfbl	MORPH=empty
en	en1	PRE	MORPH=empty
moie	mien	DETpos	MORPH=empty
foi	foi	NOMcom	MORPH=empty
,	,	PONfbl	MORPH=empty
que	que4	CONsub	MORPH=empty
il	il	PROper	MORPH=empty
ne	ne1	ADVneg	MORPH=empty
m'	je	PROper	MORPH=empty
ait	avoir	VERcjg	MORPH=empty
mout	mout	ADVgen	MORPH=empty
bien	bien1	ADVgen	MORPH=empty
esté	estre1	VERppe	MORPH=empty
conseillié	conseillier1	VERppe	MORPH=empty
et	et	CONcoo	MORPH=empty
amonesté	amonester	VERppe	MORPH=empty
.	.	PONfrt	MORPH=empty
Granz	grant	ADJqua	MORPH=empty
merciz	merci	NOMcom	MORPH=empty
!	!	PONfrt	MORPH=empty
fet	faire	VERcjg	MORPH=empty
li	le	DETdef	MORPH=empty
vavasors	vavassor	NOMcom	MORPH=empty
,	,	PONfbl	MORPH=empty
et	et	CONcoo	MORPH=empty
il	il	PROimp	MORPH=empty
me	je	PROper	MORPH=empty
sera	estre1	VERcjg	MORPH=empty
ja	ja	ADVgen	MORPH=empty
enors	onor	NOMcom	MORPH=empty
que	que4	CONsub	MORPH=empty
vos	vos	PROper	MORPH=empty
veigniez	venir	VERcjg	MORPH=empty
veoir	vëoir	VERinf	MORPH=empty
mon	mon1	DETpos	MORPH=empty
oste	oste	NOMcom	MORPH=empty
.	.	PONfrt	MORPH=empty
"	"	PONpxx	MORPH=empty
Li	le	DETdef	MORPH=empty
uns	un	PROind	MORPH=empty
delez	dalez	PRE	MORPH=empty
l'	le	DETdef	MORPH=empty
autre	autre	PROind	MORPH=empty
s'	soi1	PROper	MORPH=empty
acoste	acoster	VERcjg	MORPH=empty
tot	tot	ADVgen	MORPH=empty
maintenant	maintenant	ADVgen	MORPH=empty
et	et	CONcoo	MORPH=empty
si	si	ADVgen	MORPH=empty
s'	soi1	PROper	MORPH=empty
an	en2	PROadv	MORPH=empty
vont	aler	VERcjg	MORPH=empty
tant	tant	ADVgen	MORPH=empty
que	que4	CONsub	MORPH=empty
a	a3	PRE	MORPH=empty
l'	le	DETdef	MORPH=empty
ostel	ostel	NOMcom	MORPH=empty
venu	venir	VERppe	MORPH=empty
sont	estre1	VERcjg	MORPH=empty
ou	où	PROrel	MORPH=empty
messire	seignor	NOMcom	MORPH=empty
Gauvains	Gauvain	NOMpro	MORPH=empty
estoit	estre1	VERcjg	MORPH=empty
.	.	PONfrt	MORPH=empty
Qant	cant1	CONsub	MORPH=empty
messire	seignor	NOMcom	MORPH=empty
Gauvains	Gauvain	NOMpro	MORPH=empty
les	il	PROper	MORPH=empty
voit	vëoir	VERcjg	MORPH=empty
,	,	PONfbl	MORPH=empty
qui	qui	PROrel	MORPH=empty
mout	mout	ADVgen	MORPH=empty
estoit	estre1	VERcjg	MORPH=empty
bien	bien1	ADVgen	MORPH=empty
anseigniez	enseignier	VERppe	MORPH=empty
,	,	PONfbl	MORPH=empty
ses	si+il	ADVgen.PROper	MORPH=empty
salue	salüer	VERcjg	MORPH=empty
et	et	CONcoo	MORPH=empty
dit	dire	VERcjg	MORPH=empty
:	:	PONfbl	MORPH=empty
"	"	PONpxx	MORPH=empty
Bien	bien1	ADVgen	MORPH=empty
vaigniez	venir	VERcjg	MORPH=empty
!	!	PONfrt	MORPH=empty
"	"	PONpxx	MORPH=empty
Et	et	CONcoo	MORPH=empty
il	il	PROper	MORPH=empty
le	il	PROper	MORPH=empty
saluent	salüer	VERcjg	MORPH=empty
andui	ambedos	PROcar	MORPH=empty
,	,	PONfbl	MORPH=empty
aprés	après	ADVgen	MORPH=empty
s'	soi1	PROper	MORPH=empty
asieent	asseoir	VERcjg	MORPH=empty
delez	dalez	PRE	MORPH=empty
lui	il	PROper	MORPH=empty
.	.	PONfrt	MORPH=empty
Lors	lors	ADVgen	MORPH=empty
li	il	PROper	MORPH=empty
a	avoir	VERcjg	MORPH=empty
li	le	DETdef	MORPH=empty
prodom	pro	NOMcom	MORPH=empty
anquis	enquerre	VERppe	MORPH=empty
,	,	PONfbl	MORPH=empty
qui	qui	PROrel	MORPH=empty
estoit	estre1	VERcjg	MORPH=empty
sires	seignor	NOMcom	MORPH=empty
del	de+le	PRE.DETdef	MORPH=empty
païs	päis	NOMcom	MORPH=empty
,	,	PONfbl	MORPH=empty
por	por2	PRE	MORPH=empty
coi	coi2	PROrel	MORPH=empty
s'	soi1	PROper	MORPH=empty
estoit	estre1	VERcjg	MORPH=empty
le	le	DETdef	MORPH=empty
jor	jor	NOMcom	MORPH=empty
tenuz	tenir1	VERppe	MORPH=empty
qu'	que4	CONsub	MORPH=empty
il	il	PROper	MORPH=empty
n'	ne1	ADVneg	MORPH=empty
estoit	estre1	VERcjg	MORPH=empty
au	a3+le	PRE.DETdef	MORPH=empty
tornoi	tornoi	NOMcom	MORPH=empty
venuz	venir	VERppe	MORPH=empty
et	et	CONcoo	MORPH=empty
por	por2	PRE	MORPH=empty
coi	coi2	PROrel	MORPH=empty
il	il	PROper	MORPH=empty
n'	ne1	ADVneg	MORPH=empty
ot	avoir	VERcjg	MORPH=empty
tornoié	tornoiier	VERppe	MORPH=empty
.	.	PONfrt	MORPH=empty
Et	et	CONcoo	MORPH=empty
il	il	PROper	MORPH=empty
ne	ne1	ADVneg	MORPH=empty
lor	il	PROper	MORPH=empty
a	avoir	VERcjg	MORPH=empty
pas	pas	ADVneg	MORPH=empty
noié	noiier2	VERppe	MORPH=empty
,	,	PONfbl	MORPH=empty
mes	mais1	CONcoo	MORPH=empty
tote	tot	DETind	MORPH=empty
voie	voie	NOMcom	MORPH=empty
li	il	PROper	MORPH=empty
reconte	reconter	VERcjg	MORPH=empty
,	,	PONfbl	MORPH=empty
que	que4	CONsub	MORPH=empty
il	il	PROimp	MORPH=empty
n'	ne1	ADVneg	MORPH=empty
i	i2	PROadv	MORPH=empty
eüst	avoir	VERcjg	MORPH=empty
let	lait2	NOMcom	MORPH=empty
ne	ne2	CONcoo	MORPH=empty
honte	honte	NOMcom	MORPH=empty
,	,	PONfbl	MORPH=empty
que	que4	CONsub	MORPH=empty
de	de	PRE	MORPH=empty
traïson	träison	NOMcom	MORPH=empty
l'	il	PROper	MORPH=empty
apeloit	apeler	VERcjg	MORPH=empty
uns	un	DETndf	MORPH=empty
chevaliers	chevalier	NOMcom	MORPH=empty
,	,	PONfbl	MORPH=empty
si	si	ADVgen	MORPH=empty
s'	soi1	PROper	MORPH=empty
an	en2	PROadv	MORPH=empty
aloit	aler	VERcjg	MORPH=empty
desfandre	defendre	VERinf	MORPH=empty
a	a3	PRE	MORPH=empty
une	un	DETndf	MORPH=empty
cort	cort1	NOMcom	MORPH=empty
real	roial2	ADJqua	MORPH=empty
.	.	PONfrt	MORPH=empty
Acheison	ochaison	NOMcom	MORPH=empty
eüstes	avoir	VERcjg	MORPH=empty
leal	lëal	ADJqua	MORPH=empty
,	,	PONfbl	MORPH=empty
fet	faire	VERcjg	MORPH=empty
li	le	DETdef	MORPH=empty
sires	seignor	NOMcom	MORPH=empty
,	,	PONfbl	MORPH=empty
sire	seignor	NOMcom	MORPH=empty
,	,	PONfbl	MORPH=empty
sanz	sans	PRE	MORPH=empty
faille	faille3	NOMcom	MORPH=empty
.	.	PONfrt	MORPH=empty
Mes	mais1	CONcoo	MORPH=empty
ou	où	PROint	MORPH=empty
sera	estre1	VERcjg	MORPH=empty
ceste	cest	DETdem	MORPH=empty
bataille	bataille	NOMcom	MORPH=empty
?	?	PONfrt	MORPH=empty
Sire	seignor	NOMcom	MORPH=empty
,	,	PONfbl	MORPH=empty
fet	faire	VERcjg	MORPH=empty
il	il	PROper	MORPH=empty
,	,	PONfbl	MORPH=empty
devant	devant	PRE	MORPH=empty
le	le	DETdef	MORPH=empty
roi	roi2	NOMcom	MORPH=empty
d'	de	PRE	MORPH=empty
Escavalon	Escavalon	NOMpro	MORPH=empty
aler	aler	VERinf	MORPH=empty
an	en2	PROadv	MORPH=empty
doi	devoir	VERcjg	MORPH=empty
,	,	PONfbl	MORPH=empty
et	et	CONcoo	MORPH=empty
ge	je	PROper	MORPH=empty
i	i2	PROadv	MORPH=empty
vois	aler	VERcjg	MORPH=empty
mout	mout	ADVgen	MORPH=empty
droit	droit	ADJqua	MORPH=empty
,	,	PONfbl	MORPH=empty
ce	ce1	PROdem	MORPH=empty
cuit	cuidier1	VERcjg	MORPH=empty
.	.	PONfrt	MORPH=empty
Ge	je	PROper	MORPH=empty
vos	vos	PROper	MORPH=empty
i	i2	PROadv	MORPH=empty
baillerai	baillier	VERcjg	MORPH=empty
conduit	conduit	NOMcom	MORPH=empty
,	,	PONfbl	MORPH=empty
fet	faire	VERcjg	MORPH=empty
li	le	DETdef	MORPH=empty
sires	seignor	NOMcom	MORPH=empty
,	,	PONfbl	MORPH=empty
qui	qui	PROrel	MORPH=empty
vos	vos	PROper	MORPH=empty
manra	mener	VERcjg	MORPH=empty
.	.	PONfrt	MORPH=empty
Et	et	CONcoo	MORPH=empty
por	por2	PRE	MORPH=empty
ce	ce1	PROdem	MORPH=empty
qu'	que4	CONsub	MORPH=empty
il	il	PROimp	MORPH=empty
vos	vos	PROper	MORPH=empty
covanra	covenir	VERcjg	MORPH=empty
par	par	PRE	MORPH=empty
povre	povre	ADJqua	MORPH=empty
terre	terre	NOMcom	MORPH=empty
a	a3	PRE	MORPH=empty
trespasser	trespasser	VERinf	MORPH=empty
,	,	PONfbl	MORPH=empty
vos	vos	PROper	MORPH=empty
donrai	doner	VERcjg	MORPH=empty
vitaille	vitaille	NOMcom	MORPH=empty
a	a3	PRE	MORPH=empty
porter	porter	VERinf	MORPH=empty
,	,	PONfbl	MORPH=empty
et	et	CONcoo	MORPH=empty
chevax	cheval	NOMcom	MORPH=empty
qui	qui	PROrel	MORPH=empty
la	il	PROper	MORPH=empty
porteront	porter	VERcjg	MORPH=empty
.	.	PONfrt	MORPH=empty
"	"	PONpxx	MORPH=empty
Et	et	CONcoo	MORPH=empty
messire	seignor	NOMcom	MORPH=empty
Gauvains	Gauvain	NOMpro	MORPH=empty
respont	respondre1	VERcjg	MORPH=empty
que	que4	CONsub	MORPH=empty
il	il	PROper	MORPH=empty
n'	ne1	ADVneg	MORPH=empty
a	avoir	VERcjg	MORPH=empty
nul	nul	DETind	MORPH=empty
mestier	mestier	NOMcom	MORPH=empty
del	de+le	PRE.DETdef	MORPH=empty
prandre	prendre	VERinf	MORPH=empty
,	,	PONfbl	MORPH=empty
que	que4	CONcoo	MORPH=empty
s'	se	CONsub	MORPH=empty
il	il	PROper	MORPH=empty
an	en2	PROadv	MORPH=empty
puet	pöoir	VERcjg	MORPH=empty
trover	trover	VERinf	MORPH=empty
a	a3	PRE	MORPH=empty
vandre	vendre	VERinf	MORPH=empty
,	,	PONfbl	MORPH=empty
il	il	PROper	MORPH=empty
avra	avoir	VERcjg	MORPH=empty
a	a3	PRE	MORPH=empty
planté	plenté	NOMcom	MORPH=empty
vitaille	vitaille	NOMcom	MORPH=empty
et	et	CONcoo	MORPH=empty
bons	bon	ADJqua	MORPH=empty
chevax	cheval	NOMcom	MORPH=empty
,	,	PONfbl	MORPH=empty
ou	où	PROrel	MORPH=empty
que	que2	PROrel	MORPH=empty
il	il	PROper	MORPH=empty
aille	aler	VERcjg	MORPH=empty
,	,	PONfbl	MORPH=empty
et	et	CONcoo	MORPH=empty
tot	tot	PROind	MORPH=empty
quanque	cantque	PROrel	MORPH=empty
mestiers	mestier	NOMcom	MORPH=empty
li	il	PROper	MORPH=empty
iert	estre1	VERcjg	MORPH=empty
.	.	PONfrt	MORPH=empty
Por	por2	PRE	MORPH=empty
ce	ce1	PROdem	MORPH=empty
del	de+le	PRE.DETdef	MORPH=empty
suen	suen	PROpos	MORPH=empty
mie	mie	ADVneg	MORPH=empty
ne	ne1	ADVneg	MORPH=empty
quiert	querre	VERcjg	MORPH=empty
.	.	PONfrt	MORPH=empty
A	a3	PRE	MORPH=empty
cest	cest	DETdem	MORPH=empty
mot	mot	NOMcom	MORPH=empty
li	le	DETdef	MORPH=empty
sires	seignor	NOMcom	MORPH=empty
s'	soi1	PROper	MORPH=empty
an	en2	PROadv	MORPH=empty
part	partir	VERcjg	MORPH=empty
.	.	PONfrt	MORPH=empty
Au	a3+le	PRE.DETdef	MORPH=empty
partir	partir	VERinf	MORPH=empty
vit	vëoir	VERcjg	MORPH=empty
,	,	PONfbl	MORPH=empty
de	de	PRE	MORPH=empty
l'	le	DETdef	MORPH=empty
autre	autre	ADJind	MORPH=empty
part	part1	NOMcom	MORPH=empty
,	,	PONfbl	MORPH=empty
li	le	DETdef	MORPH=empty
sires	seignor	NOMcom	MORPH=empty
sa	son4	DETpos	MORPH=empty
fille	fille	NOMcom	MORPH=empty
venant	venir	VERppa	MORPH=empty
,	,	PONfbl	MORPH=empty
qui	qui	PROrel	MORPH=empty
par	par	PRE	MORPH=empty
la	le	DETdef	MORPH=empty
janbe	jambe	NOMcom	MORPH=empty
maintenant	maintenant	ADVgen	MORPH=empty
monseignor	seignor	NOMcom	MORPH=empty
Gauvain	Gauvain	NOMpro	MORPH=empty
anbraça	embracier	VERcjg	MORPH=empty
et	et	CONcoo	MORPH=empty
dit	dire	VERcjg	MORPH=empty
:	:	PONfbl	MORPH=empty
"	"	PONpxx	MORPH=empty
Sire	seignor	NOMcom	MORPH=empty
,	,	PONfbl	MORPH=empty
antandez	entendre	VERcjg	MORPH=empty
ça	ça	ADVgen	MORPH=empty
!	!	PONfrt	MORPH=empty
A	a3	PRE	MORPH=empty
vos	vos	PROper	MORPH=empty
me	je	PROper	MORPH=empty
sui	estre1	VERcjg	MORPH=empty
clamer	clamer	VERinf	MORPH=empty
venue	venir	VERppe	MORPH=empty
de	de	PRE	MORPH=empty
ma	mon1	DETpos	MORPH=empty
seror	seror	NOMcom	MORPH=empty
qui	qui	PROrel	MORPH=empty
m'	je	PROper	MORPH=empty
a	avoir	VERcjg	MORPH=empty
batue	batre	VERppe	MORPH=empty
;	;	PONfbl	MORPH=empty
si	si	ADVgen	MORPH=empty
m'	je	PROper	MORPH=empty
an	en2	PROadv	MORPH=empty
fetes	faire	VERcjg	MORPH=empty
droit	droit	ADJqua	MORPH=empty
,	,	PONfbl	MORPH=empty
se	se	CONsub	MORPH=empty
vos	vos	PROper	MORPH=empty
plest	plaire	VERcjg	MORPH=empty
.	.	PONfrt	MORPH=empty
"	"	PONpxx	MORPH=empty
Et	et	CONcoo	MORPH=empty
messire	seignor	NOMcom	MORPH=empty
Gauvains	Gauvain	NOMpro	MORPH=empty
se	soi1	PROper	MORPH=empty
test	taire	VERcjg	MORPH=empty
,	,	PONfbl	MORPH=empty
qui	qui	PROrel	MORPH=empty
ne	ne1	ADVneg	MORPH=empty
savoit	savoir	VERcjg	MORPH=empty
que	que2	PROrel	MORPH=empty
ele	il	PROper	MORPH=empty
dist	dire	VERcjg	MORPH=empty
,	,	PONfbl	MORPH=empty
et	et	CONcoo	MORPH=empty
sa	son4	DETpos	MORPH=empty
main	main2	NOMcom	MORPH=empty
sor	sor2	PRE	MORPH=empty
le	le	DETdef	MORPH=empty
chief	chief1	NOMcom	MORPH=empty
li	il	PROper	MORPH=empty
mist	metre2	VERcjg	MORPH=empty
;	;	PONfbl	MORPH=empty
et	et	CONcoo	MORPH=empty
la	le	DETdef	MORPH=empty
dameisele	damoisele	NOMcom	MORPH=empty
le	il	PROper	MORPH=empty
tire	tirer	VERcjg	MORPH=empty
et	et	CONcoo	MORPH=empty
dist	dire	VERcjg	MORPH=empty
:	:	PONfbl	MORPH=empty
"	"	PONpxx	MORPH=empty
A	a3	PRE	MORPH=empty
vos	vos	PROper	MORPH=empty
di	dire	VERcjg	MORPH=empty
ge	je	PROper	MORPH=empty
,	,	PONfbl	MORPH=empty
biau	bel1	ADJqua	MORPH=empty
sire	seignor	NOMcom	MORPH=empty
,	,	PONfbl	MORPH=empty
a	a3	PRE	MORPH=empty
vos	vos	PROper	MORPH=empty
de	de	PRE	MORPH=empty
ma	mon1	DETpos	MORPH=empty
seror	seror	NOMcom	MORPH=empty
me	je	PROper	MORPH=empty
clain	clamer	VERcjg	MORPH=empty
,	,	PONfbl	MORPH=empty
cui	cui	PROrel	MORPH=empty
ge	je	PROper	MORPH=empty
n'	ne1	ADVneg	MORPH=empty
ai	avoir	VERcjg	MORPH=empty
chiere	chier	ADJqua	MORPH=empty
ne	ne2	CONcoo	MORPH=empty
ne	ne1	ADVneg	MORPH=empty
l'	il	PROper	MORPH=empty
ain	amer1	VERcjg	MORPH=empty
,	,	PONfbl	MORPH=empty
que	que4	CONcoo	MORPH=empty
por	por2	PRE	MORPH=empty
vos	vos	PROper	MORPH=empty
m'	je	PROper	MORPH=empty
a	avoir	VERcjg	MORPH=empty
hui	ui	ADVgen	MORPH=empty
fete	faire	VERppe	MORPH=empty
honte	honte	NOMcom	MORPH=empty
.	.	PONfrt	MORPH=empty
A	a3	PRE	MORPH=empty
moi	je	PROper	MORPH=empty
,	,	PONfbl	MORPH=empty
fet	faire	VERcjg	MORPH=empty
il	il	PROper	MORPH=empty
,	,	PONfbl	MORPH=empty
bele	bel1	ADJqua	MORPH=empty
,	,	PONfbl	MORPH=empty
que	que3	PROint	MORPH=empty
monte	monter	VERcjg	MORPH=empty
?	?	PONfrt	MORPH=empty
Quel	quel1	DETint	MORPH=empty
droit	droit	ADJqua	MORPH=empty
feire	faire	VERinf	MORPH=empty
vos	vos	PROper	MORPH=empty
an	en2	PROadv	MORPH=empty
puis	pöoir	VERcjg	MORPH=empty
gié	je	PROper	MORPH=empty
?	?	PONfrt	MORPH=empty
"	"	PONpxx	MORPH=empty
Li	le	DETdef	MORPH=empty
sires	seignor	NOMcom	MORPH=empty
,	,	PONfbl	MORPH=empty
qui	qui	PROrel	MORPH=empty
ot	avoir	VERcjg	MORPH=empty
pris	prendre	VERppe	MORPH=empty
congié	congié	NOMcom	MORPH=empty
,	,	PONfbl	MORPH=empty
ot	öir	VERcjg	MORPH=empty
ce	ce1	PROdem	MORPH=empty
que	que2	PROrel	MORPH=empty
sa	son4	DETpos	MORPH=empty
fille	fille	NOMcom	MORPH=empty
demande	demander	VERcjg	MORPH=empty
,	,	PONfbl	MORPH=empty
si	si	ADVgen	MORPH=empty
dist	dire	VERcjg	MORPH=empty
:	:	PONfbl	MORPH=empty
"	"	PONpxx	MORPH=empty
Fille	fille	NOMcom	MORPH=empty
,	,	PONfbl	MORPH=empty
qui	qui	PROrel	MORPH=empty
vos	vos	PROper	MORPH=empty
comande	comander	VERcjg	MORPH=empty
venir	venir	VERinf	MORPH=empty
clamer	clamer	VERinf	MORPH=empty
as	a3+le	PRE.DETdef	MORPH=empty
chevaliers	chevalier	NOMcom	MORPH=empty
?	?	PONfrt	MORPH=empty
"	"	PONpxx	MORPH=empty
Et	et	CONcoo	MORPH=empty
Gauvains	Gauvain	NOMpro	MORPH=empty
li	il	PROper	MORPH=empty
dist	dire	VERcjg	MORPH=empty
:	:	PONfbl	MORPH=empty
"	"	PONpxx	MORPH=empty
Sire	seignor	NOMcom	MORPH=empty
chiers	chier	ADJqua	MORPH=empty
,	,	PONfbl	MORPH=empty
einz	ainz	ADVgen	MORPH=empty
a	avoir	VERcjg	MORPH=empty
trop	trop	ADVgen	MORPH=empty
bone	bon	ADJqua	MORPH=empty
anfance	enfance	NOMcom	MORPH=empty
dite	dire	VERppe	MORPH=empty
come	come1	CONsub	MORPH=empty
pucele	pucele	NOMcom	MORPH=empty
si	si	ADVgen	MORPH=empty
petite	petit	ADJqua	MORPH=empty
,	,	PONfbl	MORPH=empty
ne	ne2	CONcoo	MORPH=empty
ja	ja	ADVgen	MORPH=empty
ne	ne1	ADVneg	MORPH=empty
l'	il	PROper	MORPH=empty
an	en2	PROadv	MORPH=empty
refuserai	refuser	VERcjg	MORPH=empty
;	;	PONfbl	MORPH=empty
mes	mais1	ADVgen	MORPH=empty
,	,	PONfbl	MORPH=empty
quant	cant1	CONsub	MORPH=empty
li	il	PROper	MORPH=empty
plest	plaire	VERcjg	MORPH=empty
,	,	PONfbl	MORPH=empty
demain	demain	ADVgen	MORPH=empty
serai	estre1	VERcjg	MORPH=empty
une	un	DETndf	MORPH=empty
piece	piece	NOMcom	MORPH=empty
ses	son4	DETpos	MORPH=empty
chevaliers	chevalier	NOMcom	MORPH=empty
.	.	PONfrt	MORPH=empty
Vostre	vostre	DETpos	MORPH=empty
merci	merci	NOMcom	MORPH=empty
,	,	PONfbl	MORPH=empty
biau	bel1	ADJqua	MORPH=empty
sire	seignor	NOMcom	MORPH=empty
chiers	chier	ADJqua	MORPH=empty
"	"	PONpxx	MORPH=empty
,	,	PONfbl	MORPH=empty
fet	faire	VERcjg	MORPH=empty
cele	cel	PROdem	MORPH=empty
qui	qui	PROrel	MORPH=empty
tel	tel	DETind	MORPH=empty
joie	joie	NOMcom	MORPH=empty
en	en2	PROadv	MORPH=empty
a	avoir	VERcjg	MORPH=empty
qui	qui	PROrel	MORPH=empty
jusqu'	jusque	PRE	MORPH=empty
au	a3+le	PRE.DETdef	MORPH=empty
pié	pié	NOMcom	MORPH=empty
l'	il	PROper	MORPH=empty
an	en2	PROadv	MORPH=empty
anclina	encliner	VERcjg	MORPH=empty
.	.	PONfrt	MORPH=empty
Atant	atant	ADVgen	MORPH=empty
s'	soi1	PROper	MORPH=empty
an	en2	PROadv	MORPH=empty
partent	partir	VERcjg	MORPH=empty
sanz	sans	PRE	MORPH=empty
plus	plus	ADVgen	MORPH=empty
dire	dire	VERinf	MORPH=empty
.	.	PONfrt	MORPH=empty
Sa	son4	DETpos	MORPH=empty
fille	fille	NOMcom	MORPH=empty
an	en2	PROadv	MORPH=empty
reporte	reporter	VERcjg	MORPH=empty
li	le	DETdef	MORPH=empty
sire	seignor	NOMcom	MORPH=empty
sor	sor2	PRE	MORPH=empty
le	le	DETdef	MORPH=empty
col	col	NOMcom	MORPH=empty
de	de	PRE	MORPH=empty
son	son4	DETpos	MORPH=empty
palefroi	palefroi	NOMcom	MORPH=empty
et	et	CONcoo	MORPH=empty
si	si	ADVgen	MORPH=empty
li	il	PROper	MORPH=empty
demande	demander	VERcjg	MORPH=empty
por	por2	PRE	MORPH=empty
coi	coi2	PROrel	MORPH=empty
cele	cel	DETdem	MORPH=empty
tançons	tençon	NOMcom	MORPH=empty
estoit	estre1	VERcjg	MORPH=empty
montee	monter	VERppe	MORPH=empty
.	.	PONfrt	MORPH=empty
Et	et	CONcoo	MORPH=empty
ele	il	PROper	MORPH=empty
li	il	PROper	MORPH=empty
a	avoir	VERcjg	MORPH=empty
bien	bien1	ADVgen	MORPH=empty
contee	conter	VERppe	MORPH=empty
la	le	DETdef	MORPH=empty
verité	verité	NOMcom	MORPH=empty
de	de	PRE	MORPH=empty
chief	chief1	NOMcom	MORPH=empty
an	en1	PRE	MORPH=empty
chief	chief1	NOMcom	MORPH=empty
,	,	PONfbl	MORPH=empty
et	et	CONcoo	MORPH=empty
li	il	PROper	MORPH=empty
dist	dire	VERcjg	MORPH=empty
:	:	PONfbl	MORPH=empty
"	"	PONpxx	MORPH=empty
Sire	seignor	NOMcom	MORPH=empty
,	,	PONfbl	MORPH=empty
il	il	PROimp	MORPH=empty
m'	je	PROper	MORPH=empty
estoit	estre1	VERcjg	MORPH=empty
grief	grief	ADJqua	MORPH=empty
de	de	PRE	MORPH=empty
ma	mon1	DETpos	MORPH=empty
seror	seror	NOMcom	MORPH=empty
qui	qui	PROrel	MORPH=empty
tesmoignoit	tesmoignier	VERcjg	MORPH=empty
que	que4	CONsub	MORPH=empty
Melianz	Melïens	NOMpro	MORPH=empty
de	de	PRE	MORPH=empty
Liz	Liz	NOMpro	MORPH=empty
estoit	estre1	VERcjg	MORPH=empty
li	le	DETdef	MORPH=empty
miaudres	meillor	ADJqua	MORPH=empty
,	,	PONfbl	MORPH=empty
li	le	DETdef	MORPH=empty
plus	plus	ADVgen	MORPH=empty
biax	bel1	ADJqua	MORPH=empty
de	de	PRE	MORPH=empty
toz	tot	PROind	MORPH=empty
,	,	PONfbl	MORPH=empty
et	et	CONcoo	MORPH=empty
ge	je	PROper	MORPH=empty
veoie	vëoir	VERcjg	MORPH=empty
la	là	ADVgen	MORPH=empty
desoz	desoz	ADVgen	MORPH=empty
an	en1	PRE	MORPH=empty
ce	ce2	DETdem	MORPH=empty
biau	bel1	ADJqua	MORPH=empty
pré	pré	NOMcom	MORPH=empty
.i.	un	DETndf	MORPH=empty
chevalier	chevalier	NOMcom	MORPH=empty
,	,	PONfbl	MORPH=empty
si	si	ADVgen	MORPH=empty
ne	ne1	ADVneg	MORPH=empty
pooie	pöoir	VERcjg	MORPH=empty
pas	pas	ADVneg	MORPH=empty
lessier	laissier	VERinf	MORPH=empty
que	que4	CONsub	MORPH=empty
ancontre	encontre1	ADVgen	MORPH=empty
ne	ne1	ADVneg	MORPH=empty
li	il	PROper	MORPH=empty
deïsse	dire	VERcjg	MORPH=empty
que	que4	CONsub	MORPH=empty
plus	plus	ADVgen	MORPH=empty
bel	bel1	ADJqua	MORPH=empty
de	de	PRE	MORPH=empty
lui	il	PROper	MORPH=empty
i	i2	PROadv	MORPH=empty
veïsse	vëoir	VERcjg	MORPH=empty
.	.	PONfrt	MORPH=empty
Et	et	CONcoo	MORPH=empty
por	por2	PRE	MORPH=empty
ce	ce1	PROdem	MORPH=empty
ma	mon1	DETpos	MORPH=empty
suer	seror	NOMcom	MORPH=empty
m'	je	PROper	MORPH=empty
apela	apeler	VERcjg	MORPH=empty
fole	fol3	ADJqua	MORPH=empty
garce	garce	NOMcom	MORPH=empty
et	et	CONcoo	MORPH=empty
eschevela	escheveler	VERcjg	MORPH=empty
,	,	PONfbl	MORPH=empty
et	et	CONcoo	MORPH=empty
dahez	dehé	NOMcom	MORPH=empty
ait	avoir	VERcjg	MORPH=empty
cui	cui	PROrel	MORPH=empty
il	il	PROimp	MORPH=empty
fu	estre1	VERcjg	MORPH=empty
bel	bel1	ADJqua	MORPH=empty
!	!	PONfrt	MORPH=empty
Les	le	DETdef	MORPH=empty
treces	trece	NOMcom	MORPH=empty
jusqu'	jusque	PRE	MORPH=empty
au	a3+le	PRE.DETdef	MORPH=empty
haterel	haterel	NOMcom	MORPH=empty
an.ii.	ambedos	PROcar	MORPH=empty
tranchier	trenchier1	VERinf	MORPH=empty
me	je	PROper	MORPH=empty
lesseroie	laissier	VERcjg	MORPH=empty
,	,	PONfbl	MORPH=empty
don	dont	PROrel	MORPH=empty
mout	mout	ADVgen	MORPH=empty
anpiriee	empirier	VERppe	MORPH=empty
seroie	estre1	VERcjg	MORPH=empty
,	,	PONfbl	MORPH=empty
par	par	PRE	MORPH=empty
covant	covent1	NOMcom	MORPH=empty
que	que4	CONcoo	MORPH=empty
demain	demain	ADVgen	MORPH=empty
au	a3+le	PRE.DETdef	MORPH=empty
jor	jor	NOMcom	MORPH=empty
cil	cel	DETdem	MORPH=empty
chevaliers	chevalier	NOMcom	MORPH=empty
enmi	enmi	PRE	MORPH=empty
l'	le	DETdef	MORPH=empty
estor	estor2	NOMcom	MORPH=empty
abatist	abatre	VERcjg	MORPH=empty
Melianz	Melïens	NOMpro	MORPH=empty
de	de	PRE	MORPH=empty
Liz	Liz	NOMpro	MORPH=empty
,	,	PONfbl	MORPH=empty
et	et	CONcoo	MORPH=empty
lors	lors	ADVgen	MORPH=empty
seroit	estre1	VERcjg	MORPH=empty
cheüz	chëoir	VERppe	MORPH=empty
ses	son4	DETpos	MORPH=empty
criz	cri	NOMcom	MORPH=empty
que	que2	PROrel	MORPH=empty
ma	mon1	DETpos	MORPH=empty
dame	dame	NOMcom	MORPH=empty
de	de	PRE	MORPH=empty
suer	seror	NOMcom	MORPH=empty
an	en2	PROadv	MORPH=empty
fet	faire	VERcjg	MORPH=empty
.	.	PONfrt	MORPH=empty
Si	si	ADVgen	MORPH=empty
en	en2	PROadv	MORPH=empty
a	avoir	VERcjg	MORPH=empty
hui	ui	ADVgen	MORPH=empty
tenu	tenir1	VERppe	MORPH=empty
grant	grant	ADJqua	MORPH=empty
plet	plait	NOMcom	MORPH=empty
qu'	que4	CONsub	MORPH=empty
a	a3	PRE	MORPH=empty
totes	tot	DETind	MORPH=empty
les	le	DETdef	MORPH=empty
dames	dame	NOMcom	MORPH=empty
enuie	enoiier	VERcjg	MORPH=empty
,	,	PONfbl	MORPH=empty
mes	mais1	CONcoo	MORPH=empty
granz	grant	ADJqua	MORPH=empty
vanz	vent	NOMcom	MORPH=empty
chiet	chëoir	VERcjg	MORPH=empty
a	a3	PRE	MORPH=empty
po	poi	PROind	MORPH=empty
de	de	PRE	MORPH=empty
pluie	pluie	NOMcom	MORPH=empty
.	.	PONfrt	MORPH=empty
Bele	bel1	ADJqua	MORPH=empty
fille	fille	NOMcom	MORPH=empty
,	,	PONfbl	MORPH=empty
fet	faire	VERcjg	MORPH=empty
li	le	DETdef	MORPH=empty
prodom	pro	NOMcom	MORPH=empty
,	,	PONfbl	MORPH=empty
ge	je	PROper	MORPH=empty
vos	vos	PROper	MORPH=empty
comant	comander	VERcjg	MORPH=empty
et	et	CONcoo	MORPH=empty
abandon	abandoner	VERcjg	MORPH=empty
que	que4	CONsub	MORPH=empty
vos	vos	PROper	MORPH=empty
aucune	aucun	DETind	MORPH=empty
druerie	drüerie	NOMcom	MORPH=empty
li	il	PROper	MORPH=empty
anvoiez	envoiier	VERcjg	MORPH=empty
par	par	PRE	MORPH=empty
corteisie	cortoisie	NOMcom	MORPH=empty
,	,	PONfbl	MORPH=empty
vostre	vostre	DETpos	MORPH=empty
manche	manche2	NOMcom	MORPH=empty
ou	o3	CONcoo	MORPH=empty
vostre	vostre	DETpos	MORPH=empty
guinple	guimple	NOMcom	MORPH=empty
.	.	PONfrt	MORPH=empty
"	"	PONpxx	MORPH=empty
Et	et	CONcoo	MORPH=empty
cele	cel	PROdem	MORPH=empty
li	il	PROper	MORPH=empty
dist	dire	VERcjg	MORPH=empty
,	,	PONfbl	MORPH=empty
qui	qui	PROrel	MORPH=empty
fu	estre1	VERcjg	MORPH=empty
sinple	simple	ADJqua	MORPH=empty
:	:	PONfbl	MORPH=empty
"	"	PONpxx	MORPH=empty
Volantiers	volentiers	ADVgen	MORPH=empty
,	,	PONfbl	MORPH=empty
sire	seignor	NOMcom	MORPH=empty
,	,	PONfbl	MORPH=empty
quant	cant1	CONsub	MORPH=empty
le	il	PROper	MORPH=empty
dites	dire	VERcjg	MORPH=empty
.	.	PONfrt	MORPH=empty
Mes	mais1	CONcoo	MORPH=empty
mes	mon1	DETpos	MORPH=empty
manches	manche2	NOMcom	MORPH=empty
sont	estre1	VERcjg	MORPH=empty
si	si	ADVgen	MORPH=empty
petites	petit	ADJqua	MORPH=empty
qu'	que4	CONsub	MORPH=empty
anveier	envoiier	VERinf	MORPH=empty
ne	ne1	ADVneg	MORPH=empty
li	il	PROper	MORPH=empty
oseroie	oser	VERcjg	MORPH=empty
.	.	PONfrt	MORPH=empty
Espoir	espoir2	ADVgen	MORPH=empty
se	se	CONsub	MORPH=empty
ge	je	PROper	MORPH=empty
li	il	PROper	MORPH=empty
anveoie	envoiier	VERcjg	MORPH=empty
,	,	PONfbl	MORPH=empty
il	il	PROper	MORPH=empty
ne	ne1	ADVneg	MORPH=empty
la	il	PROper	MORPH=empty
priseroit	prisier	VERcjg	MORPH=empty
ja	ja	ADVgen	MORPH=empty
rien	rien	PROind	MORPH=empty
.	.	PONfrt	MORPH=empty
Fille	fille	NOMcom	MORPH=empty
,	,	PONfbl	MORPH=empty
ge	je	PROper	MORPH=empty
an	en2	PROadv	MORPH=empty
panserai	penser	VERcjg	MORPH=empty
bien	bien1	ADVgen	MORPH=empty
,	,	PONfbl	MORPH=empty
fet	faire	VERcjg	MORPH=empty
li	le	DETdef	MORPH=empty
peres	pere1	NOMcom	MORPH=empty
.	.	PONfrt	MORPH=empty
Or	or4	ADVgen	MORPH=empty
vos	vos	PROper	MORPH=empty
teisiez	taire	VERcjg	MORPH=empty
,	,	PONfbl	MORPH=empty
que	que4	CONcoo	MORPH=empty
ge	je	PROper	MORPH=empty
an	en2	PROadv	MORPH=empty
sui	estre1	VERcjg	MORPH=empty
bien	bien1	ADVgen	MORPH=empty
aeisiez	aaisier	VERppe	MORPH=empty
.	.	PONfrt	MORPH=empty
"	"	PONpxx	MORPH=empty
Ensi	ainsi	ADVgen	MORPH=empty
parlant	parler	VERppa	MORPH=empty
antre	entre	PRE	MORPH=empty
ses	son4	DETpos	MORPH=empty
braz	braz	NOMcom	MORPH=empty
l'	il	PROper	MORPH=empty
an	en2	PROadv	MORPH=empty
porte	porter	VERcjg	MORPH=empty
,	,	PONfbl	MORPH=empty
si	si	ADVgen	MORPH=empty
a	avoir	VERcjg	MORPH=empty
grant	grant	ADJqua	MORPH=empty
solaz	solaz	NOMcom	MORPH=empty
de	de	PRE	MORPH=empty
ce	ce1	PROdem	MORPH=empty
que	que4	CONsub	MORPH=empty
il	il	PROper	MORPH=empty
l'	il	PROper	MORPH=empty
acole	acoler	VERcjg	MORPH=empty
et	et	CONcoo	MORPH=empty
tient	tenir1	VERcjg	MORPH=empty
,	,	PONfbl	MORPH=empty
tant	tant	ADVgen	MORPH=empty
que	que4	CONsub	MORPH=empty
devant	devant	PRE	MORPH=empty
le	le	DETdef	MORPH=empty
palés	palais2	NOMcom	MORPH=empty
vient	venir	VERcjg	MORPH=empty
.	.	PONfrt	MORPH=empty
Et	et	CONcoo	MORPH=empty
quant	cant1	CONsub	MORPH=empty
cele	cel	PROdem	MORPH=empty
le	il	PROper	MORPH=empty
vit	vëoir	VERcjg	MORPH=empty
venir	venir	VERinf	MORPH=empty
et	et	CONcoo	MORPH=empty
sa	son4	DETpos	MORPH=empty
petite	petit	ADJqua	MORPH=empty
suer	seror	NOMcom	MORPH=empty
tenir	tenir1	VERinf	MORPH=empty
,	,	PONfbl	MORPH=empty
si	si	ADVgen	MORPH=empty
en	en2	PROadv	MORPH=empty
ot	avoir	VERcjg	MORPH=empty
enui	enui	NOMcom	MORPH=empty
an	en1	PRE	MORPH=empty
son	son4	DETpos	MORPH=empty
cuer	cuer2	NOMcom	MORPH=empty
et	et	CONcoo	MORPH=empty
dist	dire	VERcjg	MORPH=empty
:	:	PONfbl	MORPH=empty
"	"	PONpxx	MORPH=empty
Sire	seignor	NOMcom	MORPH=empty
,	,	PONfbl	MORPH=empty
don	dont	PROint	MORPH=empty
vient	venir	VERcjg	MORPH=empty
ma	mon1	DETpos	MORPH=empty
suer	seror	NOMcom	MORPH=empty
,	,	PONfbl	MORPH=empty
la	le	DETdef	MORPH=empty
Pucele	pucele	NOMcom	MORPH=empty
as	a3+le	PRE.DETdef	MORPH=empty
Petites	petit	ADJqua	MORPH=empty
Manches	manche2	NOMcom	MORPH=empty
?	?	PONfrt	MORPH=empty
Ja	ja	ADVgen	MORPH=empty
set	savoir	VERcjg	MORPH=empty
et	et	CONcoo	MORPH=empty
de	de	PRE	MORPH=empty
torz	tor5	NOMcom	MORPH=empty
et	et	CONcoo	MORPH=empty
de	de	PRE	MORPH=empty
ganches	guenche	NOMcom	MORPH=empty
,	,	PONfbl	MORPH=empty
mout	mout	ADVgen	MORPH=empty
s'	soi1	PROper	MORPH=empty
i	i2	PROadv	MORPH=empty
est	estre1	VERcjg	MORPH=empty
ja	ja	ADVgen	MORPH=empty
tost	tost1	ADVgen	MORPH=empty
adonee	adoner	VERppe	MORPH=empty
.	.	PONfrt	MORPH=empty
Dont	dont	PROint	MORPH=empty
l'	il	PROper	MORPH=empty
avez	avoir	VERcjg	MORPH=empty
vos	vos	PROper	MORPH=empty
or	or4	ADVgen	MORPH=empty
aportee	aporter	VERppe	MORPH=empty
?	?	PONfrt	MORPH=empty
Et	et	CONcoo	MORPH=empty
vos	vos	PROper	MORPH=empty
,	,	PONfbl	MORPH=empty
fet	faire	VERcjg	MORPH=empty
il	il	PROper	MORPH=empty
,	,	PONfbl	MORPH=empty
qu'	que3	PROint	MORPH=empty
an	en2	PROadv	MORPH=empty
volez	voloir	VERcjg	MORPH=empty
fere	faire	VERinf	MORPH=empty
?	?	PONfrt	MORPH=empty
Vos	vos	PROper	MORPH=empty
vos	vos	PROper	MORPH=empty
an	en2	PROadv	MORPH=empty
deüssiez	devoir	VERcjg	MORPH=empty
bien	bien1	ADVgen	MORPH=empty
tere	taire	VERinf	MORPH=empty
.	.	PONfrt	MORPH=empty
Ele	il	PROper	MORPH=empty
valt	valoir	VERcjg	MORPH=empty
mialz	mieus	ADVgen	MORPH=empty
que	que1	CONsub	MORPH=empty
vos	vos	PROper	MORPH=empty
ne	ne1	ADVneg	MORPH=empty
fetes	faire	VERcjg	MORPH=empty
,	,	PONfbl	MORPH=empty
qui	qui	PROrel	MORPH=empty
les	le	DETdef	MORPH=empty
treces	trece	NOMcom	MORPH=empty
li	il	PROper	MORPH=empty
avez	avoir	VERcjg	MORPH=empty
tretes	traire	VERppe	MORPH=empty
et	et	CONcoo	MORPH=empty
batue	batre	VERppe	MORPH=empty
,	,	PONfbl	MORPH=empty
don	dont	PROrel	MORPH=empty
il	il	PROimp	MORPH=empty
me	je	PROper	MORPH=empty
poise	peser	VERcjg	MORPH=empty
.	.	PONfrt	MORPH=empty
N'	ne1	ADVneg	MORPH=empty
avez	avoir	VERcjg	MORPH=empty
mie	mie	ADVneg	MORPH=empty
fet	faire	VERppe	MORPH=empty
que	que4	CONsub	MORPH=empty
cortoise	cortois	ADJqua	MORPH=empty
.	.	PONfrt	MORPH=empty
"	"	PONpxx	MORPH=empty
Lors	lors	ADVgen	MORPH=empty
fu	estre1	VERcjg	MORPH=empty
ele	il	PROper	MORPH=empty
mout	mout	ADVgen	MORPH=empty
desconfite	desconfire	VERppe	MORPH=empty
de	de	PRE	MORPH=empty
son	son4	DETpos	MORPH=empty
pere	pere1	NOMcom	MORPH=empty
,	,	PONfbl	MORPH=empty
qui	qui	PROrel	MORPH=empty
li	il	PROper	MORPH=empty
ot	avoir	VERcjg	MORPH=empty
dite	dire	VERppe	MORPH=empty
ceste	cest	DETdem	MORPH=empty
ranpone	rampone	NOMcom	MORPH=empty
,	,	PONfbl	MORPH=empty
cest	cest	DETdem	MORPH=empty
afit	afit2	NOMcom	MORPH=empty
.	.	PONfrt	MORPH=empty
Et	et	CONcoo	MORPH=empty
il	il	PROper	MORPH=empty
fist	faire	VERcjg	MORPH=empty
.i.	un	DETndf	MORPH=empty
vermoil	vermeil1	ADJqua	MORPH=empty
samit	samit	NOMcom	MORPH=empty
fors	fors1	ADVgen	MORPH=empty
de	de	PRE	MORPH=empty
son	son4	DETpos	MORPH=empty
cofre	cofre	NOMcom	MORPH=empty
ilueques	iluec	ADVgen	MORPH=empty
trere	traire	VERinf	MORPH=empty
et	et	CONcoo	MORPH=empty
si	si	ADVgen	MORPH=empty
an	en2	PROadv	MORPH=empty
fist	faire	VERcjg	MORPH=empty
maintenant	maintenant	ADVgen	MORPH=empty
fere	faire	VERinf	MORPH=empty
une	un	DETndf	MORPH=empty
manche	manche2	NOMcom	MORPH=empty
bien	bien1	ADVgen	MORPH=empty
longue	lonc	ADJqua	MORPH=empty
et	et	CONcoo	MORPH=empty
lee	lé	ADJqua	MORPH=empty
et	et	CONcoo	MORPH=empty
si	si	ADVgen	MORPH=empty
a	avoir	VERcjg	MORPH=empty
sa	son4	DETpos	MORPH=empty
fille	fille	NOMcom	MORPH=empty
apelee	apeler	VERppe	MORPH=empty
,	,	PONfbl	MORPH=empty
et	et	CONcoo	MORPH=empty
li	il	PROper	MORPH=empty
dist	dire	VERcjg	MORPH=empty
:	:	PONfbl	MORPH=empty
"	"	PONpxx	MORPH=empty
Fille	fille	NOMcom	MORPH=empty
,	,	PONfbl	MORPH=empty
or	or4	ADVgen	MORPH=empty
vos	vos	PROper	MORPH=empty
levez	lever	VERcjg	MORPH=empty
demain	demain	ADVgen	MORPH=empty
matin	matin1	ADVgen	MORPH=empty
et	et	CONcoo	MORPH=empty
si	si	ADVgen	MORPH=empty
alez	aler	VERcjg	MORPH=empty
au	a3+le	PRE.DETdef	MORPH=empty
chevalier	chevalier	NOMcom	MORPH=empty
ainz	ainz	ADVgen	MORPH=empty
qu'	que4	CONsub	MORPH=empty
il	il	PROper	MORPH=empty
se	soi1	PROper	MORPH=empty
mueve	movoir	VERcjg	MORPH=empty
.	.	PONfrt	MORPH=empty
Par	par	PRE	MORPH=empty
amor	amor	NOMcom	MORPH=empty
ceste	cest	DETdem	MORPH=empty
manche	manche2	NOMcom	MORPH=empty
nueve	nuef2	ADJqua	MORPH=empty
li	il	PROper	MORPH=empty
donez	doner	VERcjg	MORPH=empty
,	,	PONfbl	MORPH=empty
si	si	ADVgen	MORPH=empty
la	il	PROper	MORPH=empty
portera	porter	VERcjg	MORPH=empty
au	a3+le	PRE.DETdef	MORPH=empty
tornoi	tornoi	NOMcom	MORPH=empty
quant	cant1	CONsub	MORPH=empty
il	il	PROper	MORPH=empty
i	i2	PROadv	MORPH=empty
ira	aler	VERcjg	MORPH=empty
.	.	PONfrt	MORPH=empty
"	"	PONpxx	MORPH=empty
Et	et	CONcoo	MORPH=empty
ele	il	PROper	MORPH=empty
respont	respondre1	VERcjg	MORPH=empty
a	a3	PRE	MORPH=empty
son	son4	DETpos	MORPH=empty
pere	pere1	NOMcom	MORPH=empty
,	,	PONfbl	MORPH=empty
lués	luès	ADVgen	MORPH=empty
qu'	que4	CONsub	MORPH=empty
ele	il	PROper	MORPH=empty
verra	vëoir	VERcjg	MORPH=empty
l'	le	DETdef	MORPH=empty
aube	aube3	NOMcom	MORPH=empty
clere	cler	ADJqua	MORPH=empty
,	,	PONfbl	MORPH=empty
iert	estre1	VERcjg	MORPH=empty
ele	il	PROper	MORPH=empty
son	son4	DETpos	MORPH=empty
voel	vuel	NOMcom	MORPH=empty
esveilliee	esveillier	VERppe	MORPH=empty
et	et	CONcoo	MORPH=empty
vestue	vestir	VERppe	MORPH=empty
et	et	CONcoo	MORPH=empty
apareilliee	apareillier1	VERppe	MORPH=empty
.	.	PONfrt	MORPH=empty
Li	le	DETdef	MORPH=empty
peres	pere1	NOMcom	MORPH=empty
s'	soi1	PROper	MORPH=empty
an	en2	PROadv	MORPH=empty
part	partir	VERcjg	MORPH=empty
a	a3	PRE	MORPH=empty
cest	cest	DETdem	MORPH=empty
mot	mot	NOMcom	MORPH=empty
,	,	PONfbl	MORPH=empty
et	et	CONcoo	MORPH=empty
cele	cel	PROdem	MORPH=empty
qui	qui	PROrel	MORPH=empty
mout	mout	ADVgen	MORPH=empty
grant	grant	ADJqua	MORPH=empty
joie	joie	NOMcom	MORPH=empty
ot	avoir	VERcjg	MORPH=empty
a	a3	PRE	MORPH=empty
totes	tot	DETind	MORPH=empty
ses	son4	DETpos	MORPH=empty
conpaignes	compagne1	NOMcom	MORPH=empty
prie	priier	VERcjg	MORPH=empty
que	que4	CONsub	MORPH=empty
eles	il	PROper	MORPH=empty
ne	ne1	ADVneg	MORPH=empty
la	il	PROper	MORPH=empty
lessent	laissier	VERcjg	MORPH=empty
mie	mie	ADVneg	MORPH=empty
au	a3+le	PRE.DETdef	MORPH=empty
matin	matin2	NOMcom	MORPH=empty
dormir	dormir	VERinf	MORPH=empty
longuemant	longement2	ADVgen	MORPH=empty
,	,	PONfbl	MORPH=empty
einz	ainz	ADVgen	MORPH=empty
l'	il	PROper	MORPH=empty
esvoillent	esveillier	VERcjg	MORPH=empty
hastivemant	hastivement	ADVgen	MORPH=empty
,	,	PONfbl	MORPH=empty
s'	se	CONsub	MORPH=empty
eles	il	PROper	MORPH=empty
voelent	voloir	VERcjg	MORPH=empty
avoir	avoir	VERinf	MORPH=empty
s'	son4	DETpos	MORPH=empty
amor	amor	NOMcom	MORPH=empty
,	,	PONfbl	MORPH=empty
lués	luès	ADVgen	MORPH=empty
que	que4	CONsub	MORPH=empty
eles	il	PROper	MORPH=empty
verront	vëoir	VERcjg	MORPH=empty
le	le	DETdef	MORPH=empty
jor	jor	NOMcom	MORPH=empty
.	.	PONfrt	MORPH=empty
Et	et	CONcoo	MORPH=empty
celes	cel	PROdem	MORPH=empty
volantiers	volentiers	ADVgen	MORPH=empty
le	il	PROper	MORPH=empty
firent	faire	VERcjg	MORPH=empty
,	,	PONfbl	MORPH=empty
que	que4	CONcoo	MORPH=empty
maintenant	maintenant	ADVgen	MORPH=empty
que	que4	CONsub	MORPH=empty
eles	il	PROper	MORPH=empty
virent	vëoir	VERcjg	MORPH=empty
au	a3+le	PRE.DETdef	MORPH=empty
matinet	matinet	NOMcom	MORPH=empty
l'	le	DETdef	MORPH=empty
aube	aube3	NOMcom	MORPH=empty
crever	crever	VERinf	MORPH=empty
la	il	PROper	MORPH=empty
firent	faire	VERcjg	MORPH=empty
vestir	vestir	VERinf	MORPH=empty
et	et	CONcoo	MORPH=empty
lever	lever	VERinf	MORPH=empty
.	.	PONfrt	MORPH=empty
La	le	DETdef	MORPH=empty
pucele	pucele	NOMcom	MORPH=empty
matin	matin1	ADVgen	MORPH=empty
leva	lever	VERcjg	MORPH=empty
et	et	CONcoo	MORPH=empty
tote	tot	ADVgen	MORPH=empty
seule	sol1	ADJqua	MORPH=empty
s'	soi1	PROper	MORPH=empty
an	en2	PROadv	MORPH=empty
ala	aler	VERcjg	MORPH=empty
a	a3	PRE	MORPH=empty
l'	le	DETdef	MORPH=empty
ostel	ostel	NOMcom	MORPH=empty
monseignor	seignor	NOMcom	MORPH=empty
Gauvain	Gauvain	NOMpro	MORPH=empty
.	.	PONfrt	MORPH=empty
Mes	mais1	CONcoo	MORPH=empty
ele	il	PROper	MORPH=empty
n'	ne1	ADVneg	MORPH=empty
i	i2	PROadv	MORPH=empty
va	aler	VERcjg	MORPH=empty
pas	pas	ADVneg	MORPH=empty
si	si	ADVgen	MORPH=empty
main	main1	ADVgen	MORPH=empty
que	que4	CONsub	MORPH=empty
il	il	PROper	MORPH=empty
ne	ne1	ADVneg	MORPH=empty
fussent	estre1	VERcjg	MORPH=empty
ja	ja	ADVgen	MORPH=empty
levé	lever	VERppe	MORPH=empty
,	,	PONfbl	MORPH=empty
et	et	CONcoo	MORPH=empty
furent	estre1	VERcjg	MORPH=empty
au	a3+le	PRE.DETdef	MORPH=empty
mostier	mostier	NOMcom	MORPH=empty
alé	aler	VERppe	MORPH=empty
oïr	öir	VERinf	MORPH=empty
messe	messe	NOMcom	MORPH=empty
qu'	que2	PROrel	MORPH=empty
an	on	PROind	MORPH=empty
lor	il	PROper	MORPH=empty
chanta	chanter	VERcjg	MORPH=empty
.	.	PONfrt	MORPH=empty
Et	et	CONcoo	MORPH=empty
la	le	DETdef	MORPH=empty
dameisele	damoisele	NOMcom	MORPH=empty
tant	tant	ADVgen	MORPH=empty
a	avoir	VERcjg	MORPH=empty
chiés	chiés	PRE	MORPH=empty
le	le	DETdef	MORPH=empty
vavasor	vavassor	NOMcom	MORPH=empty
demoré	demorer	VERppe	MORPH=empty
qu'	que4	CONsub	MORPH=empty
il	il	PROper	MORPH=empty
orent	avoir	VERcjg	MORPH=empty
longuemant	longement2	ADVgen	MORPH=empty
oré	orer2	VERppe	MORPH=empty
et	et	CONcoo	MORPH=empty
oï	öir	VERppe	MORPH=empty
quanque	cantque	PROrel	MORPH=empty
oïr	öir	VERinf	MORPH=empty
durent	devoir	VERcjg	MORPH=empty
.	.	PONfrt	MORPH=empty
Quant	cant1	CONsub	MORPH=empty
del	de+le	PRE.DETdef	MORPH=empty
mostier	mostier	NOMcom	MORPH=empty
revenu	revenir	VERppe	MORPH=empty
furent	estre1	VERcjg	MORPH=empty
,	,	PONfbl	MORPH=empty
contre	contre	PRE	MORPH=empty
monseignor	seignor	NOMcom	MORPH=empty
Gauvain	Gauvain	NOMpro	MORPH=empty
saut	salir2	VERcjg	MORPH=empty
la	le	DETdef	MORPH=empty
pucele	pucele	NOMcom	MORPH=empty
et	et	CONcoo	MORPH=empty
dit	dire	VERcjg	MORPH=empty
:	:	PONfbl	MORPH=empty
"	"	PONpxx	MORPH=empty
Dex	Dieu	NOMpro	MORPH=empty
vos	vos	PROper	MORPH=empty
saut	sauver	VERcjg	MORPH=empty
et	et	CONcoo	MORPH=empty
vos	vos	PROper	MORPH=empty
doint	doner	VERcjg	MORPH=empty
joie	joie	NOMcom	MORPH=empty
hui	ui	ADVgen	MORPH=empty
an	en1	PRE	MORPH=empty
cest	cest	DETdem	MORPH=empty
jor	jor	NOMcom	MORPH=empty
!	!	PONfrt	MORPH=empty
Mes	mais1	ADVgen	MORPH=empty
portez	porter	VERcjg	MORPH=empty
por	por2	PRE	MORPH=empty
la	le	DETdef	MORPH=empty
moie	mien	ADJpos	MORPH=empty
amor	amor	NOMcom	MORPH=empty
ceste	cest	DETdem	MORPH=empty
manche	manche2	NOMcom	MORPH=empty
que	que2	PROrel	MORPH=empty
je	je	PROper	MORPH=empty
tieng	tenir1	VERcjg	MORPH=empty
ci	ci	ADVgen	MORPH=empty
.	.	PONfrt	MORPH=empty
Volantiers	volentiers	ADVgen	MORPH=empty
,	,	PONfbl	MORPH=empty
la	le	DETdef	MORPH=empty
vostre	vostre	ADJpos	MORPH=empty
merci	merci	NOMcom	MORPH=empty
,	,	PONfbl	MORPH=empty
fet	faire	VERcjg	MORPH=empty
messire	seignor	NOMcom	MORPH=empty
Gauvains	Gauvain	NOMpro	MORPH=empty
,	,	PONfbl	MORPH=empty
amie	ami	NOMcom	MORPH=empty
.	.	PONfrt	MORPH=empty
"	"	PONpxx	MORPH=empty
Aprés	après	PRE	MORPH=empty
ce	ce1	PROdem	MORPH=empty
ne	ne1	ADVneg	MORPH=empty
tardierent	tarder	VERcjg	MORPH=empty
mie	mie	ADVneg	MORPH=empty
li	le	DETdef	MORPH=empty
chevalier	chevalier	NOMcom	MORPH=empty
qu'	que4	CONsub	MORPH=empty
il	il	PROper	MORPH=empty
ne	ne1	ADVneg	MORPH=empty
s'	soi1	PROper	MORPH=empty
armassent	armer	VERcjg	MORPH=empty
.	.	PONfrt	MORPH=empty
Armé	armer	VERppe	MORPH=empty
fors	fors1	ADVgen	MORPH=empty
de	de	PRE	MORPH=empty
la	le	DETdef	MORPH=empty
vile	vile	NOMcom	MORPH=empty
amassent	amasser	VERcjg	MORPH=empty
,	,	PONfbl	MORPH=empty
et	et	CONcoo	MORPH=empty
les	le	DETdef	MORPH=empty
dameiseles	damoisele	NOMcom	MORPH=empty
resont	restre	VERcjg	MORPH=empty
montees	monter	VERppe	MORPH=empty
sor	sor2	PRE	MORPH=empty
les	le	DETdef	MORPH=empty
murs	mur	NOMcom	MORPH=empty
amont	amont	ADVgen	MORPH=empty
,	,	PONfbl	MORPH=empty
les	le	DETdef	MORPH=empty
dames	dame	NOMcom	MORPH=empty
de	de	PRE	MORPH=empty
la	le	DETdef	MORPH=empty
vile	vile	NOMcom	MORPH=empty
totes	tot	PROind	MORPH=empty
,	,	PONfbl	MORPH=empty
et	et	CONcoo	MORPH=empty
virent	vëoir	VERcjg	MORPH=empty
asanbler	assembler	VERinf	MORPH=empty
les	le	DETdef	MORPH=empty
rotes	rote4	NOMcom	MORPH=empty
des	de+le	PRE.DETdef	MORPH=empty
chevaliers	chevalier	NOMcom	MORPH=empty
preuz	pro	ADJqua	MORPH=empty
et	et	CONcoo	MORPH=empty
hardiz	hardi	ADJqua	MORPH=empty
.	.	PONfrt	MORPH=empty
Devant	devant	PRE	MORPH=empty
toz	tot	PROind	MORPH=empty
Melianz	Melïens	NOMpro	MORPH=empty
de	de	PRE	MORPH=empty
Liz	Liz	NOMpro	MORPH=empty
s'	soi1	PROper	MORPH=empty
an	en2	PROadv	MORPH=empty
vint	venir	VERcjg	MORPH=empty
montez	monter	VERppe	MORPH=empty
,	,	PONfbl	MORPH=empty
toz	tot	ADVgen	MORPH=empty
eslessiez	eslaissier	VERppe	MORPH=empty
,	,	PONfbl	MORPH=empty
et	et	CONcoo	MORPH=empty
ot	avoir	VERcjg	MORPH=empty
ses	son4	DETpos	MORPH=empty
conpaignons	compagnon	NOMcom	MORPH=empty
lessiez	laissier	VERppe	MORPH=empty
bien	bien1	ADVgen	MORPH=empty
loing	loing	ADVgen	MORPH=empty
.ii.	2	DETcar	MORPH=empty
arpanz	arpent	NOMcom	MORPH=empty
et	et	CONcoo	MORPH=empty
demi	demi2	ADJqua	MORPH=empty
.	.	PONfrt	MORPH=empty
La	le	DETdef	MORPH=empty
dameisele	damoisele	NOMcom	MORPH=empty
son	son4	DETpos	MORPH=empty
ami	ami	NOMcom	MORPH=empty
vit	vëoir	VERcjg	MORPH=empty
,	,	PONfbl	MORPH=empty
ne	ne1	ADVneg	MORPH=empty
pot	pöoir	VERcjg	MORPH=empty
sa	son4	DETpos	MORPH=empty
lengue	langue1	NOMcom	MORPH=empty
tenir	tenir1	VERinf	MORPH=empty
,	,	PONfbl	MORPH=empty
einz	ainz	ADVgen	MORPH=empty
dit	dire	VERcjg	MORPH=empty
:	:	PONfbl	MORPH=empty
"	"	PONpxx	MORPH=empty
Dames	dame	NOMcom	MORPH=empty
,	,	PONfbl	MORPH=empty
veez	vëoir	VERcjg	MORPH=empty
venir	venir	VERinf	MORPH=empty
celui	cel	PROdem	MORPH=empty
qui	qui	PROrel	MORPH=empty
de	de	PRE	MORPH=empty
chevalerie	chevalerie	NOMcom	MORPH=empty
a	avoir	VERcjg	MORPH=empty
le	le	DETdef	MORPH=empty
los	los1	NOMcom	MORPH=empty
et	et	CONcoo	MORPH=empty
la	le	DETdef	MORPH=empty
seignorie	seignorie	NOMcom	MORPH=empty
.	.	PONfrt	MORPH=empty
"	"	PONpxx	MORPH=empty
Et	et	CONcoo	MORPH=empty
messire	seignor	NOMcom	MORPH=empty
Gauvains	Gauvain	NOMpro	MORPH=empty
s'	soi1	PROper	MORPH=empty
esmuet	esmovoir	VERcjg	MORPH=empty
tant	tant	ADVgen	MORPH=empty
con	come1	CONsub	MORPH=empty
chevax	cheval	NOMcom	MORPH=empty
porter	porter	VERinf	MORPH=empty
le	il	PROper	MORPH=empty
puet	pöoir	VERcjg	MORPH=empty
vers	vers2	PRE	MORPH=empty
celui	cel	PROdem	MORPH=empty
qui	qui	PROrel	MORPH=empty
po	poi	ADVgen	MORPH=empty
le	il	PROper	MORPH=empty
redote	redoter1	VERcjg	MORPH=empty
et	et	CONcoo	MORPH=empty
met	metre2	VERcjg	MORPH=empty
sa	son4	DETpos	MORPH=empty
lance	lance	NOMcom	MORPH=empty
an	en1	PRE	MORPH=empty
pieces	piece	NOMcom	MORPH=empty
tote	tot	ADJind	MORPH=empty
.	.	PONfrt	MORPH=empty
Et	et	CONcoo	MORPH=empty
messire	seignor	NOMcom	MORPH=empty
Gauvains	Gauvain	NOMpro	MORPH=empty
fiert	ferir	VERcjg	MORPH=empty
lui	il	PROper	MORPH=empty
si	si	ADVgen	MORPH=empty
qu'	que4	CONsub	MORPH=empty
il	il	PROper	MORPH=empty
li	il	PROper	MORPH=empty
fist	faire	VERcjg	MORPH=empty
mout	mout	ADVgen	MORPH=empty
grant	grant	ADJqua	MORPH=empty
enui	enui	NOMcom	MORPH=empty
,	,	PONfbl	MORPH=empty
que	que4	CONsub	MORPH=empty
maintenant	maintenant	ADVgen	MORPH=empty
le	il	PROper	MORPH=empty
mist	metre2	VERcjg	MORPH=empty
au	a3+le	PRE.DETdef	MORPH=empty
plain	plain	ADJqua	MORPH=empty
.	.	PONfrt	MORPH=empty
Et	et	CONcoo	MORPH=empty
tant	tendre1	VERcjg	MORPH=empty
a	a3	PRE	MORPH=empty
son	son4	DETpos	MORPH=empty
cheval	cheval	NOMcom	MORPH=empty
la	le	DETdef	MORPH=empty
main	main2	NOMcom	MORPH=empty
,	,	PONfbl	MORPH=empty
sel	si+il	ADVgen.PROper	MORPH=empty
prant	prendre	VERcjg	MORPH=empty
au	a3+le	PRE.DETdef	MORPH=empty
frain	frein	NOMcom	MORPH=empty
et	et	CONcoo	MORPH=empty
si	si	ADVgen	MORPH=empty
le	il	PROper	MORPH=empty
baille	baillier	VERcjg	MORPH=empty
a	a3	PRE	MORPH=empty
.i.	un	DETndf	MORPH=empty
vaslet	vaslet	NOMcom	MORPH=empty
et	et	CONcoo	MORPH=empty
dit	dire	VERcjg	MORPH=empty
qu'	que4	CONsub	MORPH=empty
il	il	PROper	MORPH=empty
aille	aler	VERcjg	MORPH=empty
a	a3	PRE	MORPH=empty
celi	cel	PROdem	MORPH=empty
por	por2	PRE	MORPH=empty
cui	cui	PROrel	MORPH=empty
il	il	PROper	MORPH=empty
tornoie	tornoiier	VERcjg	MORPH=empty
,	,	PONfbl	MORPH=empty
si	si	ADVgen	MORPH=empty
li	il	PROper	MORPH=empty
die	dire	VERcjg	MORPH=empty
qu'	que4	CONsub	MORPH=empty
il	il	PROper	MORPH=empty
li	il	PROper	MORPH=empty
anvoie	envoiier	VERcjg	MORPH=empty
;	;	PONfbl	MORPH=empty
le	le	DETdef	MORPH=empty
premier	premier	ADJord	MORPH=empty
gaaing	gäaing	NOMcom	MORPH=empty
qu'	que2	PROrel	MORPH=empty
il	il	PROper	MORPH=empty
a	avoir	VERcjg	MORPH=empty
fet	faire	VERppe	MORPH=empty
le	le	DETdef	MORPH=empty
jor	jor	NOMcom	MORPH=empty
,	,	PONfbl	MORPH=empty
il	il	PROper	MORPH=empty
vialt	voloir	VERcjg	MORPH=empty
que	que4	CONsub	MORPH=empty
ele	il	PROper	MORPH=empty
l'	il	PROper	MORPH=empty
et	avoir	VERcjg	MORPH=empty
.	.	PONfrt	MORPH=empty
Et	et	CONcoo	MORPH=empty
li	le	DETdef	MORPH=empty
vaslez	vaslet	NOMcom	MORPH=empty
atot	atot	PRE	MORPH=empty
la	le	DETdef	MORPH=empty
sele	sele	NOMcom	MORPH=empty
le	le	DETdef	MORPH=empty
cheval	cheval	NOMcom	MORPH=empty
mainne	mener	VERcjg	MORPH=empty
a	a3	PRE	MORPH=empty
la	le	DETdef	MORPH=empty
pucele	pucele	NOMcom	MORPH=empty
,	,	PONfbl	MORPH=empty
qui	qui	PROrel	MORPH=empty
de	de	PRE	MORPH=empty
la	le	DETdef	MORPH=empty
tor	tor2	NOMcom	MORPH=empty
a	avoir	VERcjg	MORPH=empty
bien	bien1	ADVgen	MORPH=empty
veü	vëoir	VERppe	MORPH=empty
,	,	PONfbl	MORPH=empty
d'	de	PRE	MORPH=empty
une	un	DETndf	MORPH=empty
tornele	tornele1	NOMcom	MORPH=empty
ou	où	PROrel	MORPH=empty
ele	il	PROper	MORPH=empty
fu	estre1	VERcjg	MORPH=empty
,	,	PONfbl	MORPH=empty
dan	Damnedeu	NOMcom	MORPH=empty
Meliant	Melïens	NOMpro	MORPH=empty
de	de	PRE	MORPH=empty
Liz	Liz	NOMpro	MORPH=empty
cheoir	chëoir	VERinf	MORPH=empty
;	;	PONfbl	MORPH=empty
si	si	ADVgen	MORPH=empty
dist	dire	VERcjg	MORPH=empty
:	:	PONfbl	MORPH=empty
"	"	PONpxx	MORPH=empty
Suer	seror	NOMcom	MORPH=empty
,	,	PONfbl	MORPH=empty
or	or4	ADVgen	MORPH=empty
poez	pöoir	VERcjg	MORPH=empty
veoir	vëoir	VERinf	MORPH=empty
dan	Damnedeu	NOMcom	MORPH=empty
Meliant	Melïens	NOMpro	MORPH=empty
de	de	PRE	MORPH=empty
Liz	Liz	NOMpro	MORPH=empty
gisant	jesir	VERppa	MORPH=empty
,	,	PONfbl	MORPH=empty
que	que2	PROrel	MORPH=empty
vos	vos	PROper	MORPH=empty
aleiez	aler	VERcjg	MORPH=empty
si	si	ADVgen	MORPH=empty
loant	löer1	VERppa	MORPH=empty
.	.	PONfrt	MORPH=empty
Mout	mout	ADVgen	MORPH=empty
savez	savoir	VERcjg	MORPH=empty
bien	bien1	ADVgen	MORPH=empty
a	a3	PRE	MORPH=empty
droit	droit	ADJqua	MORPH=empty
prisier	prisier	VERinf	MORPH=empty
!	!	PONfrt	MORPH=empty
Or	or4	ADVgen	MORPH=empty
pert	paroir	VERcjg	MORPH=empty
ce	ce1	PROdem	MORPH=empty
que	que2	PROrel	MORPH=empty
je	je	PROper	MORPH=empty
vos	vos	PROper	MORPH=empty
dis	dire	VERcjg	MORPH=empty
hier	ier	ADVgen	MORPH=empty
,	,	PONfbl	MORPH=empty
or	or4	ADVgen	MORPH=empty
voit	vëoir	VERcjg	MORPH=empty
an	on	PROind	MORPH=empty
bien	bien1	ADVgen	MORPH=empty
,	,	PONfbl	MORPH=empty
se	se	CONsub	MORPH=empty
Dex	Dieu	NOMpro	MORPH=empty
me	je	PROper	MORPH=empty
saut	sauver	VERcjg	MORPH=empty
,	,	PONfbl	MORPH=empty
que	que4	CONcoo	MORPH=empty
il	il	PROimp	MORPH=empty
i	i2	PROadv	MORPH=empty
a	avoir	VERcjg	MORPH=empty
tel	tel	PROind	MORPH=empty
qui	qui	PROrel	MORPH=empty
mialz	mieus	ADVgen	MORPH=empty
vaut	valoir	VERcjg	MORPH=empty
.	.	PONfrt	MORPH=empty
"	"	PONpxx	MORPH=empty
Tot	tot	ADVgen	MORPH=empty
ensi	ainsi	ADVgen	MORPH=empty
cele	cel	PROdem	MORPH=empty
a	a3	PRE	MORPH=empty
esciant	escïent	NOMcom	MORPH=empty
va	aler	VERcjg	MORPH=empty
sa	son4	DETpos	MORPH=empty
seror	seror	NOMcom	MORPH=empty
contraliant	contrariier	VERppa	MORPH=empty
,	,	PONfbl	MORPH=empty
que	que4	CONsub	MORPH=empty
ele	il	PROper	MORPH=empty
la	il	PROper	MORPH=empty
giete	jeter	VERcjg	MORPH=empty
del	de+le	PRE.DETdef	MORPH=empty
san	sen2	NOMcom	MORPH=empty
,	,	PONfbl	MORPH=empty
et	et	CONcoo	MORPH=empty
cele	cel	PROdem	MORPH=empty
dit	dire	VERcjg	MORPH=empty
:	:	PONfbl	MORPH=empty
"	"	PONpxx	MORPH=empty
Garce	garce	NOMcom	MORPH=empty
,	,	PONfbl	MORPH=empty
tes	taire	VERcjg	MORPH=empty
t'	tu	PROper	MORPH=empty
an	en2	PROadv	MORPH=empty
!	!	PONfrt	MORPH=empty
Se	se	CONsub	MORPH=empty
hui	ui	ADVgen	MORPH=empty
mes	mais1	ADVgen	MORPH=empty
t'	tu	PROper	MORPH=empty
an	en2	PROadv	MORPH=empty
oi	avoir	VERcjg	MORPH=empty
mot	mot	NOMcom	MORPH=empty
soner	soner	VERinf	MORPH=empty
,	,	PONfbl	MORPH=empty
ge	je	PROper	MORPH=empty
t'	tu	PROper	MORPH=empty
irai	aler	VERcjg	MORPH=empty
tel	tel	DETind	MORPH=empty
bufe	bufe	NOMcom	MORPH=empty
doner	doner	VERinf	MORPH=empty
que	que4	CONsub	MORPH=empty
n'	ne1	ADVneg	MORPH=empty
avras	avoir	VERcjg	MORPH=empty
pié	pié	NOMcom	MORPH=empty
qui	qui	PROrel	MORPH=empty
te	tu	PROper	MORPH=empty
sostaigne	sostenir	VERcjg	MORPH=empty
.	.	PONfrt	MORPH=empty
Avoi	avoi	INJ	MORPH=empty
!	!	PONfrt	MORPH=empty
suer	seror	NOMcom	MORPH=empty
,	,	PONfbl	MORPH=empty
de	de	PRE	MORPH=empty
Deu	Dieu	NOMpro	MORPH=empty
vos	vos	PROper	MORPH=empty
sovaigne	sovenir	VERcjg	MORPH=empty
,	,	PONfbl	MORPH=empty
fet	faire	VERcjg	MORPH=empty
la	le	DETdef	MORPH=empty
dameisele	damoisele	NOMcom	MORPH=empty
petite	petit	ADJqua	MORPH=empty
.	.	PONfrt	MORPH=empty
Por	por2	PRE	MORPH=empty
ce	ce1	PROdem	MORPH=empty
que	que4	CONsub	MORPH=empty
j'	je	PROper	MORPH=empty
ai	avoir	VERcjg	MORPH=empty
verité	verité	NOMcom	MORPH=empty
dite	dire	VERppe	MORPH=empty
,	,	PONfbl	MORPH=empty
ne	ne1	ADVneg	MORPH=empty
me	je	PROper	MORPH=empty
devez	devoir	VERcjg	MORPH=empty
vos	vos	PROper	MORPH=empty
mie	mie	ADVneg	MORPH=empty
batre	batre	VERinf	MORPH=empty
.	.	PONfrt	MORPH=empty
Par	par	PRE	MORPH=empty
foi	foi	NOMcom	MORPH=empty
,	,	PONfbl	MORPH=empty
ge	je	PROper	MORPH=empty
le	il	PROper	MORPH=empty
vi	vëoir	VERcjg	MORPH=empty
bien	bien1	ADVgen	MORPH=empty
abatre	abatre	VERinf	MORPH=empty
,	,	PONfbl	MORPH=empty
et	et	CONcoo	MORPH=empty
vos	vos	PROper	MORPH=empty
ausi	aussi	ADVgen	MORPH=empty
come	come1	CONsub	MORPH=empty
ge	je	PROper	MORPH=empty
fis	faire	VERcjg	MORPH=empty
;	;	PONfbl	MORPH=empty
n'	ne2	CONcoo	MORPH=empty
ancor	encore	ADVgen	MORPH=empty
ne	ne1	ADVneg	MORPH=empty
m'	je	PROper	MORPH=empty
est	estre1	VERcjg	MORPH=empty
il	il	PROimp	MORPH=empty
pas	pas	ADVneg	MORPH=empty
avis	avis	NOMcom	MORPH=empty
qu'	que4	CONsub	MORPH=empty
il	il	PROper	MORPH=empty
ait	avoir	VERcjg	MORPH=empty
pooir	pöoir	VERinf	MORPH=empty
del	de+le	PRE.DETdef	MORPH=empty
relever	relever	VERinf	MORPH=empty
.	.	PONfrt	MORPH=empty
Et	et	CONcoo	MORPH=empty
s'	se	CONsub	MORPH=empty
or	or4	ADVgen	MORPH=empty
an	en2	PROadv	MORPH=empty
deveiez	devoir	VERcjg	MORPH=empty
crever	crever	VERinf	MORPH=empty
,	,	PONfbl	MORPH=empty
si	si	ADVgen	MORPH=empty
diroie	dire	VERcjg	MORPH=empty
ge	je	PROper	MORPH=empty
tote	tot	DETind	MORPH=empty
voie	voie	NOMcom	MORPH=empty
qu'	que4	CONsub	MORPH=empty
il	il	PROimp	MORPH=empty
n'	ne1	ADVneg	MORPH=empty
a	avoir	VERcjg	MORPH=empty
ci	ci	ADVgen	MORPH=empty
dame	dame	NOMcom	MORPH=empty
qui	qui	PROrel	MORPH=empty
nel	ne1+il	ADVneg.PROper	MORPH=empty
voie	vëoir	VERcjg	MORPH=empty
janbeter	jambeter	VERinf	MORPH=empty
et	et	CONcoo	MORPH=empty
gesir	jesir	VERinf	MORPH=empty
tot	tot	ADVgen	MORPH=empty
plat	plat	ADJqua	MORPH=empty
.	.	PONfrt	MORPH=empty
"	"	PONpxx	MORPH=empty
Lors	lors	ADVgen	MORPH=empty
li	il	PROper	MORPH=empty
aüst	avoir	VERcjg	MORPH=empty
doné	doner	VERppe	MORPH=empty
.i.	un	DETndf	MORPH=empty
flat	flat	NOMcom	MORPH=empty
l'	le	DETdef	MORPH=empty
autre	autre	PROind	MORPH=empty
,	,	PONfbl	MORPH=empty
s'	se	CONsub	MORPH=empty
an	on	PROind	MORPH=empty
li	il	PROper	MORPH=empty
volsist	voloir	VERcjg	MORPH=empty
sofrir	sofrir	VERinf	MORPH=empty
;	;	PONfbl	MORPH=empty
mes	mais1	CONcoo	MORPH=empty
ne	ne1	ADVneg	MORPH=empty
la	il	PROper	MORPH=empty
lessierent	laissier	VERcjg	MORPH=empty
ferir	ferir	VERinf	MORPH=empty
les	le	DETdef	MORPH=empty
dames	dame	NOMcom	MORPH=empty
qui	qui	PROrel	MORPH=empty
antor	entor	ADVgen	MORPH=empty
estoient	estre1	VERcjg	MORPH=empty
.	.	PONfrt	MORPH=empty
Atant	atant	ADVgen	MORPH=empty
l'	le	DETdef	MORPH=empty
escuier	escuier2	NOMcom	MORPH=empty
venir	venir	VERinf	MORPH=empty
voient	vëoir	VERcjg	MORPH=empty
,	,	PONfbl	MORPH=empty
qui	qui	PROrel	MORPH=empty
le	le	DETdef	MORPH=empty
cheval	cheval	NOMcom	MORPH=empty
amainne	amener	VERcjg	MORPH=empty
an	en1	PRE	MORPH=empty
destre	destre	ADJqua	MORPH=empty
.	.	PONfrt	MORPH=empty
La	le	DETdef	MORPH=empty
pucele	pucele	NOMcom	MORPH=empty
a	a3	PRE	MORPH=empty
une	un	DETndf	MORPH=empty
fenestre	fenestre	NOMcom	MORPH=empty
trova	trover	VERcjg	MORPH=empty
seant	sëoir	VERppa	MORPH=empty
,	,	PONfbl	MORPH=empty
si	si	ADVgen	MORPH=empty
li	il	PROper	MORPH=empty
presante	presenter	VERcjg	MORPH=empty
.	.	PONfrt	MORPH=empty
La	le	DETdef	MORPH=empty
pucele	pucele	NOMcom	MORPH=empty
plus	plus	ADVgen	MORPH=empty
de	de	PRE	MORPH=empty
sissante	soissante	ADJcar	MORPH=empty
merciz	merci	NOMcom	MORPH=empty
rant	rendre	VERcjg	MORPH=empty
,	,	PONfbl	MORPH=empty
le	le	DETdef	MORPH=empty
cheval	cheval	NOMcom	MORPH=empty
fet	faire	VERcjg	MORPH=empty
prandre	prendre	VERinf	MORPH=empty
,	,	PONfbl	MORPH=empty
et	et	CONcoo	MORPH=empty
il	il	PROper	MORPH=empty
s'	soi1	PROper	MORPH=empty
an	en2	PROadv	MORPH=empty
va	aler	VERcjg	MORPH=empty
les	le	DETdef	MORPH=empty
merciz	merci	NOMcom	MORPH=empty
randre	rendre	VERinf	MORPH=empty
a	a3	PRE	MORPH=empty
son	son4	DETpos	MORPH=empty
seignor	seignor	NOMcom	MORPH=empty
,	,	PONfbl	MORPH=empty
qui	qui	PROrel	MORPH=empty
sanbloit	sembler	VERcjg	MORPH=empty
estre	estre1	VERinf	MORPH=empty
del	de+le	PRE.DETdef	MORPH=empty
tornoiemant	tornoiement	NOMcom	MORPH=empty
sire	seignor	NOMcom	MORPH=empty
et	et	CONcoo	MORPH=empty
mestre	maistre	NOMcom	MORPH=empty
,	,	PONfbl	MORPH=empty
qu'	que4	CONcoo	MORPH=empty
il	il	PROimp	MORPH=empty
n'	ne1	ADVneg	MORPH=empty
i	i2	PROadv	MORPH=empty
a	avoir	VERcjg	MORPH=empty
chevalier	chevalier	NOMcom	MORPH=empty
si	si	ADVgen	MORPH=empty
cointe	cointe	ADJqua	MORPH=empty
,	,	PONfbl	MORPH=empty
se	se	CONsub	MORPH=empty
de	de	PRE	MORPH=empty
la	le	DETdef	MORPH=empty
lance	lance	NOMcom	MORPH=empty
a	a3	PRE	MORPH=empty
lui	il	PROper	MORPH=empty
s'	soi1	PROper	MORPH=empty
acointe	acointier	VERcjg	MORPH=empty
,	,	PONfbl	MORPH=empty
qu'	que4	CONsub	MORPH=empty
il	il	PROper	MORPH=empty
ne	ne1	ADVneg	MORPH=empty
li	il	PROper	MORPH=empty
toille	tolir	VERcjg	MORPH=empty
les	le	DETdef	MORPH=empty
estriers	estrieu	NOMcom	MORPH=empty
.	.	PONfrt	MORPH=empty
Onques	onque	ADVgen	MORPH=empty
de	de	PRE	MORPH=empty
gaaignier	gäaignier1	VERinf	MORPH=empty
destriers	destrier1	NOMcom	MORPH=empty
ne	ne1	ADVneg	MORPH=empty
fu	estre1	VERcjg	MORPH=empty
mes	mais1	ADVgen	MORPH=empty
si	si	ADVgen	MORPH=empty
antalantez	entalenter	VERppe	MORPH=empty
.	.	PONfrt	MORPH=empty
.IIII.	4	PROcar	MORPH=empty
en	en2	PROadv	MORPH=empty
a	avoir	VERcjg	MORPH=empty
le	le	DETdef	MORPH=empty
jor	jor	NOMcom	MORPH=empty
presantez	presenter	VERppe	MORPH=empty
,	,	PONfbl	MORPH=empty
que	que2	PROrel	MORPH=empty
il	il	PROper	MORPH=empty
gaaigna	gäaignier1	VERcjg	MORPH=empty
de	de	PRE	MORPH=empty
sa	son4	DETpos	MORPH=empty
main	main2	NOMcom	MORPH=empty
,	,	PONfbl	MORPH=empty
si	si	ADVgen	MORPH=empty
anvea	envoiier	VERcjg	MORPH=empty
le	le	DETdef	MORPH=empty
premerain	premerain	ADJord	MORPH=empty
a	a3	PRE	MORPH=empty
la	le	DETdef	MORPH=empty
dameisele	damoisele	NOMcom	MORPH=empty
petite	petit	ADJqua	MORPH=empty
,	,	PONfbl	MORPH=empty
de	de	PRE	MORPH=empty
l'	le	DETdef	MORPH=empty
autre	autre	PROind	MORPH=empty
a	a3	PRE	MORPH=empty
la	le	DETdef	MORPH=empty
dame	dame	NOMcom	MORPH=empty
s'	soi1	PROper	MORPH=empty
aquite	aquiter	VERcjg	MORPH=empty
au	a3+le	PRE.DETdef	MORPH=empty
vavasor	vavassor	NOMcom	MORPH=empty
,	,	PONfbl	MORPH=empty
qui	qui	PROrel	MORPH=empty
mout	mout	ADVgen	MORPH=empty
li	il	PROper	MORPH=empty
plot	plaire	VERcjg	MORPH=empty
;	;	PONfbl	MORPH=empty
l'	le	DETdef	MORPH=empty
une	un	PROind	MORPH=empty
de	de	PRE	MORPH=empty
ses	son4	DETpos	MORPH=empty
.ii.	2	ADJcar	MORPH=empty
filles	fille	NOMcom	MORPH=empty
ot	avoir	VERcjg	MORPH=empty
le	le	DETdef	MORPH=empty
tierz	tierz	PROord	MORPH=empty
,	,	PONfbl	MORPH=empty
et	et	CONcoo	MORPH=empty
l'	le	DETdef	MORPH=empty
autre	autre	PROind	MORPH=empty
ot	avoir	VERcjg	MORPH=empty
le	le	DETdef	MORPH=empty
quart	cart	PROord	MORPH=empty
.	.	PONfrt	MORPH=empty
Et	et	CONcoo	MORPH=empty
li	le	DETdef	MORPH=empty
tornoiemanz	tornoiement	NOMcom	MORPH=empty
depart	departir	VERcjg	MORPH=empty
,	,	PONfbl	MORPH=empty
si	si	ADVgen	MORPH=empty
s'	soi1	PROper	MORPH=empty
an	en2	PROadv	MORPH=empty
rantrent	rentrer	VERcjg	MORPH=empty
parmi	parmi	PRE	MORPH=empty
la	le	DETdef	MORPH=empty
porte	porte1	NOMcom	MORPH=empty
,	,	PONfbl	MORPH=empty
et	et	CONcoo	MORPH=empty
messire	seignor	NOMcom	MORPH=empty
Gauvains	Gauvain	NOMpro	MORPH=empty
an	en2	PROadv	MORPH=empty
porte	porter	VERcjg	MORPH=empty
d'	de	PRE	MORPH=empty
une	un	DETndf	MORPH=empty
part	part1	NOMcom	MORPH=empty
et	et	CONcoo	MORPH=empty
d'	de	PRE	MORPH=empty
autre	autre	PROind	MORPH=empty
le	le	DETdef	MORPH=empty
pris	pris1	NOMcom	MORPH=empty
.	.	PONfrt	MORPH=empty
Il	il	PROimp	MORPH=empty
n'	ne1	ADVneg	MORPH=empty
estoit	estre1	VERcjg	MORPH=empty
pas	pas	ADVneg	MORPH=empty
ancor	encore	ADVgen	MORPH=empty
midis	midi	NOMcom	MORPH=empty
qant	cant1	CONsub	MORPH=empty
il	il	PROper	MORPH=empty
fu	estre1	VERcjg	MORPH=empty
partiz	partir	VERppe	MORPH=empty
de	de	PRE	MORPH=empty
l'	le	DETdef	MORPH=empty
estor	estor2	NOMcom	MORPH=empty
.	.	PONfrt	MORPH=empty
Messire	seignor	NOMcom	MORPH=empty
Gauvains	Gauvain	NOMpro	MORPH=empty
au	a3+le	PRE.DETdef	MORPH=empty
retor	retor1	NOMcom	MORPH=empty
ot	avoir	VERcjg	MORPH=empty
de	de	PRE	MORPH=empty
chevaliers	chevalier	NOMcom	MORPH=empty
tele	tel	DETind	MORPH=empty
rote	rote4	NOMcom	MORPH=empty
que	que4	CONsub	MORPH=empty
plainne	plein	ADJqua	MORPH=empty
an	en2	PROadv	MORPH=empty
fu	estre1	VERcjg	MORPH=empty
la	le	DETdef	MORPH=empty
rue	rüe2	NOMcom	MORPH=empty
tote	tot	ADJind	MORPH=empty
,	,	PONfbl	MORPH=empty
et	et	CONcoo	MORPH=empty
tuit	tot	DETind	MORPH=empty
icil	icel	PROdem	MORPH=empty
qui	qui	PROrel	MORPH=empty
le	il	PROper	MORPH=empty
veoient	vëoir	VERcjg	MORPH=empty
anquerre	enquerre	VERinf	MORPH=empty
et	et	CONcoo	MORPH=empty
demander	demander	VERinf	MORPH=empty
voloient	voloir	VERcjg	MORPH=empty
dom	dont	PROrel	MORPH=empty
il	il	PROper	MORPH=empty
ert	estre1	VERcjg	MORPH=empty
et	et	CONcoo	MORPH=empty
de	de	PRE	MORPH=empty
quel	quel1	DETrel	MORPH=empty
contree	contree	NOMcom	MORPH=empty
.	.	PONfrt	MORPH=empty
La	le	DETdef	MORPH=empty
pucelete	pucelete	NOMcom	MORPH=empty
a	avoir	VERcjg	MORPH=empty
ancontree	encontrer	VERppe	MORPH=empty
tot	tot	ADVgen	MORPH=empty
droit	droit	ADJqua	MORPH=empty
a	a3	PRE	MORPH=empty
l'	le	DETdef	MORPH=empty
uis	uis	NOMcom	MORPH=empty
de	de	PRE	MORPH=empty
son	son4	DETpos	MORPH=empty
ostel	ostel	NOMcom	MORPH=empty
,	,	PONfbl	MORPH=empty
et	et	CONcoo	MORPH=empty
ele	il	PROper	MORPH=empty
ne	ne1	ADVneg	MORPH=empty
fist	faire	VERcjg	MORPH=empty
onques	onque	ADVgen	MORPH=empty
el	el1	PROper	MORPH=empty
mes	mais1	ADVgen	MORPH=empty
que	que4	CONsub	MORPH=empty
lués	luès	ADVgen	MORPH=empty
a	a3	PRE	MORPH=empty
l'	le	DETdef	MORPH=empty
estrié	estrieu	NOMcom	MORPH=empty
le	il	PROper	MORPH=empty
prist	prendre	VERcjg	MORPH=empty
,	,	PONfbl	MORPH=empty
sel	si+il	ADVgen.PROper	MORPH=empty
salua	salüer	VERcjg	MORPH=empty
et	et	CONcoo	MORPH=empty
si	si	ADVgen	MORPH=empty
li	il	PROper	MORPH=empty
dist	dire	VERcjg	MORPH=empty
:	:	PONfbl	MORPH=empty
"	"	PONpxx	MORPH=empty
Vostre	vostre	DETpos	MORPH=empty
merci	merci	NOMcom	MORPH=empty
,	,	PONfbl	MORPH=empty
fet	faire	VERcjg	MORPH=empty
ele	il	PROper	MORPH=empty
,	,	PONfbl	MORPH=empty
sire	seignor	NOMcom	MORPH=empty
!	!	PONfrt	MORPH=empty
"	"	PONpxx	MORPH=empty
Et	et	CONcoo	MORPH=empty
il	il	PROper	MORPH=empty
sot	savoir	VERcjg	MORPH=empty
bien	bien1	ADVgen	MORPH=empty
qu'	que2	PROrel	MORPH=empty
ele	il	PROper	MORPH=empty
volt	voloir	VERcjg	MORPH=empty
dire	dire	VERinf	MORPH=empty
,	,	PONfbl	MORPH=empty
si	si	ADVgen	MORPH=empty
li	il	PROper	MORPH=empty
respondi	respondre1	VERcjg	MORPH=empty
come	come1	CONsub	MORPH=empty
frans	franc1	ADJqua	MORPH=empty
:	:	PONfbl	MORPH=empty
"	"	PONpxx	MORPH=empty
Einz	ainz	ADVgen	MORPH=empty
seroie	estre1	VERcjg	MORPH=empty
chenuz	chenu	ADJqua	MORPH=empty
et	et	CONcoo	MORPH=empty
blans	blanc	ADJqua	MORPH=empty
,	,	PONfbl	MORPH=empty
pucele	pucele	NOMcom	MORPH=empty
,	,	PONfbl	MORPH=empty
que	que4	CONsub	MORPH=empty
je	je	PROper	MORPH=empty
me	je	PROper	MORPH=empty
recroie	recroire	VERcjg	MORPH=empty
de	de	PRE	MORPH=empty
vos	vos	PROper	MORPH=empty
servir	servir	VERinf	MORPH=empty
,	,	PONfbl	MORPH=empty
ou	où	PROrel	MORPH=empty
que	que2	PROrel	MORPH=empty
je	je	PROper	MORPH=empty
soie	estre1	VERcjg	MORPH=empty
.	.	PONfrt	MORPH=empty
Ja	ja	ADVgen	MORPH=empty
de	de	PRE	MORPH=empty
vos	vos	PROper	MORPH=empty
ne	ne1	ADVneg	MORPH=empty
serai	estre1	VERcjg	MORPH=empty
si	si	ADVgen	MORPH=empty
loing	loing	ADVgen	MORPH=empty
,	,	PONfbl	MORPH=empty
se	se	CONsub	MORPH=empty
savoir	savoir	VERinf	MORPH=empty
puis	pöoir	VERcjg	MORPH=empty
vostre	vostre	DETpos	MORPH=empty
besoing	besoing	NOMcom	MORPH=empty
,	,	PONfbl	MORPH=empty
que	que4	CONsub	MORPH=empty
ja	ja	ADVgen	MORPH=empty
essoinnes	essoigne	NOMcom	MORPH=empty
me	je	PROper	MORPH=empty
retaigne	retenir	VERcjg	MORPH=empty
qu'	que4	CONsub	MORPH=empty
au	a3+le	PRE.DETdef	MORPH=empty
premier	premier	ADJord	MORPH=empty
message	message1	NOMcom	MORPH=empty
ne	ne1	ADVneg	MORPH=empty
vaigne	venir	VERcjg	MORPH=empty
.	.	PONfrt	MORPH=empty
Granz	grant	ADJqua	MORPH=empty
merciz	merci	NOMcom	MORPH=empty
!	!	PONfrt	MORPH=empty
"	"	PONpxx	MORPH=empty
fet	faire	VERcjg	MORPH=empty
la	le	DETdef	MORPH=empty
dameisele	damoisele	NOMcom	MORPH=empty
.	.	PONfrt	MORPH=empty
Ensi	ainsi	ADVgen	MORPH=empty
parloient	parler	VERcjg	MORPH=empty
cil	cel	PROdem	MORPH=empty
et	et	CONcoo	MORPH=empty
cele	cel	PROdem	MORPH=empty
qant	cant1	CONsub	MORPH=empty
ses	son4	DETpos	MORPH=empty
peres	pere1	NOMcom	MORPH=empty
vint	venir	VERcjg	MORPH=empty
an	en1	PRE	MORPH=empty
la	le	DETdef	MORPH=empty
place	place	NOMcom	MORPH=empty
,	,	PONfbl	MORPH=empty
qui	qui	PROrel	MORPH=empty
de	de	PRE	MORPH=empty
tot	tot	DETind	MORPH=empty
son	son4	DETpos	MORPH=empty
pooir	pöoir	VERinf	MORPH=empty
porchace	porchacier	VERcjg	MORPH=empty
que	que4	CONsub	MORPH=empty
messire	seignor	NOMcom	MORPH=empty
Gauvains	Gauvain	NOMpro	MORPH=empty
remaigne	remanoir	VERcjg	MORPH=empty
la	le	DETdef	MORPH=empty
nuit	nuit	NOMcom	MORPH=empty
et	et	CONcoo	MORPH=empty
que	que4	CONsub	MORPH=empty
son	son4	DETpos	MORPH=empty
ostel	ostel	NOMcom	MORPH=empty
praigne	prendre	VERcjg	MORPH=empty
.	.	PONfrt	MORPH=empty
Messire	seignor	NOMcom	MORPH=empty
Gauvains	Gauvain	NOMpro	MORPH=empty
s'	soi1	PROper	MORPH=empty
escondit	escondire	VERcjg	MORPH=empty
de	de	PRE	MORPH=empty
remenoir	remanoir	VERinf	MORPH=empty
et	et	CONcoo	MORPH=empty
si	si	ADVgen	MORPH=empty
li	il	PROper	MORPH=empty
dit	dire	VERcjg	MORPH=empty
que	que4	CONsub	MORPH=empty
il	il	PROper	MORPH=empty
ne	ne1	ADVneg	MORPH=empty
puet	pöoir	VERcjg	MORPH=empty
;	;	PONfbl	MORPH=empty
et	et	CONcoo	MORPH=empty
cil	cel	PROdem	MORPH=empty
li	il	PROper	MORPH=empty
prie	priier	VERcjg	MORPH=empty
,	,	PONfbl	MORPH=empty
se	se	CONsub	MORPH=empty
lui	il	PROper	MORPH=empty
plest	plaire	VERcjg	MORPH=empty
,	,	PONfbl	MORPH=empty
que	que4	CONsub	MORPH=empty
son	son4	DETpos	MORPH=empty
non	nom	NOMcom	MORPH=empty
li	il	PROper	MORPH=empty
die	dire	VERcjg	MORPH=empty
.	.	PONfrt	MORPH=empty
"	"	PONpxx	MORPH=empty
Sire	seignor	NOMcom	MORPH=empty
,	,	PONfbl	MORPH=empty
Gauvains	Gauvain	NOMpro	MORPH=empty
sui	estre1	VERcjg	MORPH=empty
apelez	apeler	VERppe	MORPH=empty
,	,	PONfbl	MORPH=empty
onques	onque	ADVgen	MORPH=empty
mes	mon1	DETpos	MORPH=empty
nons	nom	NOMcom	MORPH=empty
ne	ne1	ADVneg	MORPH=empty
fu	estre1	VERcjg	MORPH=empty
celez	celer1	VERppe	MORPH=empty
an	en1	PRE	MORPH=empty
leu	lieu	NOMcom	MORPH=empty
ou	où	PROrel	MORPH=empty
il	il	PROper	MORPH=empty
me	je	PROper	MORPH=empty
fust	estre1	VERcjg	MORPH=empty
requis	requerre	VERppe	MORPH=empty
n'	ne2	CONcoo	MORPH=empty
onques	onque	ADVgen	MORPH=empty
ancores	encore	ADVgen	MORPH=empty
ne	ne1	ADVneg	MORPH=empty
le	il	PROper	MORPH=empty
dis	dire	VERcjg	MORPH=empty
s'	se	CONsub	MORPH=empty
ainçois	ainçois	ADVgen	MORPH=empty
demandez	demander	VERcjg	MORPH=empty
ne	ne1	ADVneg	MORPH=empty
me	je	PROper	MORPH=empty
fu	estre1	VERcjg	MORPH=empty
.	.	PONfrt	MORPH=empty
"	"	PONpxx	MORPH=empty
Qant	cant1	CONsub	MORPH=empty
li	le	DETdef	MORPH=empty
sires	seignor	NOMcom	MORPH=empty
a	avoir	VERcjg	MORPH=empty
entandu	entendre	VERppe	MORPH=empty
que	que4	CONsub	MORPH=empty
c'	ce1	PROdem	MORPH=empty
estoit	estre1	VERcjg	MORPH=empty
messire	seignor	NOMcom	MORPH=empty
Gauvains	Gauvain	NOMpro	MORPH=empty
,	,	PONfbl	MORPH=empty
mout	mout	ADVgen	MORPH=empty
fu	estre1	VERcjg	MORPH=empty
ses	son4	DETpos	MORPH=empty
cuers	cuer2	NOMcom	MORPH=empty
de	de	PRE	MORPH=empty
joie	joie	NOMcom	MORPH=empty
plains	plein	ADJqua	MORPH=empty
,	,	PONfbl	MORPH=empty
et	et	CONcoo	MORPH=empty
li	il	PROper	MORPH=empty
dist	dire	VERcjg	MORPH=empty
:	:	PONfbl	MORPH=empty
"	"	PONpxx	MORPH=empty
Sire	seignor	NOMcom	MORPH=empty
,	,	PONfbl	MORPH=empty
or	or4	ADVgen	MORPH=empty
an	en2	PROadv	MORPH=empty
venez	venir	VERcjg	MORPH=empty
,	,	PONfbl	MORPH=empty
anquenuit	enquenuit	ADVgen	MORPH=empty
mon	mon1	DETpos	MORPH=empty
ostel	ostel	NOMcom	MORPH=empty
prenez	prendre	VERcjg	MORPH=empty
,	,	PONfbl	MORPH=empty
que	que4	CONcoo	MORPH=empty
de	de	PRE	MORPH=empty
rien	rien	PROind	MORPH=empty
ne	ne1	ADVneg	MORPH=empty
vos	vos	PROper	MORPH=empty
ai	avoir	VERcjg	MORPH=empty
servi	servir	VERppe	MORPH=empty
,	,	PONfbl	MORPH=empty
n'	ne2	CONcoo	MORPH=empty
onques	onque	ADVgen	MORPH=empty
an	en1	PRE	MORPH=empty
ma	mon1	DETpos	MORPH=empty
vie	vie1	NOMcom	MORPH=empty
ne	ne1	ADVneg	MORPH=empty
vi	vëoir	VERcjg	MORPH=empty
chevalier	chevalier	NOMcom	MORPH=empty
,	,	PONfbl	MORPH=empty
ce	ce1	PROdem	MORPH=empty
puis	pöoir	VERcjg	MORPH=empty
ge	je	PROper	MORPH=empty
jurer	jurer	VERinf	MORPH=empty
,	,	PONfbl	MORPH=empty
que	que2	PROrel	MORPH=empty
ge	je	PROper	MORPH=empty
tant	tant	ADVgen	MORPH=empty
volsisse	voloir	VERcjg	MORPH=empty
enorer	onorer	VERinf	MORPH=empty
.	.	PONfrt	MORPH=empty
"	"	PONpxx	MORPH=empty
De	de	PRE	MORPH=empty
remenoir	remanoir	VERinf	MORPH=empty
mout	mout	ADVgen	MORPH=empty
li	il	PROper	MORPH=empty
pria	priier	VERcjg	MORPH=empty
,	,	PONfbl	MORPH=empty
et	et	CONcoo	MORPH=empty
messire	seignor	NOMcom	MORPH=empty
Gauvains	Gauvain	NOMpro	MORPH=empty
li	il	PROper	MORPH=empty
a	avoir	VERcjg	MORPH=empty
tote	tot	DETind	MORPH=empty
sa	son4	DETpos	MORPH=empty
proiere	priiere	NOMcom	MORPH=empty
escondite	escondire	VERppe	MORPH=empty
.	.	PONfrt	MORPH=empty
Et	et	CONcoo	MORPH=empty
la	le	DETdef	MORPH=empty
dameisele	damoisele	NOMcom	MORPH=empty
petite	petit	ADJqua	MORPH=empty
,	,	PONfbl	MORPH=empty
qui	qui	PROrel	MORPH=empty
n'	ne1	ADVneg	MORPH=empty
estoit	estre1	VERcjg	MORPH=empty
fole	fol3	ADJqua	MORPH=empty
ne	ne2	CONcoo	MORPH=empty
mauveise	mauvais	ADJqua	MORPH=empty
,	,	PONfbl	MORPH=empty
le	il	PROper	MORPH=empty
prant	prendre	VERcjg	MORPH=empty
par	par	PRE	MORPH=empty
le	le	DETdef	MORPH=empty
pié	pié	NOMcom	MORPH=empty
,	,	PONfbl	MORPH=empty
si	si	ADVgen	MORPH=empty
le	il	PROper	MORPH=empty
beise	baisier	VERcjg	MORPH=empty
et	et	CONcoo	MORPH=empty
a	a3	PRE	MORPH=empty
Damedeu	Damnedeu	NOMpro	MORPH=empty
le	il	PROper	MORPH=empty
comande	comander	VERcjg	MORPH=empty
;	;	PONfbl	MORPH=empty
et	et	CONcoo	MORPH=empty
messire	seignor	NOMcom	MORPH=empty
Gauvains	Gauvain	NOMpro	MORPH=empty
demande	demander	VERcjg	MORPH=empty
que	que2	PROrel	MORPH=empty
ele	il	PROper	MORPH=empty
i	i2	PROadv	MORPH=empty
avoit	avoir	VERcjg	MORPH=empty
antandu	entendre	VERppe	MORPH=empty
;	;	PONfbl	MORPH=empty
et	et	CONcoo	MORPH=empty
ele	il	PROper	MORPH=empty
li	il	PROper	MORPH=empty
a	avoir	VERcjg	MORPH=empty
respondu	respondre1	VERppe	MORPH=empty
que	que4	CONsub	MORPH=empty
ele	il	PROper	MORPH=empty
li	il	PROper	MORPH=empty
avoit	avoir	VERcjg	MORPH=empty
beisié	baisier	VERppe	MORPH=empty
par	par	PRE	MORPH=empty
tele	tel	DETind	MORPH=empty
antancion	entencïon	NOMcom	MORPH=empty
le	le	DETdef	MORPH=empty
pié	pié	NOMcom	MORPH=empty
que	que4	CONsub	MORPH=empty
de	de	PRE	MORPH=empty
li	il	PROper	MORPH=empty
li	il	PROper	MORPH=empty
resovenist	resovenir	VERcjg	MORPH=empty
an	en1	PRE	MORPH=empty
quelque	quel1	DETind	MORPH=empty
leu	lieu	NOMcom	MORPH=empty
que	que2	PROrel	MORPH=empty
il	il	PROper	MORPH=empty
venist	venir	VERcjg	MORPH=empty
.	.	PONfrt	MORPH=empty
Et	et	CONcoo	MORPH=empty
il	il	PROper	MORPH=empty
li	il	PROper	MORPH=empty
dist	dire	VERcjg	MORPH=empty
:	:	PONfbl	MORPH=empty
"	"	PONpxx	MORPH=empty
N'	ne1	ADVneg	MORPH=empty
an	en2	PROadv	MORPH=empty
dotez	doter2	VERcjg	MORPH=empty
mie	mie	ADVneg	MORPH=empty
,	,	PONfbl	MORPH=empty
que	que4	CONcoo	MORPH=empty
,	,	PONfbl	MORPH=empty
si	si	ADVgen	MORPH=empty
m'	je	PROper	MORPH=empty
aïst	aidier	VERcjg	MORPH=empty
Dex	Dieu	NOMpro	MORPH=empty
,	,	PONfbl	MORPH=empty
bele	bel1	ADJqua	MORPH=empty
amie	ami	NOMcom	MORPH=empty
,	,	PONfbl	MORPH=empty
ja	ja	ADVgen	MORPH=empty
mes	mais1	ADVgen	MORPH=empty
ne	ne1	ADVneg	MORPH=empty
vos	vos	PROper	MORPH=empty
oblierai	oblïer	VERcjg	MORPH=empty
,	,	PONfbl	MORPH=empty
ja	ja	ADVgen	MORPH=empty
si	si	ADVgen	MORPH=empty
loing	loing	ADVgen	MORPH=empty
de	de	PRE	MORPH=empty
vos	vos	PROper	MORPH=empty
ne	ne1	ADVneg	MORPH=empty
serai	estre1	VERcjg	MORPH=empty
.	.	PONfrt	MORPH=empty
"	"	PONpxx	MORPH=empty
Atant	atant	ADVgen	MORPH=empty
s'	soi1	PROper	MORPH=empty
an	en2	PROadv	MORPH=empty
part	partir	VERcjg	MORPH=empty
et	et	CONcoo	MORPH=empty
congié	congié	NOMcom	MORPH=empty
prant	prendre	VERcjg	MORPH=empty
a	a3	PRE	MORPH=empty
son	son4	DETpos	MORPH=empty
oste	oste	NOMcom	MORPH=empty
et	et	CONcoo	MORPH=empty
a	a3	PRE	MORPH=empty
l'	le	DETdef	MORPH=empty
autre	autre	ADJind	MORPH=empty
gent	gent1	NOMcom	MORPH=empty
;	;	PONfbl	MORPH=empty
si	si	ADVgen	MORPH=empty
le	il	PROper	MORPH=empty
comandent	comander	VERcjg	MORPH=empty
a	a3	PRE	MORPH=empty
Deu	Dieu	NOMpro	MORPH=empty
tuit	tot	PROind	MORPH=empty
.	.	PONfrt	MORPH=empty
Messire	seignor	NOMcom	MORPH=empty
Gauvains	Gauvain	NOMpro	MORPH=empty
cele	cel	DETdem	MORPH=empty
nuit	nuit	NOMcom	MORPH=empty
an	en1	PRE	MORPH=empty
une	un	DETndf	MORPH=empty
obediance	obedïence	NOMcom	MORPH=empty
jut	jesir	VERcjg	MORPH=empty
,	,	PONfbl	MORPH=empty
si	si	ADVgen	MORPH=empty
ot	avoir	VERcjg	MORPH=empty
quanque	cantque	PROrel	MORPH=empty
il	il	PROimp	MORPH=empty
li	il	PROper	MORPH=empty
estut	estovoir1	VERcjg	MORPH=empty
.	.	PONfrt	MORPH=empty
Et	et	CONcoo	MORPH=empty
l'	le	DETdef	MORPH=empty
andemain	endemain	NOMcom	MORPH=empty
bien	bien1	ADVgen	MORPH=empty
par	par	PRE	MORPH=empty
matin	matin2	NOMcom	MORPH=empty
aloit	aler	VERcjg	MORPH=empty
chevalchant	chevauchier	VERppa	MORPH=empty
son	son4	DETpos	MORPH=empty
chemin	chemin	NOMcom	MORPH=empty
tant	tant	ADVgen	MORPH=empty
que	que4	CONsub	MORPH=empty
il	il	PROper	MORPH=empty
vit	vëoir	VERcjg	MORPH=empty
an	en1	PRE	MORPH=empty
trespassant	trespasser	VERppa	MORPH=empty
bestes	beste	NOMcom	MORPH=empty
qui	qui	PROrel	MORPH=empty
aloient	aler	VERcjg	MORPH=empty
pessant	paistre	VERppa	MORPH=empty
lez	lez	PRE	MORPH=empty
l'	le	DETdef	MORPH=empty
oroille	oraille	NOMcom	MORPH=empty
d'	de	PRE	MORPH=empty
une	un	DETndf	MORPH=empty
forest	forest	NOMcom	MORPH=empty
.	.	PONfrt	MORPH=empty
Yvonet	Yonet	NOMpro	MORPH=empty
dit	dire	VERcjg	MORPH=empty
que	que4	CONsub	MORPH=empty
il	il	PROper	MORPH=empty
s'	soi1	PROper	MORPH=empty
arest	arester	VERcjg	MORPH=empty
,	,	PONfbl	MORPH=empty
qui	qui	PROrel	MORPH=empty
.i.	un	PROind	MORPH=empty
de	de	PRE	MORPH=empty
ses	son4	DETpos	MORPH=empty
chevax	cheval	NOMcom	MORPH=empty
menoit	mener	VERcjg	MORPH=empty
,	,	PONfbl	MORPH=empty
tot	tot	DETind	MORPH=empty
le	le	DETdef	MORPH=empty
mellor	meillor	ADJqua	MORPH=empty
que	que2	PROrel	MORPH=empty
il	il	PROper	MORPH=empty
avoit	avoir	VERcjg	MORPH=empty
,	,	PONfbl	MORPH=empty
et	et	CONcoo	MORPH=empty
une	un	DETndf	MORPH=empty
lance	lance	NOMcom	MORPH=empty
roide	roit1	ADJqua	MORPH=empty
et	et	CONcoo	MORPH=empty
fort	fort	ADJqua	MORPH=empty
.	.	PONfrt	MORPH=empty
La	le	DETdef	MORPH=empty
lance	lance	NOMcom	MORPH=empty
dit	dire	VERcjg	MORPH=empty
que	que4	CONsub	MORPH=empty
il	il	PROper	MORPH=empty
aport	aporter	VERcjg	MORPH=empty
et	et	CONcoo	MORPH=empty
que	que4	CONsub	MORPH=empty
le	le	DETdef	MORPH=empty
cheval	cheval	NOMcom	MORPH=empty
li	il	PROper	MORPH=empty
estraigne	estreindre	VERcjg	MORPH=empty
,	,	PONfbl	MORPH=empty
celui	cel	PROdem	MORPH=empty
que	que2	PROrel	MORPH=empty
il	il	PROper	MORPH=empty
an	en1	PRE	MORPH=empty
destre	destre	ADJqua	MORPH=empty
mainne	mener	VERcjg	MORPH=empty
,	,	PONfbl	MORPH=empty
et	et	CONcoo	MORPH=empty
il	il	PROper	MORPH=empty
li	il	PROper	MORPH=empty
a	avoir	VERcjg	MORPH=empty
sanz	sans	PRE	MORPH=empty
demorance	demorance	NOMcom	MORPH=empty
baillié	baillier	VERppe	MORPH=empty
son	son4	DETpos	MORPH=empty
escu	escu	NOMcom	MORPH=empty
et	et	CONcoo	MORPH=empty
la	le	DETdef	MORPH=empty
lance	lance	NOMcom	MORPH=empty
.	.	PONfrt	MORPH=empty
Et	et	CONcoo	MORPH=empty
il	il	PROper	MORPH=empty
s'	soi1	PROper	MORPH=empty
an	en2	PROadv	MORPH=empty
torne	torner	VERcjg	MORPH=empty
aprés	après	PRE	MORPH=empty
les	le	DETdef	MORPH=empty
biches	bisse	NOMcom	MORPH=empty
,	,	PONfbl	MORPH=empty
si	si	ADVgen	MORPH=empty
lor	il	PROper	MORPH=empty
fet	faire	VERcjg	MORPH=empty
tant	tant	ADVgen	MORPH=empty
torz	tor5	NOMcom	MORPH=empty
et	et	CONcoo	MORPH=empty
tant	tant	DETind	MORPH=empty
guiches	guische	NOMcom	MORPH=empty
que	que4	CONsub	MORPH=empty
une	un	DETndf	MORPH=empty
an	en2	PROadv	MORPH=empty
i	i2	PROadv	MORPH=empty
antreprist	entreprendre	VERcjg	MORPH=empty
delez	dalez	PRE	MORPH=empty
.i.	un	DETndf	MORPH=empty
ronçoi	ronçoi	NOMcom	MORPH=empty
et	et	CONcoo	MORPH=empty
li	il	PROper	MORPH=empty
mist	metre2	VERcjg	MORPH=empty
sor	sor2	PRE	MORPH=empty
le	le	DETdef	MORPH=empty
col	col	NOMcom	MORPH=empty
la	le	DETdef	MORPH=empty
lance	lance	NOMcom	MORPH=empty
an	en1	PRE	MORPH=empty
travers	travers	NOMcom	MORPH=empty
.	.	PONfrt	MORPH=empty
Et	et	CONcoo	MORPH=empty
la	le	DETdef	MORPH=empty
biche	bisse	NOMcom	MORPH=empty
saut	salir2	VERcjg	MORPH=empty
de	de	PRE	MORPH=empty
travers	travers	NOMcom	MORPH=empty
,	,	PONfbl	MORPH=empty
si	si	ADVgen	MORPH=empty
s'	soi1	PROper	MORPH=empty
an	en2	PROadv	MORPH=empty
foï	fuir	VERcjg	MORPH=empty
aprés	après	PRE	MORPH=empty
les	le	DETdef	MORPH=empty
cers	cerf	NOMcom	MORPH=empty
,	,	PONfbl	MORPH=empty
et	et	CONcoo	MORPH=empty
il	il	PROper	MORPH=empty
chace	chacier	VERcjg	MORPH=empty
tant	tant	ADVgen	MORPH=empty
qu'	que4	CONsub	MORPH=empty
a	a3	PRE	MORPH=empty
bien	bien1	ADVgen	MORPH=empty
pres	près	ADVgen	MORPH=empty
la	il	PROper	MORPH=empty
retenist	retenir	VERcjg	MORPH=empty
et	et	CONcoo	MORPH=empty
arestast	arester	VERcjg	MORPH=empty
,	,	PONfbl	MORPH=empty
se	se	CONsub	MORPH=empty
ses	son4	DETpos	MORPH=empty
chevax	cheval	NOMcom	MORPH=empty
ne	ne1	ADVneg	MORPH=empty
desferrast	desferrer	VERcjg	MORPH=empty
.	.	PONfrt	MORPH=empty
Qant	cant1	CONsub	MORPH=empty
il	il	PROper	MORPH=empty
ne	ne1	ADVneg	MORPH=empty
pot	pöoir	VERcjg	MORPH=empty
la	le	DETdef	MORPH=empty
biche	bisse	NOMcom	MORPH=empty
prandre	prendre	VERinf	MORPH=empty
,	,	PONfbl	MORPH=empty
Yvonet	Yonet	NOMpro	MORPH=empty
comande	comander	VERcjg	MORPH=empty
a	a3	PRE	MORPH=empty
descendre	descendre	VERinf	MORPH=empty
,	,	PONfbl	MORPH=empty
que	que4	CONcoo	MORPH=empty
ses	son4	DETpos	MORPH=empty
chevax	cheval	NOMcom	MORPH=empty
mout	mout	ADVgen	MORPH=empty
duremant	durement	ADVgen	MORPH=empty
clochoit	clochier2	VERcjg	MORPH=empty
;	;	PONfbl	MORPH=empty
cil	cel	PROdem	MORPH=empty
son	son4	DETpos	MORPH=empty
comandemant	comandement	NOMcom	MORPH=empty
a	avoir	VERcjg	MORPH=empty
fet	faire	VERppe	MORPH=empty
,	,	PONfbl	MORPH=empty
le	le	DETdef	MORPH=empty
pié	pié	NOMcom	MORPH=empty
li	il	PROper	MORPH=empty
lieve	lever	VERcjg	MORPH=empty
an	en1	PRE	MORPH=empty
haut	haut	ADJqua	MORPH=empty
et	et	CONcoo	MORPH=empty
trova	trover	VERcjg	MORPH=empty
que	que4	CONsub	MORPH=empty
uns	un	DETcar	MORPH=empty
fers	fer	NOMcom	MORPH=empty
li	il	PROper	MORPH=empty
faut	falir	VERcjg	MORPH=empty
,	,	PONfbl	MORPH=empty
et	et	CONcoo	MORPH=empty
dist	dire	VERcjg	MORPH=empty
:	:	PONfbl	MORPH=empty
"	"	PONpxx	MORPH=empty
Sire	seignor	NOMcom	MORPH=empty
,	,	PONfbl	MORPH=empty
il	il	PROimp	MORPH=empty
l'	il	PROper	MORPH=empty
estuet	estovoir1	VERcjg	MORPH=empty
ferrer	ferrer	VERinf	MORPH=empty
.	.	PONfrt	MORPH=empty
Il	il	PROimp	MORPH=empty
n'	ne1	ADVneg	MORPH=empty
i	i2	PROadv	MORPH=empty
a	avoir	VERcjg	MORPH=empty
mes	mais1	ADVgen	MORPH=empty
que	que4	CONsub	MORPH=empty
de	de	PRE	MORPH=empty
l'	le	DETdef	MORPH=empty
errer	errer2	VERinf	MORPH=empty
tot	tot	ADVgen	MORPH=empty
soavet	söavet	ADJqua	MORPH=empty
tant	tant	ADVgen	MORPH=empty
que	que4	CONsub	MORPH=empty
l'	le	DETdef	MORPH=empty
an	on	PROind	MORPH=empty
truisse	trover	VERcjg	MORPH=empty
fevre	fevre	NOMcom	MORPH=empty
qui	qui	PROrel	MORPH=empty
referrer	referrer	VERinf	MORPH=empty
le	il	PROper	MORPH=empty
puisse	pöoir	VERcjg	MORPH=empty
.	.	PONfrt	MORPH=empty
"	"	PONpxx	MORPH=empty
Puis	puis	ADVgen	MORPH=empty
errerent	errer2	VERcjg	MORPH=empty
tant	tant	ADVgen	MORPH=empty
que	que4	CONsub	MORPH=empty
il	il	PROper	MORPH=empty
virent	vëoir	VERcjg	MORPH=empty
gent	gent1	NOMcom	MORPH=empty
qui	qui	PROrel	MORPH=empty
hors	hors	ADVgen	MORPH=empty
del	de+le	PRE.DETdef	MORPH=empty
d'	de	PRE	MORPH=empty
un	un	DETndf	MORPH=empty
chastel	chastel	NOMcom	MORPH=empty
issirent	issir	VERcjg	MORPH=empty
.	.	PONfrt	MORPH=empty
Devant	devant	ADVgen	MORPH=empty
avoit	avoir	VERcjg	MORPH=empty
gent	gent1	NOMcom	MORPH=empty
secorciee	secorcier	VERppe	MORPH=empty
qui	qui	PROrel	MORPH=empty
vindrent	venir	VERcjg	MORPH=empty
tote	tot	DETind	MORPH=empty
la	le	DETdef	MORPH=empty
chauciee	chauciee	NOMcom	MORPH=empty
,	,	PONfbl	MORPH=empty
garçons	garçon	NOMcom	MORPH=empty
a	a3	PRE	MORPH=empty
pié	pié	NOMcom	MORPH=empty
qui	qui	PROrel	MORPH=empty
chiens	chien	NOMcom	MORPH=empty
menoient	mener	VERcjg	MORPH=empty
,	,	PONfbl	MORPH=empty
et	et	CONcoo	MORPH=empty
vaneor	venëor	NOMcom	MORPH=empty
aprés	après	ADVgen	MORPH=empty
venoient	venir	VERcjg	MORPH=empty
qui	qui	PROrel	MORPH=empty
portoient	porter	VERcjg	MORPH=empty
espiez	espiet	NOMcom	MORPH=empty
tranchanz	trenchier1	VERppa	MORPH=empty
;	;	PONfbl	MORPH=empty
aprés	après	ADVgen	MORPH=empty
ot	avoir	VERcjg	MORPH=empty
archiers	archier	NOMcom	MORPH=empty
et	et	CONcoo	MORPH=empty
sergenz	serjant	NOMcom	MORPH=empty
qui	qui	PROrel	MORPH=empty
ars	arc	NOMcom	MORPH=empty
et	et	CONcoo	MORPH=empty
saietes	saiete	NOMcom	MORPH=empty
portoient	porter	VERcjg	MORPH=empty
,	,	PONfbl	MORPH=empty
et	et	CONcoo	MORPH=empty
aprés	après	ADVgen	MORPH=empty
chevalier	chevalier	NOMcom	MORPH=empty
venoient	venir	VERcjg	MORPH=empty
.	.	PONfrt	MORPH=empty
Aprés	après	PRE	MORPH=empty
trestoz	trestot	DETind	MORPH=empty
les	le	DETdef	MORPH=empty
chevaliers	chevalier	NOMcom	MORPH=empty
an	en2	PROadv	MORPH=empty
venoient	venir	VERcjg	MORPH=empty
dui	deus	PROcar	MORPH=empty
sor	sor2	PRE	MORPH=empty
destriers	destrier1	NOMcom	MORPH=empty
,	,	PONfbl	MORPH=empty
dont	dont	PROrel	MORPH=empty
li	le	DETdef	MORPH=empty
uns	un	PROind	MORPH=empty
estoit	estre1	VERcjg	MORPH=empty
jovanciax	jovencel	NOMcom	MORPH=empty
et	et	CONcoo	MORPH=empty
de	de	PRE	MORPH=empty
toz	tot	DETind	MORPH=empty
autres	autre	PROind	MORPH=empty
li	le	DETdef	MORPH=empty
plus	plus	ADVgen	MORPH=empty
biax	bel1	ADJqua	MORPH=empty
.	.	PONfrt	MORPH=empty
Icil	icel	PROdem	MORPH=empty
seus	sol1	ADJqua	MORPH=empty
monseignor	seignor	NOMcom	MORPH=empty
Gauvain	Gauvain	NOMpro	MORPH=empty
salua	salüer	VERcjg	MORPH=empty
et	et	CONcoo	MORPH=empty
prist	prendre	VERcjg	MORPH=empty
par	par	PRE	MORPH=empty
la	le	DETdef	MORPH=empty
main	main2	NOMcom	MORPH=empty
,	,	PONfbl	MORPH=empty
et	et	CONcoo	MORPH=empty
dist	dire	VERcjg	MORPH=empty
:	:	PONfbl	MORPH=empty
"	"	PONpxx	MORPH=empty
Sire	seignor	NOMcom	MORPH=empty
,	,	PONfbl	MORPH=empty
ge	je	PROper	MORPH=empty
vos	vos	PROper	MORPH=empty
detaing	detenir	VERcjg	MORPH=empty
.	.	PONfrt	MORPH=empty
Alez	aler	VERcjg	MORPH=empty
hui	ui	ADVgen	MORPH=empty
mes	mais1	ADVgen	MORPH=empty
la	là	ADVgen	MORPH=empty
don	dont	PROrel	MORPH=empty
ge	je	PROper	MORPH=empty
vaing	venir	VERcjg	MORPH=empty
et	et	CONcoo	MORPH=empty
descendez	descendre	VERcjg	MORPH=empty
an	en1	PRE	MORPH=empty
mes	mon1	DETpos	MORPH=empty
meisons	maison	NOMcom	MORPH=empty
.	.	PONfrt	MORPH=empty
Bien	bien1	ADVgen	MORPH=empty
est	estre1	VERcjg	MORPH=empty
hui	ui	ADVgen	MORPH=empty
mes	mais1	ADVgen	MORPH=empty
tans	tens	NOMcom	MORPH=empty
et	et	CONcoo	MORPH=empty
reisons	raison	NOMcom	MORPH=empty
de	de	PRE	MORPH=empty
herbergier	herbergier	VERinf	MORPH=empty
,	,	PONfbl	MORPH=empty
s'	se	CONsub	MORPH=empty
il	il	PROimp	MORPH=empty
ne	ne1	ADVneg	MORPH=empty
vos	vos	PROper	MORPH=empty
poise	peser	VERcjg	MORPH=empty
.	.	PONfrt	MORPH=empty
J'	je	PROper	MORPH=empty
ai	avoir	VERcjg	MORPH=empty
une	un	DETndf	MORPH=empty
seror	seror	NOMcom	MORPH=empty
mout	mout	ADVgen	MORPH=empty
cortoise	cortois	ADJqua	MORPH=empty
qui	qui	PROrel	MORPH=empty
de	de	PRE	MORPH=empty
vos	vos	PROper	MORPH=empty
grant	grant	ADJqua	MORPH=empty
joie	joie	NOMcom	MORPH=empty
fera	faire	VERcjg	MORPH=empty
,	,	PONfbl	MORPH=empty
et	et	CONcoo	MORPH=empty
cil	cel	DETdem	MORPH=empty
sires	seignor	NOMcom	MORPH=empty
vos	vos	PROper	MORPH=empty
i	i2	PROadv	MORPH=empty
manra	mener	VERcjg	MORPH=empty
que	que2	PROrel	MORPH=empty
vos	vos	PROper	MORPH=empty
veez	vëoir	VERcjg	MORPH=empty
ci	ci	ADVgen	MORPH=empty
devant	devant	PRE	MORPH=empty
moi	je	PROper	MORPH=empty
.	.	PONfrt	MORPH=empty
"	"	PONpxx	MORPH=empty
Et	et	CONcoo	MORPH=empty
dist	dire	VERcjg	MORPH=empty
:	:	PONfbl	MORPH=empty
"	"	PONpxx	MORPH=empty
Sire	seignor	NOMcom	MORPH=empty
,	,	PONfbl	MORPH=empty
ge	je	PROper	MORPH=empty
vos	vos	PROper	MORPH=empty
anvoi	envoiier	VERcjg	MORPH=empty
,	,	PONfbl	MORPH=empty
biax	bel1	ADJqua	MORPH=empty
conpainz	compagnon	NOMcom	MORPH=empty
,	,	PONfbl	MORPH=empty
avoec	avuec	PRE	MORPH=empty
cest	cest	DETdem	MORPH=empty
seignor	seignor	NOMcom	MORPH=empty
,	,	PONfbl	MORPH=empty
si	si	ADVgen	MORPH=empty
le	il	PROper	MORPH=empty
menez	mener	VERcjg	MORPH=empty
a	a3	PRE	MORPH=empty
ma	mon1	DETpos	MORPH=empty
seror	seror	NOMcom	MORPH=empty
.	.	PONfrt	MORPH=empty
Saluez	salüer	VERcjg	MORPH=empty
la	il	PROper	MORPH=empty
premieremant	premierement	ADVgen	MORPH=empty
et	et	CONcoo	MORPH=empty
li	il	PROper	MORPH=empty
dites	dire	VERcjg	MORPH=empty
que	que4	CONsub	MORPH=empty
ge	je	PROper	MORPH=empty
li	il	PROper	MORPH=empty
mant	mander	VERcjg	MORPH=empty
que	que4	CONsub	MORPH=empty
par	par	PRE	MORPH=empty
l'	le	DETdef	MORPH=empty
amor	amor	NOMcom	MORPH=empty
et	et	CONcoo	MORPH=empty
par	par	PRE	MORPH=empty
la	le	DETdef	MORPH=empty
foi	foi	NOMcom	MORPH=empty
qui	qui	PROrel	MORPH=empty
doit	devoir	VERcjg	MORPH=empty
estre	estre1	VERinf	MORPH=empty
antre	entre	PRE	MORPH=empty
li	il	PROper	MORPH=empty
et	et	CONcoo	MORPH=empty
moi	je	PROper	MORPH=empty
,	,	PONfbl	MORPH=empty
se	se	CONsub	MORPH=empty
onques	onque	ADVgen	MORPH=empty
ama	amer1	VERcjg	MORPH=empty
chevalier	chevalier	NOMcom	MORPH=empty
,	,	PONfbl	MORPH=empty
qu'	que3	ADVint	MORPH=empty
ele	il	PROper	MORPH=empty
aint	amer1	VERcjg	MORPH=empty
cestui	cest	PROdem	MORPH=empty
et	et	CONcoo	MORPH=empty
teigne	tenir1	VERcjg	MORPH=empty
chier	chier	ADJqua	MORPH=empty
et	et	CONcoo	MORPH=empty
que	que4	CONsub	MORPH=empty
autant	autant	ADVgen	MORPH=empty
face	faire	VERcjg	MORPH=empty
de	de	PRE	MORPH=empty
lui	il	PROper	MORPH=empty
con	come1	CONsub	MORPH=empty
de	de	PRE	MORPH=empty
moi	je	PROper	MORPH=empty
,	,	PONfbl	MORPH=empty
qui	qui	PROrel	MORPH=empty
ses	son4	DETpos	MORPH=empty
freres	frere	NOMcom	MORPH=empty
sui	estre1	VERcjg	MORPH=empty
.	.	PONfrt	MORPH=empty
Tel	tel	DETind	MORPH=empty
solaz	solaz	NOMcom	MORPH=empty
et	et	CONcoo	MORPH=empty
tel	tel	DETind	MORPH=empty
conpaignie	compagnie	NOMcom	MORPH=empty
li	il	PROper	MORPH=empty
face	faire	VERcjg	MORPH=empty
,	,	PONfbl	MORPH=empty
si	si	ADVgen	MORPH=empty
ne	ne1	ADVneg	MORPH=empty
li	il	PROper	MORPH=empty
poist	peser	VERcjg	MORPH=empty
mie	mie	ADVneg	MORPH=empty
,	,	PONfbl	MORPH=empty
tant	tant	ADVgen	MORPH=empty
que	que4	CONsub	MORPH=empty
nos	nos1	PROper	MORPH=empty
soions	estre1	VERcjg	MORPH=empty
revenu	revenir	VERppe	MORPH=empty
.	.	PONfrt	MORPH=empty
Qant	cant1	CONsub	MORPH=empty
ele	il	PROper	MORPH=empty
l'	il	PROper	MORPH=empty
avra	avoir	VERcjg	MORPH=empty
detenu	detenir	VERppe	MORPH=empty
avoec	avuec	PRE	MORPH=empty
li	il	PROper	MORPH=empty
deboneremant	debonairement	ADVgen	MORPH=empty
,	,	PONfbl	MORPH=empty
si	si	ADVgen	MORPH=empty
revenez	revenir	VERcjg	MORPH=empty
hastivemant	hastivement	ADVgen	MORPH=empty
,	,	PONfbl	MORPH=empty
que	que4	CONcoo	MORPH=empty
ge	je	PROper	MORPH=empty
m'	je	PROper	MORPH=empty
an	en2	PROadv	MORPH=empty
voldrai	voloir	VERcjg	MORPH=empty
revenir	revenir	VERinf	MORPH=empty
por	por2	PRE	MORPH=empty
lui	il	PROper	MORPH=empty
conpaignie	compagnie	NOMcom	MORPH=empty
tenir	tenir1	VERinf	MORPH=empty
au	a3+le	PRE.DETdef	MORPH=empty
plus	plus	ADVgen	MORPH=empty
tost	tost1	ADVgen	MORPH=empty
que	que1	CONsub	MORPH=empty
ge	je	PROper	MORPH=empty
porrai	pöoir	VERcjg	MORPH=empty
onques	onque	ADVgen	MORPH=empty
.	.	PONfrt	MORPH=empty
"	"	PONpxx	MORPH=empty
Li	le	DETdef	MORPH=empty
chevaliers	chevalier	NOMcom	MORPH=empty
s'	soi1	PROper	MORPH=empty
an	en2	PROadv	MORPH=empty
part	partir	VERcjg	MORPH=empty
adonques	adonc	ADVgen	MORPH=empty
,	,	PONfbl	MORPH=empty
qui	qui	PROrel	MORPH=empty
monseignor	seignor	NOMcom	MORPH=empty
Gauvain	Gauvain	NOMpro	MORPH=empty
conduit	conduire	VERcjg	MORPH=empty
la	là	ADVgen	MORPH=empty
ou	où	PROrel	MORPH=empty
de	de	PRE	MORPH=empty
mort	mort	NOMcom	MORPH=empty
le	il	PROper	MORPH=empty
heent	häir	VERcjg	MORPH=empty
tuit	tot	PROind	MORPH=empty
.	.	PONfrt	MORPH=empty
Mes	mais1	CONcoo	MORPH=empty
il	il	PROper	MORPH=empty
n'	ne1	ADVneg	MORPH=empty
i	i2	PROadv	MORPH=empty
est	estre1	VERcjg	MORPH=empty
pas	pas	ADVneg	MORPH=empty
coneüz	conoistre	VERppe	MORPH=empty
,	,	PONfbl	MORPH=empty
que	que4	CONcoo	MORPH=empty
onques	onque	ADVgen	MORPH=empty
mes	mais1	ADVgen	MORPH=empty
n'	ne1	ADVneg	MORPH=empty
i	i2	PROadv	MORPH=empty
fu	estre1	VERcjg	MORPH=empty
veüz	vëoir	VERppe	MORPH=empty
,	,	PONfbl	MORPH=empty
si	si	ADVgen	MORPH=empty
n'	ne1	ADVneg	MORPH=empty
i	i2	PROadv	MORPH=empty
cuide	cuidier1	VERcjg	MORPH=empty
avoir	avoir	VERinf	MORPH=empty
nule	nul	DETind	MORPH=empty
garde	garde	NOMcom	MORPH=empty
.	.	PONfrt	MORPH=empty
Le	le	DETdef	MORPH=empty
siege	siege	NOMcom	MORPH=empty
del	de+le	PRE.DETdef	MORPH=empty
chastel	chastel	NOMcom	MORPH=empty
esgarde	esgarder	VERcjg	MORPH=empty
,	,	PONfbl	MORPH=empty
qui	qui	PROrel	MORPH=empty
sor	sor2	PRE	MORPH=empty
.i.	un	DETndf	MORPH=empty
braz	braz	NOMcom	MORPH=empty
de	de	PRE	MORPH=empty
mer	mer	NOMcom	MORPH=empty
seoit	sëoir	VERcjg	MORPH=empty
,	,	PONfbl	MORPH=empty
et	et	CONcoo	MORPH=empty
les	le	DETdef	MORPH=empty
murs	mur	NOMcom	MORPH=empty
et	et	CONcoo	MORPH=empty
la	le	DETdef	MORPH=empty
tor	tor2	NOMcom	MORPH=empty
veoit	vëoir	VERcjg	MORPH=empty
si	si	ADVgen	MORPH=empty
forz	fort	ADJqua	MORPH=empty
que	que4	CONsub	MORPH=empty
nule	nul	DETind	MORPH=empty
rien	rien	NOMcom	MORPH=empty
ne	ne1	ADVneg	MORPH=empty
dote	doter2	VERcjg	MORPH=empty
.	.	PONfrt	MORPH=empty
Il	il	PROper	MORPH=empty
esgarde	esgarder	VERcjg	MORPH=empty
la	le	DETdef	MORPH=empty
vile	vile	NOMcom	MORPH=empty
tote	tot	ADJind	MORPH=empty
,	,	PONfbl	MORPH=empty
pueplee	popler2	VERppe	MORPH=empty
de	de	PRE	MORPH=empty
mout	mout	ADVgen	MORPH=empty
bele	bel1	ADJqua	MORPH=empty
gent	gent1	NOMcom	MORPH=empty
,	,	PONfbl	MORPH=empty
et	et	CONcoo	MORPH=empty
les	le	DETdef	MORPH=empty
changes	change	NOMcom	MORPH=empty
d'	de	PRE	MORPH=empty
or	or1	NOMcom	MORPH=empty
et	et	CONcoo	MORPH=empty
d'	de	PRE	MORPH=empty
argent	argent	NOMcom	MORPH=empty
,	,	PONfbl	MORPH=empty
qui	qui	PROrel	MORPH=empty
tuit	tot	PROind	MORPH=empty
sont	estre1	VERcjg	MORPH=empty
covert	covrir	VERppe	MORPH=empty
de	de	PRE	MORPH=empty
monoies	monoie	NOMcom	MORPH=empty
,	,	PONfbl	MORPH=empty
et	et	CONcoo	MORPH=empty
vit	vëoir	VERcjg	MORPH=empty
les	le	DETdef	MORPH=empty
places	place	NOMcom	MORPH=empty
et	et	CONcoo	MORPH=empty
les	le	DETdef	MORPH=empty
voies	voie	NOMcom	MORPH=empty
,	,	PONfbl	MORPH=empty
qui	qui	PROrel	MORPH=empty
totes	tot	ADVgen	MORPH=empty
sont	estre1	VERcjg	MORPH=empty
plainnes	plein	ADJqua	MORPH=empty
d'	de	PRE	MORPH=empty
ovriers	ovrier1	NOMcom	MORPH=empty
qui	qui	PROrel	MORPH=empty
feisoient	faire	VERcjg	MORPH=empty
divers	divers	ADJqua	MORPH=empty
mestiers	mestier	NOMcom	MORPH=empty
,	,	PONfbl	MORPH=empty
si	si	ADVgen	MORPH=empty
con	come1	CONsub	MORPH=empty
li	le	DETdef	MORPH=empty
mestier	mestier	NOMcom	MORPH=empty
sont	estre1	VERcjg	MORPH=empty
divers	divers	ADJqua	MORPH=empty
.	.	PONfrt	MORPH=empty
Cil	cel	PROdem	MORPH=empty
fet	faire	VERcjg	MORPH=empty
hiaumes	heaume	NOMcom	MORPH=empty
et	et	CONcoo	MORPH=empty
cil	cel	PROdem	MORPH=empty
haubers	hauberc	NOMcom	MORPH=empty
et	et	CONcoo	MORPH=empty
cil	cel	PROdem	MORPH=empty
lances	lance	NOMcom	MORPH=empty
et	et	CONcoo	MORPH=empty
cil	cel	PROdem	MORPH=empty
blazons	blason	NOMcom	MORPH=empty
,	,	PONfbl	MORPH=empty
cil	cel	PROdem	MORPH=empty
lorains	lorain	NOMcom	MORPH=empty
et	et	CONcoo	MORPH=empty
cil	cel	PROdem	MORPH=empty
esperons	esperon	NOMcom	MORPH=empty
,	,	PONfbl	MORPH=empty
et	et	CONcoo	MORPH=empty
cil	cel	PROdem	MORPH=empty
lor	lor2	DETpos	MORPH=empty
espees	espee	NOMcom	MORPH=empty
forbissent	forbir	VERcjg	MORPH=empty
.	.	PONfrt	MORPH=empty
Li	le	DETdef	MORPH=empty
un	un	PROind	MORPH=empty
font	faire	VERcjg	MORPH=empty
dras	drap	NOMcom	MORPH=empty
et	et	CONcoo	MORPH=empty
cil	cel	PROdem	MORPH=empty
les	il	PROper	MORPH=empty
tissent	tistre	VERcjg	MORPH=empty
,	,	PONfbl	MORPH=empty
cil	cel	PROdem	MORPH=empty
les	il	PROper	MORPH=empty
paignent	peignier1	VERcjg	MORPH=empty
et	et	CONcoo	MORPH=empty
cil	cel	PROdem	MORPH=empty
les	il	PROper	MORPH=empty
tondent	tondre1	VERcjg	MORPH=empty
;	;	PONfbl	MORPH=empty
et	et	CONcoo	MORPH=empty
li	le	DETdef	MORPH=empty
autre	autre	PROind	MORPH=empty
or	or1	NOMcom	MORPH=empty
et	et	CONcoo	MORPH=empty
argent	argent	NOMcom	MORPH=empty
fondent	fondre	VERcjg	MORPH=empty
,	,	PONfbl	MORPH=empty
cil	cel	PROdem	MORPH=empty
font	faire	VERcjg	MORPH=empty
oevres	uevre	NOMcom	MORPH=empty
bones	bon	ADJqua	MORPH=empty
et	et	CONcoo	MORPH=empty
beles	bel1	ADJqua	MORPH=empty
,	,	PONfbl	MORPH=empty
cil	cel	PROdem	MORPH=empty
font	faire	VERcjg	MORPH=empty
henas	hanap	NOMcom	MORPH=empty
,	,	PONfbl	MORPH=empty
cil	cel	PROdem	MORPH=empty
escueles	escüele	NOMcom	MORPH=empty
et	et	CONcoo	MORPH=empty
joiax	jöel	NOMcom	MORPH=empty
ovrez	ovrer	VERppe	MORPH=empty
a	a3	PRE	MORPH=empty
esmax	esmal1	NOMcom	MORPH=empty
,	,	PONfbl	MORPH=empty
eniax	anel1	NOMcom	MORPH=empty
,	,	PONfbl	MORPH=empty
ceintures	ceinture	NOMcom	MORPH=empty
et	et	CONcoo	MORPH=empty
fermax	fermail	NOMcom	MORPH=empty
.	.	PONfrt	MORPH=empty
Bien	bien1	ADVgen	MORPH=empty
poïst	pöoir	VERcjg	MORPH=empty
an	on	PROind	MORPH=empty
et	et	CONcoo	MORPH=empty
dire	dire	VERinf	MORPH=empty
et	et	CONcoo	MORPH=empty
croire	croire	VERinf	MORPH=empty
qu'	que4	CONsub	MORPH=empty
an	en1	PRE	MORPH=empty
la	le	DETdef	MORPH=empty
vile	vile	NOMcom	MORPH=empty
eüst	avoir	VERcjg	MORPH=empty
toz	tot	DETind	MORPH=empty
jorz	jor	NOMcom	MORPH=empty
foire	foire1	NOMcom	MORPH=empty
,	,	PONfbl	MORPH=empty
qui	qui	PROrel	MORPH=empty
de	de	PRE	MORPH=empty
tant	tant	ADVgen	MORPH=empty
d'	de	PRE	MORPH=empty
avoir	avoir	VERinf	MORPH=empty
estoit	estre1	VERcjg	MORPH=empty
plainne	plein	ADJqua	MORPH=empty
,	,	PONfbl	MORPH=empty
de	de	PRE	MORPH=empty
cire	cire	NOMcom	MORPH=empty
,	,	PONfbl	MORPH=empty
de	de	PRE	MORPH=empty
poivre	poivre	NOMcom	MORPH=empty
et	et	CONcoo	MORPH=empty
de	de	PRE	MORPH=empty
grainne	graine	NOMcom	MORPH=empty
et	et	CONcoo	MORPH=empty
de	de	PRE	MORPH=empty
panes	pene	NOMcom	MORPH=empty
veires	vair1	ADJqua	MORPH=empty
et	et	CONcoo	MORPH=empty
grises	gris	ADJqua	MORPH=empty
et	et	CONcoo	MORPH=empty
de	de	PRE	MORPH=empty
totes	tot	DETind	MORPH=empty
marcheandises	marchëandise	NOMcom	MORPH=empty
.	.	PONfrt	MORPH=empty
A	a3	PRE	MORPH=empty
cez	cest	DETdem	MORPH=empty
choses	chose	NOMcom	MORPH=empty
vet	aler	VERcjg	MORPH=empty
regardant	regarder	VERppa	MORPH=empty
et	et	CONcoo	MORPH=empty
de	de	PRE	MORPH=empty
leus	lieu	NOMcom	MORPH=empty
an	en1	PRE	MORPH=empty
leus	lieu	NOMcom	MORPH=empty
atardant	atarder	VERppa	MORPH=empty
.	.	PONfrt	MORPH=empty
S'	si	ADVgen	MORPH=empty
ont	avoir	VERcjg	MORPH=empty
tant	tant	ADVgen	MORPH=empty
alé	aler	VERppe	MORPH=empty
qu'	que4	CONsub	MORPH=empty
a	a3	PRE	MORPH=empty
la	le	DETdef	MORPH=empty
cort	cort1	NOMcom	MORPH=empty
furent	estre1	VERcjg	MORPH=empty
,	,	PONfbl	MORPH=empty
et	et	CONcoo	MORPH=empty
vaslet	vaslet	NOMcom	MORPH=empty
vindrent	venir	VERcjg	MORPH=empty
qui	qui	PROrel	MORPH=empty
reçurent	recevoir	VERcjg	MORPH=empty
tot	tot	DETind	MORPH=empty
lor	lor2	DETpos	MORPH=empty
hernois	harnois	NOMcom	MORPH=empty
et	et	CONcoo	MORPH=empty
lor	lor2	DETpos	MORPH=empty
ator	ator	NOMcom	MORPH=empty
.	.	PONfrt	MORPH=empty
Li	le	DETdef	MORPH=empty
chevaliers	chevalier	NOMcom	MORPH=empty
antre	entrer	VERcjg	MORPH=empty
an	en1	PRE	MORPH=empty
la	le	DETdef	MORPH=empty
tor	tor2	NOMcom	MORPH=empty
sus	sus	ADVgen	MORPH=empty
avoec	avuec	PRE	MORPH=empty
monseignor	seignor	NOMcom	MORPH=empty
Gauvain	Gauvain	NOMpro	MORPH=empty
et	et	CONcoo	MORPH=empty
si	si	ADVgen	MORPH=empty
le	il	PROper	MORPH=empty
mainne	mener	VERcjg	MORPH=empty
par	par	PRE	MORPH=empty
la	le	DETdef	MORPH=empty
main	main2	NOMcom	MORPH=empty
jusqu'	jusque	PRE	MORPH=empty
a	a3	PRE	MORPH=empty
la	le	DETdef	MORPH=empty
chanbre	chambre1	NOMcom	MORPH=empty
a	a3	PRE	MORPH=empty
la	le	DETdef	MORPH=empty
pucele	pucele	NOMcom	MORPH=empty
,	,	PONfbl	MORPH=empty
et	et	CONcoo	MORPH=empty
il	il	PROper	MORPH=empty
li	il	PROper	MORPH=empty
dist	dire	VERcjg	MORPH=empty
:	:	PONfbl	MORPH=empty
"	"	PONpxx	MORPH=empty
Amie	ami	NOMcom	MORPH=empty
bele	bel1	ADJqua	MORPH=empty
,	,	PONfbl	MORPH=empty
vostre	vostre	DETpos	MORPH=empty
freres	frere	NOMcom	MORPH=empty
saluz	salu	NOMcom	MORPH=empty
vos	vos	PROper	MORPH=empty
mande	mander	VERcjg	MORPH=empty
et	et	CONcoo	MORPH=empty
de	de	PRE	MORPH=empty
cest	cest	DETdem	MORPH=empty
seignor	seignor	NOMcom	MORPH=empty
vos	vos	PROper	MORPH=empty
comande	comander	VERcjg	MORPH=empty
qu'	que4	CONsub	MORPH=empty
il	il	PROper	MORPH=empty
soit	estre1	VERcjg	MORPH=empty
enorez	onorer	VERppe	MORPH=empty
et	et	CONcoo	MORPH=empty
serviz	servir	VERppe	MORPH=empty
.	.	PONfrt	MORPH=empty
Et	et	CONcoo	MORPH=empty
nel	ne1+il	ADVneg.PROper	MORPH=empty
fetes	faire	VERcjg	MORPH=empty
mie	mie	ADVneg	MORPH=empty
a	a3	PRE	MORPH=empty
enviz	enviz	NOMcom	MORPH=empty
,	,	PONfbl	MORPH=empty
mes	mais1	CONcoo	MORPH=empty
trestot	trestot	ADVgen	MORPH=empty
ausi	aussi	ADVgen	MORPH=empty
de	de	PRE	MORPH=empty
boen	bon	ADJqua	MORPH=empty
cuer	cuer2	NOMcom	MORPH=empty
con	come1	CONsub	MORPH=empty
se	se	CONsub	MORPH=empty
vos	vos	PROper	MORPH=empty
esteiez	estre1	VERcjg	MORPH=empty
sa	son4	DETpos	MORPH=empty
suer	seror	NOMcom	MORPH=empty
et	et	CONcoo	MORPH=empty
con	come1	CONsub	MORPH=empty
s'	se	CONsub	MORPH=empty
il	il	PROper	MORPH=empty
estoit	estre1	VERcjg	MORPH=empty
vostre	vostre	DETpos	MORPH=empty
frere	frere	NOMcom	MORPH=empty
.	.	PONfrt	MORPH=empty
Gardez	garder	VERcjg	MORPH=empty
que	que4	CONsub	MORPH=empty
ne	ne1	ADVneg	MORPH=empty
soiez	estre1	VERcjg	MORPH=empty
avere	aver	ADJqua	MORPH=empty
de	de	PRE	MORPH=empty
tote	tot	DETind	MORPH=empty
sa	son4	DETpos	MORPH=empty
volanté	volenté	NOMcom	MORPH=empty
fere	faire	VERinf	MORPH=empty
,	,	PONfbl	MORPH=empty
mes	mais1	CONcoo	MORPH=empty
large	large	ADJqua	MORPH=empty
et	et	CONcoo	MORPH=empty
preuz	pro	ADJqua	MORPH=empty
et	et	CONcoo	MORPH=empty
debonere	debonaire	ADJqua	MORPH=empty
.	.	PONfrt	MORPH=empty
Or	or4	ADVgen	MORPH=empty
an	en2	PROadv	MORPH=empty
pansez	penser	VERcjg	MORPH=empty
,	,	PONfbl	MORPH=empty
que	que4	CONcoo	MORPH=empty
je	je	PROper	MORPH=empty
m'	je	PROper	MORPH=empty
an	en2	PROadv	MORPH=empty
vois	aler	VERcjg	MORPH=empty
,	,	PONfbl	MORPH=empty
que	que4	CONcoo	MORPH=empty
il	il	PROimp	MORPH=empty
le	il	PROper	MORPH=empty
m'	je	PROper	MORPH=empty
estuet	estovoir1	VERcjg	MORPH=empty
sivre	sivre	VERinf	MORPH=empty
el	en1+le	PRE.DETdef	MORPH=empty
bois	bois	NOMcom	MORPH=empty
.	.	PONfrt	MORPH=empty
"	"	PONpxx	MORPH=empty
Et	et	CONcoo	MORPH=empty
cele	cel	PROdem	MORPH=empty
dit	dire	VERcjg	MORPH=empty
,	,	PONfbl	MORPH=empty
qui	qui	PROrel	MORPH=empty
grant	grant	ADJqua	MORPH=empty
joie	joie	NOMcom	MORPH=empty
a	avoir	VERcjg	MORPH=empty
:	:	PONfbl	MORPH=empty
"	"	PONpxx	MORPH=empty
Beneoiz	benëir	VERppe	MORPH=empty
soit	estre1	VERcjg	MORPH=empty
qui	qui	PROrel	MORPH=empty
m'	je	PROper	MORPH=empty
anvea	envoiier	VERcjg	MORPH=empty
tel	tel	DETind	MORPH=empty
conpaignie	compagnie	NOMcom	MORPH=empty
come	come1	CONsub	MORPH=empty
ceste	cest	PROdem	MORPH=empty
!	!	PONfrt	MORPH=empty
Qui	qui	PROrel	MORPH=empty
si	si	ADVgen	MORPH=empty
bel	bel1	ADJqua	MORPH=empty
conpaignon	compagnon	NOMcom	MORPH=empty
me	je	PROper	MORPH=empty
preste	prester	VERcjg	MORPH=empty
ne	ne1	ADVneg	MORPH=empty
me	je	PROper	MORPH=empty
het	häir	VERcjg	MORPH=empty
pas	pas	ADVneg	MORPH=empty
,	,	PONfbl	MORPH=empty
soe	suen	DETpos	MORPH=empty
merci	merci	NOMcom	MORPH=empty
.	.	PONfrt	MORPH=empty
Biax	bel1	ADJqua	MORPH=empty
sire	seignor	NOMcom	MORPH=empty
,	,	PONfbl	MORPH=empty
or	or4	ADVgen	MORPH=empty
vos	vos	PROper	MORPH=empty
seez	sëoir	VERcjg	MORPH=empty
ici	ici	ADVgen	MORPH=empty
,	,	PONfbl	MORPH=empty
fet	faire	VERcjg	MORPH=empty
la	le	DETdef	MORPH=empty
pucele	pucele	NOMcom	MORPH=empty
,	,	PONfbl	MORPH=empty
delez	dalez	PRE	MORPH=empty
moi	je	PROper	MORPH=empty
.	.	PONfrt	MORPH=empty
Por	por2	PRE	MORPH=empty
ce	ce1	PROdem	MORPH=empty
que	que4	CONsub	MORPH=empty
bel	bel1	ADJqua	MORPH=empty
et	et	CONcoo	MORPH=empty
gent	gent2	ADJqua	MORPH=empty
vos	vos	PROper	MORPH=empty
voi	vëoir	VERcjg	MORPH=empty
,	,	PONfbl	MORPH=empty
et	et	CONcoo	MORPH=empty
por	por2	PRE	MORPH=empty
mon	mon1	DETpos	MORPH=empty
frere	frere	NOMcom	MORPH=empty
qui	qui	PROrel	MORPH=empty
m'	je	PROper	MORPH=empty
an	en2	PROadv	MORPH=empty
prie	priier	VERcjg	MORPH=empty
,	,	PONfbl	MORPH=empty
vos	vos	PROper	MORPH=empty
ferai	faire	VERcjg	MORPH=empty
bone	bon	ADJqua	MORPH=empty
conpaignie	compagnie	NOMcom	MORPH=empty
.	.	PONfrt	MORPH=empty
"	"	PONpxx	MORPH=empty
Tantost	tantost	ADVgen	MORPH=empty
li	le	DETdef	MORPH=empty
chevaliers	chevalier	NOMcom	MORPH=empty
s'	soi1	PROper	MORPH=empty
an	en2	PROadv	MORPH=empty
torne	torner	VERcjg	MORPH=empty
,	,	PONfbl	MORPH=empty
que	que4	CONsub	MORPH=empty
avoec	avuec	PRE	MORPH=empty
ax	il	PROper	MORPH=empty
plus	plus	ADVgen	MORPH=empty
ne	ne1	ADVneg	MORPH=empty
sejorne	sejorner	VERcjg	MORPH=empty
;	;	PONfbl	MORPH=empty
et	et	CONcoo	MORPH=empty
messire	seignor	NOMcom	MORPH=empty
Gauvains	Gauvain	NOMpro	MORPH=empty
remaint	remanoir	VERcjg	MORPH=empty
,	,	PONfbl	MORPH=empty
qui	qui	PROrel	MORPH=empty
de	de	PRE	MORPH=empty
ce	ce1	PROdem	MORPH=empty
mie	mie	ADVneg	MORPH=empty
ne	ne1	ADVneg	MORPH=empty
se	soi1	PROper	MORPH=empty
plaint	plaindre	VERcjg	MORPH=empty
se	se	CONsub	MORPH=empty
il	il	PROper	MORPH=empty
est	estre1	VERcjg	MORPH=empty
seus	sol1	ADJqua	MORPH=empty
o	o4	PRE	MORPH=empty
la	le	DETdef	MORPH=empty
pucele	pucele	NOMcom	MORPH=empty
,	,	PONfbl	MORPH=empty
qui	qui	PROrel	MORPH=empty
est	estre1	VERcjg	MORPH=empty
et	et	CONcoo	MORPH=empty
avenanz	avenant	VERppa	MORPH=empty
et	et	CONcoo	MORPH=empty
bele	bel1	ADJqua	MORPH=empty
,	,	PONfbl	MORPH=empty
et	et	CONcoo	MORPH=empty
tant	tant	ADVgen	MORPH=empty
estoit	estre1	VERcjg	MORPH=empty
bien	bien1	ADVgen	MORPH=empty
afeitiee	afaitier	VERppe	MORPH=empty
que	que4	CONsub	MORPH=empty
pas	pas	ADVneg	MORPH=empty
ne	ne1	ADVneg	MORPH=empty
cuide	cuidier1	VERcjg	MORPH=empty
estre	estre1	VERinf	MORPH=empty
agueitiee	agaitier	VERppe	MORPH=empty
de	de	PRE	MORPH=empty
ce	ce1	PROdem	MORPH=empty
que	que4	CONsub	MORPH=empty
ele	il	PROper	MORPH=empty
est	estre1	VERcjg	MORPH=empty
seule	sol1	ADJqua	MORPH=empty
o	o4	PRE	MORPH=empty
lui	il	PROper	MORPH=empty
.	.	PONfrt	MORPH=empty
D'	de	PRE	MORPH=empty
amors	amor	NOMcom	MORPH=empty
parloient	parler	VERcjg	MORPH=empty
amedui	ambedos	PROcar	MORPH=empty
,	,	PONfbl	MORPH=empty
que	que4	CONcoo	MORPH=empty
se	se	CONsub	MORPH=empty
d'	de	PRE	MORPH=empty
autre	autre	DETind	MORPH=empty
chose	chose	NOMcom	MORPH=empty
parlassent	parler	VERcjg	MORPH=empty
,	,	PONfbl	MORPH=empty
de	de	PRE	MORPH=empty
grant	grant	ADJqua	MORPH=empty
folie	folie2	NOMcom	MORPH=empty
se	soi1	PROper	MORPH=empty
meslassent	mesler	VERcjg	MORPH=empty
.	.	PONfrt	MORPH=empty
Messire	seignor	NOMcom	MORPH=empty
Gauvains	Gauvain	NOMpro	MORPH=empty
la	il	PROper	MORPH=empty
requiert	requerre	VERcjg	MORPH=empty
d'	de	PRE	MORPH=empty
amors	amor	NOMcom	MORPH=empty
et	et	CONcoo	MORPH=empty
prie	priier	VERcjg	MORPH=empty
,	,	PONfbl	MORPH=empty
et	et	CONcoo	MORPH=empty
dit	dire	VERcjg	MORPH=empty
qu'	que4	CONsub	MORPH=empty
il	il	PROper	MORPH=empty
iert	estre1	VERcjg	MORPH=empty
ses	son4	DETpos	MORPH=empty
chevaliers	chevalier	NOMcom	MORPH=empty
tote	tot	DETind	MORPH=empty
sa	son4	DETpos	MORPH=empty
vie	vie1	NOMcom	MORPH=empty
,	,	PONfbl	MORPH=empty
et	et	CONcoo	MORPH=empty
ele	il	PROper	MORPH=empty
n'	ne1	ADVneg	MORPH=empty
an	en2	PROadv	MORPH=empty
refuse	refuser	VERcjg	MORPH=empty
mie	mie	ADVneg	MORPH=empty
,	,	PONfbl	MORPH=empty
einz	ainz	ADVgen	MORPH=empty
l'	il	PROper	MORPH=empty
otroie	otroiier	VERcjg	MORPH=empty
mout	mout	ADVgen	MORPH=empty
volantiers	volentiers	ADVgen	MORPH=empty
.	.	PONfrt	MORPH=empty
Uns	un	DETndf	MORPH=empty
vavasors	vavassor	NOMcom	MORPH=empty
andemantiers	endementieres	ADVgen	MORPH=empty
antra	entrer	VERcjg	MORPH=empty
leanz	laienz	ADVgen	MORPH=empty
,	,	PONfbl	MORPH=empty
qui	qui	PROrel	MORPH=empty
mout	mout	ADVgen	MORPH=empty
lor	il	PROper	MORPH=empty
nut	nuire	VERcjg	MORPH=empty
,	,	PONfbl	MORPH=empty
qui	qui	PROrel	MORPH=empty
monseignor	seignor	NOMcom	MORPH=empty
Gauvain	Gauvain	NOMpro	MORPH=empty
conut	conoistre	VERcjg	MORPH=empty
,	,	PONfbl	MORPH=empty
si	si	ADVgen	MORPH=empty
les	il	PROper	MORPH=empty
trova	trover	VERcjg	MORPH=empty
antrebeisant	entrebaisier	VERppa	MORPH=empty
et	et	CONcoo	MORPH=empty
mout	mout	ADVgen	MORPH=empty
grant	grant	ADJqua	MORPH=empty
joie	joie	NOMcom	MORPH=empty
antrefeisant	entrefaire	VERppa	MORPH=empty
.	.	PONfrt	MORPH=empty
Et	et	CONcoo	MORPH=empty
des	des2	ADVgen	MORPH=empty
que	que4	CONsub	MORPH=empty
il	il	PROper	MORPH=empty
vit	vëoir	VERcjg	MORPH=empty
cele	cel	DETdem	MORPH=empty
joie	joie	NOMcom	MORPH=empty
,	,	PONfbl	MORPH=empty
ne	ne1	ADVneg	MORPH=empty
pot	pöoir	VERcjg	MORPH=empty
tenir	tenir1	VERinf	MORPH=empty
sa	son4	DETpos	MORPH=empty
lengue	langue1	NOMcom	MORPH=empty
coie	coi1	ADJqua	MORPH=empty
,	,	PONfbl	MORPH=empty
einz	ainz	ADVgen	MORPH=empty
s'	soi1	PROper	MORPH=empty
escria	escrïer	VERcjg	MORPH=empty
a	a3	PRE	MORPH=empty
grant	grant	ADJqua	MORPH=empty
vertu	vertu	NOMcom	MORPH=empty
:	:	PONfbl	MORPH=empty
"	"	PONpxx	MORPH=empty
Fame	feme	NOMcom	MORPH=empty
,	,	PONfbl	MORPH=empty
honie	honir	VERppe	MORPH=empty
soies	estre1	VERcjg	MORPH=empty
tu	tu	PROper	MORPH=empty
!	!	PONfrt	MORPH=empty
Dex	Dieu	NOMpro	MORPH=empty
te	tu	PROper	MORPH=empty
destruie	destruire	VERcjg	MORPH=empty
et	et	CONcoo	MORPH=empty
te	tu	PROper	MORPH=empty
confonde	confondre	VERcjg	MORPH=empty
,	,	PONfbl	MORPH=empty
qu'	que4	CONcoo	MORPH=empty
a	a3	PRE	MORPH=empty
l'	le	DETdef	MORPH=empty
ome	ome	NOMcom	MORPH=empty
de	de	PRE	MORPH=empty
trestot	trestot	DETind	MORPH=empty
le	le	DETdef	MORPH=empty
monde	monde1	NOMcom	MORPH=empty
que	que2	PROrel	MORPH=empty
tu	tu	PROper	MORPH=empty
devroies	devoir	VERcjg	MORPH=empty
plus	plus	ADVgen	MORPH=empty
haïr	häir	VERinf	MORPH=empty
te	tu	PROper	MORPH=empty
leisses	laissier	VERcjg	MORPH=empty
ensi	ainsi	ADVgen	MORPH=empty
conjoïr	conjöir	VERinf	MORPH=empty
,	,	PONfbl	MORPH=empty
et	et	CONcoo	MORPH=empty
qui	qui	PROrel	MORPH=empty
te	tu	PROper	MORPH=empty
beise	baisier	VERcjg	MORPH=empty
et	et	CONcoo	MORPH=empty
si	si	ADVgen	MORPH=empty
t'	tu	PROper	MORPH=empty
acole	acoler	VERcjg	MORPH=empty
!	!	PONfrt	MORPH=empty
Fame	feme	NOMcom	MORPH=empty
maleüree	malëuré	ADJqua	MORPH=empty
fole	fol3	ADJqua	MORPH=empty
,	,	PONfbl	MORPH=empty
tu	tu	PROper	MORPH=empty
fez	faire	VERcjg	MORPH=empty
bien	bien1	ADVgen	MORPH=empty
ce	ce1	PROdem	MORPH=empty
que	que2	PROrel	MORPH=empty
tu	tu	PROper	MORPH=empty
doiz	devoir	VERcjg	MORPH=empty
feire	faire	VERinf	MORPH=empty
.	.	PONfrt	MORPH=empty
A	a3	PRE	MORPH=empty
tes	ton4	DETpos	MORPH=empty
mains	main2	NOMcom	MORPH=empty
li	il	PROper	MORPH=empty
deüsses	devoir	VERcjg	MORPH=empty
treire	traire	VERinf	MORPH=empty
le	le	DETdef	MORPH=empty
cuer	cuer2	NOMcom	MORPH=empty
einz	ainz	ADVgen	MORPH=empty
que	que4	CONsub	MORPH=empty
beisier	baisier	VERinf	MORPH=empty
sa	son4	DETpos	MORPH=empty
boche	boche	NOMcom	MORPH=empty
.	.	PONfrt	MORPH=empty
Se	se	CONsub	MORPH=empty
tes	ton4	DETpos	MORPH=empty
beisiers	baisier	VERinf	MORPH=empty
au	a3+le	PRE.DETdef	MORPH=empty
cuer	cuer2	NOMcom	MORPH=empty
li	il	PROper	MORPH=empty
toche	tochier	VERcjg	MORPH=empty
,	,	PONfbl	MORPH=empty
le	le	DETdef	MORPH=empty
cuer	cuer2	NOMcom	MORPH=empty
del	de+le	PRE.DETdef	MORPH=empty
vantre	ventre1	NOMcom	MORPH=empty
li	il	PROper	MORPH=empty
as	avoir	VERcjg	MORPH=empty
tret	traire	VERppe	MORPH=empty
,	,	PONfbl	MORPH=empty
mes	mais1	CONcoo	MORPH=empty
asez	assez	ADVgen	MORPH=empty
mialz	mieus	ADVgen	MORPH=empty
eüsses	avoir	VERcjg	MORPH=empty
fet	faire	VERppe	MORPH=empty
s'	se	CONsub	MORPH=empty
as	a3+le	PRE.DETdef	MORPH=empty
mains	main2	NOMcom	MORPH=empty
arachié	arrachier	VERppe	MORPH=empty
li	il	PROper	MORPH=empty
eüsses	avoir	VERcjg	MORPH=empty
,	,	PONfbl	MORPH=empty
que	que4	CONcoo	MORPH=empty
ensi	ainsi	ADVgen	MORPH=empty
fere	faire	VERinf	MORPH=empty
le	il	PROper	MORPH=empty
deüsses	devoir	VERcjg	MORPH=empty
,	,	PONfbl	MORPH=empty
se	se	CONsub	MORPH=empty
fame	feme	NOMcom	MORPH=empty
deüst	devoir	VERcjg	MORPH=empty
fere	faire	VERinf	MORPH=empty
bien	bien2	NOMcom	MORPH=empty
.	.	PONfrt	MORPH=empty
Mes	mais1	CONcoo	MORPH=empty
de	de	PRE	MORPH=empty
ce	ce1	PROdem	MORPH=empty
n'	ne1	ADVneg	MORPH=empty
a	avoir	VERcjg	MORPH=empty
an	en1	PRE	MORPH=empty
fame	feme	NOMcom	MORPH=empty
rien	rien	PROind	MORPH=empty
,	,	PONfbl	MORPH=empty
s'	se	CONsub	MORPH=empty
el	il	PROper	MORPH=empty
het	häir	VERcjg	MORPH=empty
le	le	DETdef	MORPH=empty
mal	mal1	NOMcom	MORPH=empty
et	et	CONcoo	MORPH=empty
le	le	DETdef	MORPH=empty
bien	bien2	NOMcom	MORPH=empty
ainme	amer1	VERcjg	MORPH=empty
,	,	PONfbl	MORPH=empty
tort	tort2	NOMcom	MORPH=empty
a	avoir	VERcjg	MORPH=empty
qui	qui	PROrel	MORPH=empty
puis	puis	ADVgen	MORPH=empty
fame	feme	NOMcom	MORPH=empty
la	il	PROper	MORPH=empty
clainme	clamer	VERcjg	MORPH=empty
,	,	PONfbl	MORPH=empty
que	que4	CONcoo	MORPH=empty
la	là	ADVgen	MORPH=empty
an	en2	PROadv	MORPH=empty
pert	perdre	VERcjg	MORPH=empty
ele	il	PROper	MORPH=empty
son	son4	DETpos	MORPH=empty
non	nom	NOMcom	MORPH=empty
ou	où	PROrel	MORPH=empty
ele	il	PROper	MORPH=empty
n'	ne1	ADVneg	MORPH=empty
ainme	amer1	VERcjg	MORPH=empty
se	se	CONsub	MORPH=empty
bien	bien1	ADVgen	MORPH=empty
non	non	ADVneg	MORPH=empty
.	.	PONfrt	MORPH=empty
Mes	mais1	CONcoo	MORPH=empty
tu	tu	PROper	MORPH=empty
es	estre1	VERcjg	MORPH=empty
fame	feme	NOMcom	MORPH=empty
,	,	PONfbl	MORPH=empty
bien	bien1	ADVgen	MORPH=empty
le	il	PROper	MORPH=empty
voi	vëoir	VERcjg	MORPH=empty
,	,	PONfbl	MORPH=empty
que	que4	CONsub	MORPH=empty
cil	cel	PROdem	MORPH=empty
qui	qui	PROrel	MORPH=empty
se	soi1	PROper	MORPH=empty
siet	sëoir	VERcjg	MORPH=empty
delez	dalez	PRE	MORPH=empty
toi	tu	PROper	MORPH=empty
ocist	ocire	VERcjg	MORPH=empty
ton	ton4	DETpos	MORPH=empty
pere	pere1	NOMcom	MORPH=empty
,	,	PONfbl	MORPH=empty
si	si	ADVgen	MORPH=empty
le	il	PROper	MORPH=empty
beises	baisier	VERcjg	MORPH=empty
.	.	PONfrt	MORPH=empty
Qant	cant1	CONsub	MORPH=empty
fame	feme	NOMcom	MORPH=empty
puet	pöoir	VERcjg	MORPH=empty
avoir	avoir	VERinf	MORPH=empty
ses	son4	DETpos	MORPH=empty
eises	aise	NOMcom	MORPH=empty
,	,	PONfbl	MORPH=empty
del	de+le	PRE.DETdef	MORPH=empty
soreplus	sorplus	NOMcom	MORPH=empty
petit	petit	ADJqua	MORPH=empty
li	il	PROper	MORPH=empty
chaut	chaloir	VERcjg	MORPH=empty
.	.	PONfrt	MORPH=empty
"	"	PONpxx	MORPH=empty
A	a3	PRE	MORPH=empty
cest	cest	DETdem	MORPH=empty
mot	mot	NOMcom	MORPH=empty
a	a3	PRE	MORPH=empty
arriere	ariere	ADVgen	MORPH=empty
s'	soi1	PROper	MORPH=empty
an	en2	PROadv	MORPH=empty
saut	salir2	VERcjg	MORPH=empty
ençois	ainçois	ADVgen	MORPH=empty
que	que4	CONsub	MORPH=empty
messire	seignor	NOMcom	MORPH=empty
Gauvains	Gauvain	NOMpro	MORPH=empty
li	il	PROper	MORPH=empty
eüst	avoir	VERcjg	MORPH=empty
dit	dire	VERppe	MORPH=empty
ne	ne2	CONcoo	MORPH=empty
plus	plus	ADVgen	MORPH=empty
ne	ne2	CONcoo	MORPH=empty
mains	moins	ADVgen	MORPH=empty
,	,	PONfbl	MORPH=empty
et	et	CONcoo	MORPH=empty
cele	cel	PROdem	MORPH=empty
chiet	chëoir	VERcjg	MORPH=empty
el	en1+le	PRE.DETdef	MORPH=empty
pavemant	pavement	NOMcom	MORPH=empty
et	et	CONcoo	MORPH=empty
jut	jesir	VERcjg	MORPH=empty
pasmee	pasmer	VERppe	MORPH=empty
longuemant	longement2	ADVgen	MORPH=empty
;	;	PONfbl	MORPH=empty
et	et	CONcoo	MORPH=empty
messire	seignor	NOMcom	MORPH=empty
Gauvains	Gauvain	NOMpro	MORPH=empty
l'	il	PROper	MORPH=empty
ahert	aerdre	VERcjg	MORPH=empty
,	,	PONfbl	MORPH=empty
si	si	ADVgen	MORPH=empty
l'	il	PROper	MORPH=empty
an	en2	PROadv	MORPH=empty
leva	lever	VERcjg	MORPH=empty
et	et	CONcoo	MORPH=empty
pale	pale	ADJqua	MORPH=empty
et	et	CONcoo	MORPH=empty
vert	vert	ADJqua	MORPH=empty
de	de	PRE	MORPH=empty
la	le	DETdef	MORPH=empty
peor	pëor	NOMcom	MORPH=empty
qu'	que2	PROrel	MORPH=empty
ele	il	PROper	MORPH=empty
ot	avoir	VERcjg	MORPH=empty
eüe	avoir	VERppe	MORPH=empty
.	.	PONfrt	MORPH=empty
Et	et	CONcoo	MORPH=empty
quant	cant1	CONsub	MORPH=empty
ele	il	PROper	MORPH=empty
fu	estre1	VERcjg	MORPH=empty
revenue	revenir	VERppe	MORPH=empty
,	,	PONfbl	MORPH=empty
si	si	ADVgen	MORPH=empty
dit	dire	VERcjg	MORPH=empty
:	:	PONfbl	MORPH=empty
"	"	PONpxx	MORPH=empty
Ha	ha	INJ	MORPH=empty
!	!	PONfrt	MORPH=empty
or	or4	ADVgen	MORPH=empty
somes	estre1	VERcjg	MORPH=empty
nos	nos1	PROper	MORPH=empty
mort	morir	VERppe	MORPH=empty
!	!	PONfrt	MORPH=empty
Por	por2	PRE	MORPH=empty
vos	vos	PROper	MORPH=empty
morrai	morir	VERcjg	MORPH=empty
ja	ja	ADVgen	MORPH=empty
ci	ci	ADVgen	MORPH=empty
a	a3	PRE	MORPH=empty
tort	tort2	NOMcom	MORPH=empty
,	,	PONfbl	MORPH=empty
et	et	CONcoo	MORPH=empty
vos	vos	PROper	MORPH=empty
,	,	PONfbl	MORPH=empty
mien	mien	DETpos	MORPH=empty
esciant	escïent	NOMcom	MORPH=empty
,	,	PONfbl	MORPH=empty
por	por2	PRE	MORPH=empty
moi	je	PROper	MORPH=empty
.	.	PONfrt	MORPH=empty
Ja	ja	ADVgen	MORPH=empty
vandra	venir	VERcjg	MORPH=empty
ci	ci	ADVgen	MORPH=empty
,	,	PONfbl	MORPH=empty
si	si	ADVgen	MORPH=empty
con	come1	CONsub	MORPH=empty
ge	je	PROper	MORPH=empty
croi	croire	VERcjg	MORPH=empty
,	,	PONfbl	MORPH=empty
la	le	DETdef	MORPH=empty
comune	comune	NOMcom	MORPH=empty
de	de	PRE	MORPH=empty
ceste	cest	DETdem	MORPH=empty
vile	vile	NOMcom	MORPH=empty
,	,	PONfbl	MORPH=empty
la	là	ADVgen	MORPH=empty
en	en2	PROadv	MORPH=empty
verroiz	vëoir	VERcjg	MORPH=empty
plus	plus	ADVgen	MORPH=empty
de	de	PRE	MORPH=empty
.x.	10	PROcar	MORPH=empty
mile	mil1	PROcar	MORPH=empty
devant	devant	PRE	MORPH=empty
ceste	cest	DETdem	MORPH=empty
tor	tor2	NOMcom	MORPH=empty
amassez	amasser	VERppe	MORPH=empty
.	.	PONfrt	MORPH=empty
Mes	mais1	CONcoo	MORPH=empty
ceanz	çaienz	ADVgen	MORPH=empty
a	avoir	VERcjg	MORPH=empty
armes	arme	NOMcom	MORPH=empty
asez	assez	ADVgen	MORPH=empty
dont	dont	PROrel	MORPH=empty
ge	je	PROper	MORPH=empty
vos	vos	PROper	MORPH=empty
armerai	armer	VERcjg	MORPH=empty
bien	bien1	ADVgen	MORPH=empty
tost	tost1	ADVgen	MORPH=empty
.	.	PONfrt	MORPH=empty
Uns	un	DETndf	MORPH=empty
prodon	pro	NOMcom	MORPH=empty
de	de	PRE	MORPH=empty
trestote	trestot	DETind	MORPH=empty
un	un	DETndf	MORPH=empty
ost	ost	NOMcom	MORPH=empty
porroit	pöoir	VERcjg	MORPH=empty
bien	bien1	ADVgen	MORPH=empty
ceste	cest	DETdem	MORPH=empty
tor	tor2	NOMcom	MORPH=empty
desfandre	defendre	VERinf	MORPH=empty
.	.	PONfrt	MORPH=empty
"	"	PONpxx	MORPH=empty
Maintenant	maintenant	ADVgen	MORPH=empty
cort	corir	VERcjg	MORPH=empty
les	le	DETdef	MORPH=empty
armes	arme	NOMcom	MORPH=empty
prandre	prendre	VERinf	MORPH=empty
,	,	PONfbl	MORPH=empty
s'	si	ADVgen	MORPH=empty
an	en2	PROadv	MORPH=empty
arma	armer	VERcjg	MORPH=empty
monseignor	seignor	NOMcom	MORPH=empty
Gauvain	Gauvain	NOMpro	MORPH=empty
qui	qui	PROrel	MORPH=empty
ne	ne1	ADVneg	MORPH=empty
se	soi1	PROper	MORPH=empty
desfant	defendre	VERcjg	MORPH=empty
pas	pas	ADVneg	MORPH=empty
an	en1	PRE	MORPH=empty
vain	vain	ADJqua	MORPH=empty
,	,	PONfbl	MORPH=empty
einz	ainz	ADVgen	MORPH=empty
les	il	PROper	MORPH=empty
fet	faire	VERcjg	MORPH=empty
toz	tot	PROind	MORPH=empty
jus	jus1	ADVgen	MORPH=empty
avaler	avaler	VERinf	MORPH=empty
.	.	PONfrt	MORPH=empty
Il	il	PROimp	MORPH=empty
n'	ne1	ADVneg	MORPH=empty
i	i2	PROadv	MORPH=empty
covient	covenir	VERcjg	MORPH=empty
pas	pas	ADVneg	MORPH=empty
apeler	apeler	VERinf	MORPH=empty
meillor	meillor	ADJqua	MORPH=empty
portier	portier2	NOMcom	MORPH=empty
qu'	que4	CONsub	MORPH=empty
il	il	PROimp	MORPH=empty
i	i2	PROadv	MORPH=empty
avoit	avoir	VERcjg	MORPH=empty
.	.	PONfrt	MORPH=empty
De	de	PRE	MORPH=empty
tot	tot	DETind	MORPH=empty
ice	ice1	PROdem	MORPH=empty
mot	mot	NOMcom	MORPH=empty
ne	ne1	ADVneg	MORPH=empty
savoit	savoir	VERcjg	MORPH=empty
li	le	DETdef	MORPH=empty
sires	seignor	NOMcom	MORPH=empty
qui	qui	PROrel	MORPH=empty
herbergié	herbergier	VERppe	MORPH=empty
l'	il	PROper	MORPH=empty
ot	avoir	VERcjg	MORPH=empty
,	,	PONfbl	MORPH=empty
mes	mais1	CONcoo	MORPH=empty
il	il	PROper	MORPH=empty
revint	revenir	VERcjg	MORPH=empty
plus	plus	ADVgen	MORPH=empty
tost	tost1	ADVgen	MORPH=empty
qu'	que1	CONsub	MORPH=empty
il	il	PROper	MORPH=empty
pot	pöoir	VERcjg	MORPH=empty
de	de	PRE	MORPH=empty
la	là	ADVgen	MORPH=empty
ou	où	PROrel	MORPH=empty
il	il	PROper	MORPH=empty
ala	aler	VERcjg	MORPH=empty
chacier	chacier	VERinf	MORPH=empty
.	.	PONfrt	MORPH=empty
Tote	tot	DETind	MORPH=empty
voies	voie	NOMcom	MORPH=empty
a	a3	PRE	MORPH=empty
pis	pic2	NOMcom	MORPH=empty
d'	de	PRE	MORPH=empty
acier	acier	NOMcom	MORPH=empty
antor	entor	PRE	MORPH=empty
la	le	DETdef	MORPH=empty
tor	tor2	NOMcom	MORPH=empty
asaillent	assalir	VERcjg	MORPH=empty
cil	cel	PROdem	MORPH=empty
.	.	PONfrt	MORPH=empty
Atant	atant	ADVgen	MORPH=empty
ez	ez	ADVgen	MORPH=empty
vos	vos	PROper	MORPH=empty
Guinganbresil	Guinganbresil	NOMpro	MORPH=empty
,	,	PONfbl	MORPH=empty
qui	qui	PROrel	MORPH=empty
,	,	PONfbl	MORPH=empty
par	par	ADVgen	MORPH=empty
ne	ne1	ADVneg	MORPH=empty
sai	savoir	VERcjg	MORPH=empty
quele	quel1	DETrel	MORPH=empty
avanture	aventure	NOMcom	MORPH=empty
,	,	PONfbl	MORPH=empty
vint	venir	VERcjg	MORPH=empty
el	en1+le	PRE.DETdef	MORPH=empty
chastel	chastel	NOMcom	MORPH=empty
grant	grant	ADJqua	MORPH=empty
aleüre	alëure	NOMcom	MORPH=empty
,	,	PONfbl	MORPH=empty
et	et	CONcoo	MORPH=empty
fu	estre1	VERcjg	MORPH=empty
duremant	durement	ADVgen	MORPH=empty
esbaïz	esbäir	VERppe	MORPH=empty
del	de+le	PRE.DETdef	MORPH=empty
hui	hui	NOMcom	MORPH=empty
et	et	CONcoo	MORPH=empty
del	de+le	PRE.DETdef	MORPH=empty
marteleïz	martelëiz	NOMcom	MORPH=empty
que	que2	PROrel	MORPH=empty
il	il	PROper	MORPH=empty
oï	öir	VERcjg	MORPH=empty
fere	faire	VERinf	MORPH=empty
as	a3+le	PRE.DETdef	MORPH=empty
vilains	vilain	NOMcom	MORPH=empty
.	.	PONfrt	MORPH=empty
De	de	PRE	MORPH=empty
ce	ce1	PROdem	MORPH=empty
que	que4	CONsub	MORPH=empty
messire	seignor	NOMcom	MORPH=empty
Gauvains	Gauvain	NOMpro	MORPH=empty
ert	estre1	VERcjg	MORPH=empty
an	en1	PRE	MORPH=empty
la	le	DETdef	MORPH=empty
tor	tor2	NOMcom	MORPH=empty
ne	ne1	ADVneg	MORPH=empty
savoit	savoir	VERcjg	MORPH=empty
mot	mot	NOMcom	MORPH=empty
;	;	PONfbl	MORPH=empty
mes	mais1	CONcoo	MORPH=empty
quant	cant1	CONsub	MORPH=empty
ce	ce1	PROdem	MORPH=empty
fu	estre1	VERcjg	MORPH=empty
que	que4	CONsub	MORPH=empty
il	il	PROper	MORPH=empty
le	il	PROper	MORPH=empty
sot	savoir	VERcjg	MORPH=empty
,	,	PONfbl	MORPH=empty
si	si	ADVgen	MORPH=empty
desfandi	defendre	VERcjg	MORPH=empty
qu'	que4	CONsub	MORPH=empty
il	il	PROimp	MORPH=empty
n'	ne1	ADVneg	MORPH=empty
i	i2	PROadv	MORPH=empty
eüst	avoir	VERcjg	MORPH=empty
mes	mais1	ADVgen	MORPH=empty
si	si	ADVgen	MORPH=empty
hardi	hardi	ADJqua	MORPH=empty
qui	qui	PROrel	MORPH=empty
se	soi1	PROper	MORPH=empty
meüst	movoir	VERcjg	MORPH=empty
,	,	PONfbl	MORPH=empty
si	si	ADVgen	MORPH=empty
con	come1	CONsub	MORPH=empty
il	il	PROper	MORPH=empty
avoit	avoir	VERcjg	MORPH=empty
son	son4	DETpos	MORPH=empty
cors	cors1	NOMcom	MORPH=empty
chier	chier	ADJqua	MORPH=empty
,	,	PONfbl	MORPH=empty
qui	qui	PROrel	MORPH=empty
an	en2	PROadv	MORPH=empty
osast	oser	VERcjg	MORPH=empty
pierre	piere	NOMcom	MORPH=empty
eslochier	eslochier	VERinf	MORPH=empty
.	.	PONfrt	MORPH=empty
Et	et	CONcoo	MORPH=empty
il	il	PROper	MORPH=empty
dïent	dire	VERcjg	MORPH=empty
qu'	que4	CONsub	MORPH=empty
il	il	PROper	MORPH=empty
n'	ne1	ADVneg	MORPH=empty
an	en2	PROadv	MORPH=empty
leiront	laiier2	VERcjg	MORPH=empty
neant	nïent	PROind	MORPH=empty
por	por2	PRE	MORPH=empty
lui	il	PROper	MORPH=empty
,	,	PONfbl	MORPH=empty
einz	ainz	ADVgen	MORPH=empty
l'	il	PROper	MORPH=empty
abatront	abatre	VERcjg	MORPH=empty
sor	sor2	PRE	MORPH=empty
son	son4	DETpos	MORPH=empty
cors	cors1	NOMcom	MORPH=empty
meïsmes	mëisme	ADJind	MORPH=empty
ancui	encui	ADVgen	MORPH=empty
,	,	PONfbl	MORPH=empty
se	se	CONsub	MORPH=empty
il	il	PROper	MORPH=empty
estoit	estre1	VERcjg	MORPH=empty
dedanz	dedenz	ADVgen	MORPH=empty
o	o4	PRE	MORPH=empty
lui	il	PROper	MORPH=empty
.	.	PONfrt	MORPH=empty
Et	et	CONcoo	MORPH=empty
quant	cant1	CONsub	MORPH=empty
il	il	PROper	MORPH=empty
vit	vëoir	VERcjg	MORPH=empty
que	que4	CONsub	MORPH=empty
sa	son4	DETpos	MORPH=empty
desfansse	defense	NOMcom	MORPH=empty
n'	ne1	ADVneg	MORPH=empty
i	i2	PROadv	MORPH=empty
valoit	valoir	VERcjg	MORPH=empty
rien	rien	PROind	MORPH=empty
,	,	PONfbl	MORPH=empty
lores	lors	ADVgen	MORPH=empty
s'	soi1	PROper	MORPH=empty
apansse	apenser	VERcjg	MORPH=empty
que	que4	CONsub	MORPH=empty
il	il	PROper	MORPH=empty
iroit	aler	VERcjg	MORPH=empty
querre	querre	VERinf	MORPH=empty
le	le	DETdef	MORPH=empty
roi	roi2	NOMcom	MORPH=empty
et	et	CONcoo	MORPH=empty
l'	il	PROper	MORPH=empty
amanroit	amener	VERcjg	MORPH=empty
a	a3	PRE	MORPH=empty
ce	ce2	DETdem	MORPH=empty
desroi	desroi	NOMcom	MORPH=empty
que	que2	PROrel	MORPH=empty
comancié	comencier	VERppe	MORPH=empty
ont	avoir	VERcjg	MORPH=empty
li	le	DETdef	MORPH=empty
borjois	borjois	NOMcom	MORPH=empty
.	.	PONfrt	MORPH=empty
Et	et	CONcoo	MORPH=empty
ja	ja	ADVgen	MORPH=empty
venoit	venir	VERcjg	MORPH=empty
del	de+le	PRE.DETdef	MORPH=empty
bois	bois	NOMcom	MORPH=empty
li	le	DETdef	MORPH=empty
rois	roi2	NOMcom	MORPH=empty
,	,	PONfbl	MORPH=empty
et	et	CONcoo	MORPH=empty
il	il	PROper	MORPH=empty
a	a3	PRE	MORPH=empty
l'	le	DETdef	MORPH=empty
ancontre	encontre2	NOMcom	MORPH=empty
li	il	PROper	MORPH=empty
conte	conter	VERcjg	MORPH=empty
:	:	PONfbl	MORPH=empty
"	"	PONpxx	MORPH=empty
Sire	seignor	NOMcom	MORPH=empty
,	,	PONfbl	MORPH=empty
mout	mout	ADVgen	MORPH=empty
vos	vos	PROper	MORPH=empty
ont	avoir	VERcjg	MORPH=empty
fet	faire	VERppe	MORPH=empty
grant	grant	ADJqua	MORPH=empty
honte	honte	NOMcom	MORPH=empty
li	le	DETdef	MORPH=empty
meres	major	NOMcom	MORPH=empty
et	et	CONcoo	MORPH=empty
li	le	DETdef	MORPH=empty
eschevin	eschevin	NOMcom	MORPH=empty
,	,	PONfbl	MORPH=empty
qui	qui	PROrel	MORPH=empty
asaillent	assalir	VERcjg	MORPH=empty
des	des2	PRE	MORPH=empty
hui	ui	ADVgen	MORPH=empty
matin	matin1	ADVgen	MORPH=empty
a	a3	PRE	MORPH=empty
vostre	vostre	DETpos	MORPH=empty
tor	tor2	NOMcom	MORPH=empty
et	et	CONcoo	MORPH=empty
si	si	ADVgen	MORPH=empty
l'	il	PROper	MORPH=empty
abatent	abatre	VERcjg	MORPH=empty
.	.	PONfrt	MORPH=empty
S'	se	CONsub	MORPH=empty
il	il	PROper	MORPH=empty
nel	ne1+il	ADVneg.PROper	MORPH=empty
conperent	comparer2	VERcjg	MORPH=empty
et	et	CONcoo	MORPH=empty
achatent	achater	VERcjg	MORPH=empty
,	,	PONfbl	MORPH=empty
ge	je	PROper	MORPH=empty
vos	vos	PROper	MORPH=empty
an	en2	PROadv	MORPH=empty
savroie	savoir	VERcjg	MORPH=empty
mal	mal1	ADJqua	MORPH=empty
gré	gré2	NOMcom	MORPH=empty
.	.	PONfrt	MORPH=empty
J'	je	PROper	MORPH=empty
avoie	avoir	VERcjg	MORPH=empty
Gauvain	Gauvain	NOMpro	MORPH=empty
apelé	apeler	VERppe	MORPH=empty
de	de	PRE	MORPH=empty
traïson	träison	NOMcom	MORPH=empty
,	,	PONfbl	MORPH=empty
bien	bien1	ADVgen	MORPH=empty
le	il	PROper	MORPH=empty
savez	savoir	VERcjg	MORPH=empty
,	,	PONfbl	MORPH=empty
et	et	CONcoo	MORPH=empty
ce	ce1	PROdem	MORPH=empty
est	estre1	VERcjg	MORPH=empty
il	il	PROper	MORPH=empty
que	que2	PROrel	MORPH=empty
vos	vos	PROper	MORPH=empty
avez	avoir	VERcjg	MORPH=empty
fet	faire	VERppe	MORPH=empty
herbergier	herbergier	VERinf	MORPH=empty
an	en1	PRE	MORPH=empty
voz	vostre	DETpos	MORPH=empty
meisons	maison	NOMcom	MORPH=empty
.	.	PONfrt	MORPH=empty
Si	si	ADVgen	MORPH=empty
seroit	estre1	VERcjg	MORPH=empty
bien	bien1	ADVgen	MORPH=empty
droiz	droit	ADJqua	MORPH=empty
et	et	CONcoo	MORPH=empty
reisons	raison	NOMcom	MORPH=empty
,	,	PONfbl	MORPH=empty
qant	cant1	CONsub	MORPH=empty
vos	vos	PROper	MORPH=empty
vostre	vostre	DETpos	MORPH=empty
oste	oste	NOMcom	MORPH=empty
en	en2	PROadv	MORPH=empty
avez	avoir	VERcjg	MORPH=empty
fet	faire	VERppe	MORPH=empty
,	,	PONfbl	MORPH=empty
que	que4	CONsub	MORPH=empty
ja	ja	ADVgen	MORPH=empty
n'	ne1	ADVneg	MORPH=empty
i	i2	PROadv	MORPH=empty
ait	avoir	VERcjg	MORPH=empty
honte	honte	NOMcom	MORPH=empty
ne	ne2	CONcoo	MORPH=empty
let	lait2	NOMcom	MORPH=empty
.	.	PONfrt	MORPH=empty
"	"	PONpxx	MORPH=empty
Et	et	CONcoo	MORPH=empty
li	le	DETdef	MORPH=empty
rois	roi2	NOMcom	MORPH=empty
a	a3	PRE	MORPH=empty
Guinganbresil	Guinganbresil	NOMpro	MORPH=empty
a	avoir	VERcjg	MORPH=empty
dit	dire	VERppe	MORPH=empty
:	:	PONfbl	MORPH=empty
"	"	PONpxx	MORPH=empty
Mestre	maistre	NOMcom	MORPH=empty
,	,	PONfbl	MORPH=empty
non	non	ADVneg	MORPH=empty
avra	avoir	VERcjg	MORPH=empty
il	il	PROimp	MORPH=empty
,	,	PONfbl	MORPH=empty
puis	puis	ADVgen	MORPH=empty
que	que4	CONsub	MORPH=empty
nos	nos1	PROper	MORPH=empty
serons	estre1	VERcjg	MORPH=empty
la	là	ADVgen	MORPH=empty
venu	venir	VERppe	MORPH=empty
.	.	PONfrt	MORPH=empty
De	de	PRE	MORPH=empty
ce	ce1	PROdem	MORPH=empty
qu'	que4	CONsub	MORPH=empty
il	il	PROimp	MORPH=empty
li	il	PROper	MORPH=empty
est	estre1	VERcjg	MORPH=empty
avenu	avenant	VERppe	MORPH=empty
me	je	PROper	MORPH=empty
mervoil	merveillier	VERcjg	MORPH=empty
mout	mout	ADVgen	MORPH=empty
et	et	CONcoo	MORPH=empty
poise	peser	VERcjg	MORPH=empty
fort	fort	ADJqua	MORPH=empty
;	;	PONfbl	MORPH=empty
et	et	CONcoo	MORPH=empty
ma	mon1	DETpos	MORPH=empty
gent	gent1	NOMcom	MORPH=empty
le	il	PROper	MORPH=empty
heent	häir	VERcjg	MORPH=empty
de	de	PRE	MORPH=empty
mort	mort	NOMcom	MORPH=empty
,	,	PONfbl	MORPH=empty
ge	je	PROper	MORPH=empty
ne	ne1	ADVneg	MORPH=empty
m'	je	PROper	MORPH=empty
an	en2	PROadv	MORPH=empty
doi	devoir	VERcjg	MORPH=empty
ja	ja	ADVgen	MORPH=empty
mervellier	merveillier	VERinf	MORPH=empty
;	;	PONfbl	MORPH=empty
mes	mais1	CONcoo	MORPH=empty
de	de	PRE	MORPH=empty
son	son4	DETpos	MORPH=empty
cors	cors1	NOMcom	MORPH=empty
prandre	prendre	VERinf	MORPH=empty
et	et	CONcoo	MORPH=empty
blecier	blecier	VERinf	MORPH=empty
,	,	PONfbl	MORPH=empty
se	se	CONsub	MORPH=empty
ge	je	PROper	MORPH=empty
puis	pöoir	VERcjg	MORPH=empty
,	,	PONfbl	MORPH=empty
le	il	PROper	MORPH=empty
garderai	garder	VERcjg	MORPH=empty
gié	je	PROper	MORPH=empty
.	.	PONfrt	MORPH=empty
Por	por2	PRE	MORPH=empty
ce	ce1	PROdem	MORPH=empty
que	que4	CONsub	MORPH=empty
ge	je	PROper	MORPH=empty
l'	il	PROper	MORPH=empty
ai	avoir	VERcjg	MORPH=empty
herbergié	herbergier	VERppe	MORPH=empty
,	,	PONfbl	MORPH=empty
li	il	PROper	MORPH=empty
porterai	porter	VERcjg	MORPH=empty
ge	je	PROper	MORPH=empty
grant	grant	ADJqua	MORPH=empty
enor	onor	NOMcom	MORPH=empty
.	.	PONfrt	MORPH=empty
"	"	PONpxx	MORPH=empty
Ensi	ainsi	ADVgen	MORPH=empty
vienent	venir	VERcjg	MORPH=empty
jusqu'	jusque	PRE	MORPH=empty
a	a3	PRE	MORPH=empty
la	le	DETdef	MORPH=empty
tor	tor2	NOMcom	MORPH=empty
ou	où	PROrel	MORPH=empty
mout	mout	ADVgen	MORPH=empty
demenoient	demener	VERcjg	MORPH=empty
grant	grant	ADJqua	MORPH=empty
noise	noise	NOMcom	MORPH=empty
.	.	PONfrt	MORPH=empty
Au	a3+le	PRE.DETdef	MORPH=empty
maior	major	ADJqua	MORPH=empty
dit	dire	VERcjg	MORPH=empty
que	que4	CONsub	MORPH=empty
il	il	PROper	MORPH=empty
s'	soi1	PROper	MORPH=empty
an	en2	PROadv	MORPH=empty
voise	aler	VERcjg	MORPH=empty
et	et	CONcoo	MORPH=empty
que	que4	CONsub	MORPH=empty
la	le	DETdef	MORPH=empty
comune	comune	NOMcom	MORPH=empty
an	en2	PROadv	MORPH=empty
remaint	remener	VERcjg	MORPH=empty
.	.	PONfrt	MORPH=empty
Tuit	tot	PROind	MORPH=empty
s'	soi1	PROper	MORPH=empty
an	en2	PROadv	MORPH=empty
vont	aler	VERcjg	MORPH=empty
,	,	PONfbl	MORPH=empty
que	que4	CONcoo	MORPH=empty
nus	nul	PROind	MORPH=empty
n'	ne1	ADVneg	MORPH=empty
i	i2	PROadv	MORPH=empty
remaint	remanoir	VERcjg	MORPH=empty
des	des2	PRE	MORPH=empty
ice	ice1	PROdem	MORPH=empty
que	que4	CONsub	MORPH=empty
au	a3+le	PRE.DETdef	MORPH=empty
maior	major	ADJqua	MORPH=empty
plot	plaire	VERcjg	MORPH=empty
.	.	PONfrt	MORPH=empty
An	en1	PRE	MORPH=empty
la	le	DETdef	MORPH=empty
vile	vile	NOMcom	MORPH=empty
.i.	un	DETndf	MORPH=empty
vavasor	vavassor	NOMcom	MORPH=empty
ot	avoir	VERcjg	MORPH=empty
,	,	PONfbl	MORPH=empty
qui	qui	PROrel	MORPH=empty
del	de+le	PRE.DETdef	MORPH=empty
chastel	chastel	NOMcom	MORPH=empty
estoit	estre1	VERcjg	MORPH=empty
naïs	näif	ADJqua	MORPH=empty
,	,	PONfbl	MORPH=empty
si	si	ADVgen	MORPH=empty
conselloit	conseillier1	VERcjg	MORPH=empty
tot	tot	DETind	MORPH=empty
le	le	DETdef	MORPH=empty
païs	päis	NOMcom	MORPH=empty
,	,	PONfbl	MORPH=empty
que	que4	CONcoo	MORPH=empty
il	il	PROper	MORPH=empty
estoit	estre1	VERcjg	MORPH=empty
de	de	PRE	MORPH=empty
bien	bien1	ADVgen	MORPH=empty
grant	grant	ADJqua	MORPH=empty
san	sen2	NOMcom	MORPH=empty
.	.	PONfrt	MORPH=empty
"	"	PONpxx	MORPH=empty
Sire	seignor	NOMcom	MORPH=empty
,	,	PONfbl	MORPH=empty
fet	faire	VERcjg	MORPH=empty
il	il	PROper	MORPH=empty
,	,	PONfbl	MORPH=empty
or	or4	ADVgen	MORPH=empty
vos	vos	PROper	MORPH=empty
doit	devoir	VERcjg	MORPH=empty
an	on	PROind	MORPH=empty
a	a3	PRE	MORPH=empty
bien	bien2	NOMcom	MORPH=empty
et	et	CONcoo	MORPH=empty
a	a3	PRE	MORPH=empty
foi	foi	NOMcom	MORPH=empty
consellier	conseillier1	VERinf	MORPH=empty
.	.	PONfrt	MORPH=empty
Ce	ce1	PROdem	MORPH=empty
ne	ne1	ADVneg	MORPH=empty
fet	faire	VERcjg	MORPH=empty
pas	pas	ADVneg	MORPH=empty
a	a3	PRE	MORPH=empty
mervellier	merveillier	VERinf	MORPH=empty
se	se	CONsub	MORPH=empty
cil	cel	PROdem	MORPH=empty
qui	qui	PROrel	MORPH=empty
la	le	DETdef	MORPH=empty
traïson	träison	NOMcom	MORPH=empty
fist	faire	VERcjg	MORPH=empty
de	de	PRE	MORPH=empty
vostre	vostre	DETpos	MORPH=empty
pere	pere1	NOMcom	MORPH=empty
qu'	que2	PROrel	MORPH=empty
il	il	PROper	MORPH=empty
ocist	ocire	VERcjg	MORPH=empty
,	,	PONfbl	MORPH=empty
se	se	CONsub	MORPH=empty
il	il	PROper	MORPH=empty
a	avoir	VERcjg	MORPH=empty
esté	estre1	VERppe	MORPH=empty
asailliz	assalir	VERppe	MORPH=empty
,	,	PONfbl	MORPH=empty
que	que4	CONcoo	MORPH=empty
il	il	PROper	MORPH=empty
i	i2	PROadv	MORPH=empty
est	estre1	VERcjg	MORPH=empty
de	de	PRE	MORPH=empty
mort	mort	NOMcom	MORPH=empty
haïz	häir	VERppe	MORPH=empty
ensi	ainsi	ADVgen	MORPH=empty
droit	droit	ADJqua	MORPH=empty
con	come1	CONsub	MORPH=empty
vos	vos	PROper	MORPH=empty
le	il	PROper	MORPH=empty
savez	savoir	VERcjg	MORPH=empty
.	.	PONfrt	MORPH=empty
Mes	mais1	CONcoo	MORPH=empty
ce	ce1	PROdem	MORPH=empty
que	que4	CONsub	MORPH=empty
herbergié	herbergier	VERppe	MORPH=empty
l'	il	PROper	MORPH=empty
avez	avoir	VERcjg	MORPH=empty
le	il	PROper	MORPH=empty
doit	devoir	VERcjg	MORPH=empty
garantir	garantir	VERinf	MORPH=empty
et	et	CONcoo	MORPH=empty
conduire	conduire	VERinf	MORPH=empty
,	,	PONfbl	MORPH=empty
qu'	que4	CONsub	MORPH=empty
il	il	PROper	MORPH=empty
n'	ne1	ADVneg	MORPH=empty
i	i2	PROadv	MORPH=empty
soit	estre1	VERcjg	MORPH=empty
pris	prendre	VERppe	MORPH=empty
et	et	CONcoo	MORPH=empty
qu'	que4	CONsub	MORPH=empty
il	il	PROper	MORPH=empty
n'	ne1	ADVneg	MORPH=empty
i	i2	PROadv	MORPH=empty
muire	morir	VERcjg	MORPH=empty
.	.	PONfrt	MORPH=empty
Et	et	CONcoo	MORPH=empty
cil	cel	PROdem	MORPH=empty
qui	qui	PROrel	MORPH=empty
n'	ne1	ADVneg	MORPH=empty
an	en2	PROadv	MORPH=empty
voldroit	voloir	VERcjg	MORPH=empty
mantir	mentir	VERinf	MORPH=empty
,	,	PONfbl	MORPH=empty
le	il	PROper	MORPH=empty
doit	devoir	VERcjg	MORPH=empty
sauver	sauver	VERinf	MORPH=empty
et	et	CONcoo	MORPH=empty
garantir	garantir	VERinf	MORPH=empty
Guinganbreisil	Guinganbresil	NOMpro	MORPH=empty
,	,	PONfbl	MORPH=empty
que	que2	PROrel	MORPH=empty
ge	je	PROper	MORPH=empty
voi	vëoir	VERcjg	MORPH=empty
la	là	ADVgen	MORPH=empty
,	,	PONfbl	MORPH=empty
qui	qui	PROrel	MORPH=empty
de	de	PRE	MORPH=empty
grant	grant	ADJqua	MORPH=empty
traïson	träison	NOMcom	MORPH=empty
l'	il	PROper	MORPH=empty
ala	aler	VERcjg	MORPH=empty
a	a3	PRE	MORPH=empty
la	le	DETdef	MORPH=empty
cort	cort1	NOMcom	MORPH=empty
le	le	DETdef	MORPH=empty
roi	roi2	NOMcom	MORPH=empty
apeler	apeler	VERinf	MORPH=empty
.	.	PONfrt	MORPH=empty
Ice	ice1	PROdem	MORPH=empty
ne	ne1	ADVneg	MORPH=empty
fet	faire	VERcjg	MORPH=empty
pas	pas	ADVneg	MORPH=empty
a	a3	PRE	MORPH=empty
celer	celer1	VERinf	MORPH=empty
:	:	PONfbl	MORPH=empty
il	il	PROper	MORPH=empty
s'	soi1	PROper	MORPH=empty
an	en2	PROadv	MORPH=empty
estoit	estre1	VERcjg	MORPH=empty
venuz	venir	VERppe	MORPH=empty
desfandre	defendre	VERinf	MORPH=empty
an	en1	PRE	MORPH=empty
vostre	vostre	DETpos	MORPH=empty
cort	cort1	NOMcom	MORPH=empty
,	,	PONfbl	MORPH=empty
et	et	CONcoo	MORPH=empty
ge	je	PROper	MORPH=empty
lo	löer1	VERcjg	MORPH=empty
prandre	prendre	VERinf	MORPH=empty
.i.	un	DETndf	MORPH=empty
respit	respit	NOMcom	MORPH=empty
de	de	PRE	MORPH=empty
ceste	cest	DETdem	MORPH=empty
bataille	bataille	NOMcom	MORPH=empty
,	,	PONfbl	MORPH=empty
et	et	CONcoo	MORPH=empty
messire	seignor	NOMcom	MORPH=empty
Gauvains	Gauvain	NOMpro	MORPH=empty
s'	soi1	PROper	MORPH=empty
an	en2	PROadv	MORPH=empty
aille	aler	VERcjg	MORPH=empty
querre	querre	VERinf	MORPH=empty
la	le	DETdef	MORPH=empty
lance	lance	NOMcom	MORPH=empty
don	dont	PROrel	MORPH=empty
li	le	DETdef	MORPH=empty
fers	fer	NOMcom	MORPH=empty
sainne	saignier	VERcjg	MORPH=empty
,	,	PONfbl	MORPH=empty
ja	ja	ADVgen	MORPH=empty
ne	ne1	ADVneg	MORPH=empty
sera	estre1	VERcjg	MORPH=empty
si	si	ADVgen	MORPH=empty
ters	terdre	VERppe	MORPH=empty
c'	que4	CONsub	MORPH=empty
une	un	DETcar	MORPH=empty
gote	gote	NOMcom	MORPH=empty
de	de	PRE	MORPH=empty
sanc	sanc	NOMcom	MORPH=empty
n'	ne1	ADVneg	MORPH=empty
i	i2	PROadv	MORPH=empty
pande	pendre	VERcjg	MORPH=empty
.	.	PONfrt	MORPH=empty
Ou	o3	CONcoo	MORPH=empty
il	il	PROper	MORPH=empty
cele	cel	DETdem	MORPH=empty
lance	lance	NOMcom	MORPH=empty
vos	vos	PROper	MORPH=empty
rande	rendre	VERcjg	MORPH=empty
ou	o3	CONcoo	MORPH=empty
il	il	PROper	MORPH=empty
se	soi1	PROper	MORPH=empty
remandra	remanoir	VERcjg	MORPH=empty
ici	ici	ADVgen	MORPH=empty
an	en1	PRE	MORPH=empty
tel	tel	DETind	MORPH=empty
prison	prison	NOMcom	MORPH=empty
con	come1	CONsub	MORPH=empty
ge	je	PROper	MORPH=empty
vos	vos	PROper	MORPH=empty
di	dire	VERcjg	MORPH=empty
.	.	PONfrt	MORPH=empty
Lors	lors	ADVgen	MORPH=empty
avroiz	avoir	VERcjg	MORPH=empty
meillor	meillor	ADJqua	MORPH=empty
acheison	ochaison	NOMcom	MORPH=empty
de	de	PRE	MORPH=empty
lui	il	PROper	MORPH=empty
retenir	retenir	VERinf	MORPH=empty
an	en1	PRE	MORPH=empty
prison	prison	NOMcom	MORPH=empty
que	que1	CONsub	MORPH=empty
vos	vos	PROper	MORPH=empty
or	or4	ADVgen	MORPH=empty
androit	endroit	ADVgen	MORPH=empty
n'	ne1	ADVneg	MORPH=empty
avreiez	avoir	VERcjg	MORPH=empty
.	.	PONfrt	MORPH=empty
Et	et	CONcoo	MORPH=empty
ge	je	PROper	MORPH=empty
cuit	cuidier1	VERcjg	MORPH=empty
que	que4	CONsub	MORPH=empty
nel	ne1+il	ADVneg.PROper	MORPH=empty
savreiez	savoir	VERcjg	MORPH=empty
metre	metre2	VERinf	MORPH=empty
an	en1	PRE	MORPH=empty
nule	nul	DETind	MORPH=empty
prison	prison	NOMcom	MORPH=empty
si	si	ADVgen	MORPH=empty
grief	grief	ADJqua	MORPH=empty
que	que4	CONsub	MORPH=empty
il	il	PROper	MORPH=empty
n'	ne1	ADVneg	MORPH=empty
an	en2	PROadv	MORPH=empty
poïst	pöoir	VERcjg	MORPH=empty
trere	traire	VERinf	MORPH=empty
a	a3	PRE	MORPH=empty
chief	chief1	NOMcom	MORPH=empty
.	.	PONfrt	MORPH=empty
Et	et	CONcoo	MORPH=empty
de	de	PRE	MORPH=empty
quanque	cantque	PROrel	MORPH=empty
l'	le	DETdef	MORPH=empty
an	on	PROind	MORPH=empty
puet	pöoir	VERcjg	MORPH=empty
panser	penser	VERinf	MORPH=empty
doit	devoir	VERcjg	MORPH=empty
an	on	PROind	MORPH=empty
son	son4	DETpos	MORPH=empty
anemi	enemi	NOMcom	MORPH=empty
grever	grever	VERinf	MORPH=empty
;	;	PONfbl	MORPH=empty
de	de	PRE	MORPH=empty
vostre	vostre	DETpos	MORPH=empty
anemi	enemi	NOMcom	MORPH=empty
travellier	travaillier	VERinf	MORPH=empty
ne	ne1	ADVneg	MORPH=empty
vos	vos	PROper	MORPH=empty
savez	savoir	VERcjg	MORPH=empty
mialz	mieus	ADVgen	MORPH=empty
consellier	conseillier1	VERinf	MORPH=empty
.	.	PONfrt	MORPH=empty
"	"	PONpxx	MORPH=empty
Li	le	DETdef	MORPH=empty
rois	roi2	NOMcom	MORPH=empty
a	a3	PRE	MORPH=empty
ce	ce2	DETdem	MORPH=empty
consoil	conseil	NOMcom	MORPH=empty
se	soi1	PROper	MORPH=empty
tient	tenir1	VERcjg	MORPH=empty
.	.	PONfrt	MORPH=empty
An	en1	PRE	MORPH=empty
la	le	DETdef	MORPH=empty
tor	tor2	NOMcom	MORPH=empty
a	a3	PRE	MORPH=empty
sa	son4	DETpos	MORPH=empty
seror	seror	NOMcom	MORPH=empty
vient	venir	VERcjg	MORPH=empty
,	,	PONfbl	MORPH=empty
si	si	ADVgen	MORPH=empty
la	il	PROper	MORPH=empty
trova	trover	VERcjg	MORPH=empty
mout	mout	ADVgen	MORPH=empty
correciee	corrocier	VERppe	MORPH=empty
.	.	PONfrt	MORPH=empty
Ele	il	PROper	MORPH=empty
s'	soi1	PROper	MORPH=empty
est	estre1	VERcjg	MORPH=empty
contre	contre	PRE	MORPH=empty
lui	il	PROper	MORPH=empty
dreciee	drecier	VERppe	MORPH=empty
,	,	PONfbl	MORPH=empty
et	et	CONcoo	MORPH=empty
messire	seignor	NOMcom	MORPH=empty
Gauvains	Gauvain	NOMpro	MORPH=empty
ansanble	ensemble	ADVgen	MORPH=empty
,	,	PONfbl	MORPH=empty
qui	qui	PROrel	MORPH=empty
ne	ne1	ADVneg	MORPH=empty
mue	müer	VERcjg	MORPH=empty
color	color	NOMcom	MORPH=empty
ne	ne2	CONcoo	MORPH=empty
tranble	trembler1	VERcjg	MORPH=empty
por	por2	PRE	MORPH=empty
nule	nul	DETind	MORPH=empty
peor	pëor	NOMcom	MORPH=empty
que	que2	PROrel	MORPH=empty
il	il	PROper	MORPH=empty
ait	avoir	VERcjg	MORPH=empty
.	.	PONfrt	MORPH=empty
Guinganbresis	Guinganbresil	NOMpro	MORPH=empty
avant	avant	ADVgen	MORPH=empty
se	soi1	PROper	MORPH=empty
trait	traire	VERcjg	MORPH=empty
et	et	CONcoo	MORPH=empty
dist	dire	VERcjg	MORPH=empty
.ii.	2	DETcar	MORPH=empty
paroles	parole	NOMcom	MORPH=empty
an	en1	PRE	MORPH=empty
vain	vain	ADJqua	MORPH=empty
:	:	PONfbl	MORPH=empty
"	"	PONpxx	MORPH=empty
Sire	seignor	NOMcom	MORPH=empty
Gauvain	Gauvain	NOMpro	MORPH=empty
,	,	PONfbl	MORPH=empty
sire	seignor	NOMcom	MORPH=empty
Gauvain	Gauvain	NOMpro	MORPH=empty
,	,	PONfbl	MORPH=empty
ge	je	PROper	MORPH=empty
vos	vos	PROper	MORPH=empty
avoie	avoir	VERcjg	MORPH=empty
an	en1	PRE	MORPH=empty
conduit	conduit	NOMcom	MORPH=empty
pris	prendre	VERppe	MORPH=empty
,	,	PONfbl	MORPH=empty
mes	mais1	CONcoo	MORPH=empty
tant	tant	ADVgen	MORPH=empty
i	i2	PROadv	MORPH=empty
ot	avoir	VERcjg	MORPH=empty
que	que4	CONsub	MORPH=empty
ge	je	PROper	MORPH=empty
vos	vos	PROper	MORPH=empty
dis	dire	VERcjg	MORPH=empty
que	que4	CONsub	MORPH=empty
ja	ja	ADVgen	MORPH=empty
si	si	ADVgen	MORPH=empty
hardiz	hardi	ADJqua	MORPH=empty
ne	ne1	ADVneg	MORPH=empty
fussiez	estre1	VERcjg	MORPH=empty
que	que4	CONsub	MORPH=empty
vos	vos	PROper	MORPH=empty
el	en1+le	PRE.DETdef	MORPH=empty
chastel	chastel	NOMcom	MORPH=empty
antressiez	entrer	VERcjg	MORPH=empty
n'	ne2	CONcoo	MORPH=empty
an	en1	PRE	MORPH=empty
cité	cité	NOMcom	MORPH=empty
que	que2	PROrel	MORPH=empty
mes	mon1	DETpos	MORPH=empty
sire	seignor	NOMcom	MORPH=empty
eüst	avoir	VERcjg	MORPH=empty
,	,	PONfbl	MORPH=empty
se	se	CONsub	MORPH=empty
trestorner	trestorner	VERinf	MORPH=empty
vos	vos	PROper	MORPH=empty
an	en2	PROadv	MORPH=empty
pleüst	plaire	VERcjg	MORPH=empty
.	.	PONfrt	MORPH=empty
De	de	PRE	MORPH=empty
ce	ce1	PROdem	MORPH=empty
que	que2	PROrel	MORPH=empty
l'	le	DETdef	MORPH=empty
an	on	PROind	MORPH=empty
vos	vos	PROper	MORPH=empty
a	avoir	VERcjg	MORPH=empty
ci	ci	ADVgen	MORPH=empty
fet	faire	VERppe	MORPH=empty
n'	ne1	ADVneg	MORPH=empty
estuet	estovoir1	VERcjg	MORPH=empty
ores	or4	ADVgen	MORPH=empty
ja	ja	ADVgen	MORPH=empty
tenir	tenir1	VERinf	MORPH=empty
plet	plait	NOMcom	MORPH=empty
.	.	PONfrt	MORPH=empty
"	"	PONpxx	MORPH=empty
Et	et	CONcoo	MORPH=empty
uns	un	DETndf	MORPH=empty
sages	sage	ADJqua	MORPH=empty
vavasors	vavassor	NOMcom	MORPH=empty
dist	dire	VERcjg	MORPH=empty
:	:	PONfbl	MORPH=empty
"	"	PONpxx	MORPH=empty
Sire	seignor	NOMcom	MORPH=empty
,	,	PONfbl	MORPH=empty
se	se	CONsub	MORPH=empty
Damedex	Damnedeu	NOMpro	MORPH=empty
m'	je	PROper	MORPH=empty
aïst	aidier	VERcjg	MORPH=empty
,	,	PONfbl	MORPH=empty
tot	tot	DETind	MORPH=empty
ce	ce1	PROdem	MORPH=empty
puet	pöoir	VERcjg	MORPH=empty
an	on	PROind	MORPH=empty
bien	bien1	ADVgen	MORPH=empty
amander	amender	VERinf	MORPH=empty
.	.	PONfrt	MORPH=empty
Cui	cui	PROrel	MORPH=empty
an	en2	PROadv	MORPH=empty
puet	pöoir	VERcjg	MORPH=empty
an	on	PROind	MORPH=empty
rien	rien	PROind	MORPH=empty
demander	demander	VERinf	MORPH=empty
se	se	CONsub	MORPH=empty
li	le	DETdef	MORPH=empty
vilain	vilain	NOMcom	MORPH=empty
l'	il	PROper	MORPH=empty
ont	avoir	VERcjg	MORPH=empty
asailli	assalir	VERppe	MORPH=empty
?	?	PONfrt	MORPH=empty
Ne	ne1	ADVneg	MORPH=empty
seroient	estre1	VERcjg	MORPH=empty
li	le	DETdef	MORPH=empty
plet	plait	NOMcom	MORPH=empty
failli	falir	VERppe	MORPH=empty
devant	devant	PRE	MORPH=empty
le	le	DETdef	MORPH=empty
grant	grant	ADJqua	MORPH=empty
jor	jor	NOMcom	MORPH=empty
del	de+le	PRE.DETdef	MORPH=empty
joïse	jüise	NOMcom	MORPH=empty
.	.	PONfrt	MORPH=empty
Mes	mais1	CONcoo	MORPH=empty
il	il	PROimp	MORPH=empty
iert	estre1	VERcjg	MORPH=empty
fet	faire	VERppe	MORPH=empty
a	a3	PRE	MORPH=empty
ma	mon1	DETpos	MORPH=empty
devise	devise	NOMcom	MORPH=empty
.	.	PONfrt	MORPH=empty
Mes	mon1	DETpos	MORPH=empty
sire	seignor	NOMcom	MORPH=empty
li	le	DETdef	MORPH=empty
rois	roi2	NOMcom	MORPH=empty
qui	qui	PROrel	MORPH=empty
est	estre1	VERcjg	MORPH=empty
ci	ci	ADVgen	MORPH=empty
le	il	PROper	MORPH=empty
me	je	PROper	MORPH=empty
comande	comander	VERcjg	MORPH=empty
et	et	CONcoo	MORPH=empty
ge	je	PROper	MORPH=empty
le	il	PROper	MORPH=empty
di	dire	VERcjg	MORPH=empty
,	,	PONfbl	MORPH=empty
mes	mais1	CONcoo	MORPH=empty
qu'	que4	CONsub	MORPH=empty
il	il	PROimp	MORPH=empty
ne	ne1	ADVneg	MORPH=empty
poist	peser	VERcjg	MORPH=empty
ne	ne2	CONcoo	MORPH=empty
vos	vos	PROper	MORPH=empty
ne	ne2	CONcoo	MORPH=empty
lui	il	PROper	MORPH=empty
,	,	PONfbl	MORPH=empty
que	que4	CONsub	MORPH=empty
vos	vos	PROper	MORPH=empty
respitiez	respitier	VERcjg	MORPH=empty
amedui	ambedos	PROcar	MORPH=empty
jusqu'	jusque	PRE	MORPH=empty
a	a3	PRE	MORPH=empty
.i.	un	DETndf	MORPH=empty
an	an	NOMcom	MORPH=empty
ceste	cest	DETdem	MORPH=empty
bataille	bataille	NOMcom	MORPH=empty
,	,	PONfbl	MORPH=empty
et	et	CONcoo	MORPH=empty
messire	seignor	NOMcom	MORPH=empty
Gauvains	Gauvain	NOMpro	MORPH=empty
s'	soi1	PROper	MORPH=empty
an	en2	PROadv	MORPH=empty
aille	aler	VERcjg	MORPH=empty
querre	querre	VERinf	MORPH=empty
la	le	DETdef	MORPH=empty
lance	lance	NOMcom	MORPH=empty
don	dont	PROrel	MORPH=empty
li	le	DETdef	MORPH=empty
fers	fer	NOMcom	MORPH=empty
sainne	saignier	VERcjg	MORPH=empty
toz	tot	DETind	MORPH=empty
jorz	jor	NOMcom	MORPH=empty
,	,	PONfbl	MORPH=empty
ja	ja	ADVgen	MORPH=empty
n'	ne1	ADVneg	MORPH=empty
iert	estre1	VERcjg	MORPH=empty
si	si	ADVgen	MORPH=empty
ters	terdre	VERppe	MORPH=empty
del	de+le	PRE.DETdef	MORPH=empty
sanc	sanc	NOMcom	MORPH=empty
tot	tot	ADVgen	MORPH=empty
cler	cler	ADJqua	MORPH=empty
que	que2	PROrel	MORPH=empty
ele	il	PROper	MORPH=empty
plore	plorer	VERcjg	MORPH=empty
;	;	PONfbl	MORPH=empty
ert	estre1	VERcjg	MORPH=empty
Et	et	CONcoo	MORPH=empty
s'	si	ADVgen	MORPH=empty
est	estre1	VERcjg	MORPH=empty
escrit	escrire	VERppe	MORPH=empty
que	que4	CONsub	MORPH=empty
il	il	PROper	MORPH=empty
ert	estre1	VERcjg	MORPH=empty
ancore	encore	ADVgen	MORPH=empty
que	que4	CONsub	MORPH=empty
toz	tot	DETind	MORPH=empty
li	le	DETdef	MORPH=empty
rëaumes	roiaume	NOMcom	MORPH=empty
de	de	PRE	MORPH=empty
Logres	Logres	NOMpro	MORPH=empty
,	,	PONfbl	MORPH=empty
qui	qui	PROrel	MORPH=empty
jadis	jadis	ADVgen	MORPH=empty
fu	estre1	VERcjg	MORPH=empty
la	le	DETdef	MORPH=empty
terre	terre	NOMcom	MORPH=empty
as	a3+le	PRE.DETdef	MORPH=empty
ogres	ogre	NOMcom	MORPH=empty
,	,	PONfbl	MORPH=empty
ert	estre1	VERcjg	MORPH=empty
destruite	destruire	VERppe	MORPH=empty
par	par	PRE	MORPH=empty
cele	cel	DETdem	MORPH=empty
lance	lance	NOMcom	MORPH=empty
.	.	PONfrt	MORPH=empty
De	de	PRE	MORPH=empty
ce	ce1	PROdem	MORPH=empty
seremant	sairement	NOMcom	MORPH=empty
et	et	CONcoo	MORPH=empty
fiance	fïance	NOMcom	MORPH=empty
vialt	voloir	VERcjg	MORPH=empty
avoir	avoir	VERinf	MORPH=empty
mes	mon1	DETpos	MORPH=empty
sire	seignor	NOMcom	MORPH=empty
li	le	DETdef	MORPH=empty
rois	roi2	NOMcom	MORPH=empty
.	.	PONfrt	MORPH=empty
Certes	certes	ADVgen	MORPH=empty
ge	je	PROper	MORPH=empty
me	je	PROper	MORPH=empty
leiroie	laiier2	VERcjg	MORPH=empty
ençois	ainçois	ADVgen	MORPH=empty
,	,	PONfbl	MORPH=empty
fet	faire	VERcjg	MORPH=empty
messire	seignor	NOMcom	MORPH=empty
Gauvains	Gauvain	NOMpro	MORPH=empty
,	,	PONfbl	MORPH=empty
leanz	laienz	ADVgen	MORPH=empty
ou	o3	CONcoo	MORPH=empty
lenguir	languir	VERinf	MORPH=empty
ou	o3	CONcoo	MORPH=empty
morir	morir	VERinf	MORPH=empty
.viii.	8	DETcar	MORPH=empty
anz	an	NOMcom	MORPH=empty
que	que4	CONsub	MORPH=empty
seremant	sairement	NOMcom	MORPH=empty
vos	vos	PROper	MORPH=empty
an	en2	PROadv	MORPH=empty
feïsse	faire	VERcjg	MORPH=empty
ne	ne2	CONcoo	MORPH=empty
neïs	nëis	ADVgen	MORPH=empty
ma	mon1	DETpos	MORPH=empty
foi	foi	NOMcom	MORPH=empty
i	i2	PROadv	MORPH=empty
meïsse	metre2	VERcjg	MORPH=empty
.	.	PONfrt	MORPH=empty
N'	ne1	ADVneg	MORPH=empty
ai	avoir	VERcjg	MORPH=empty
pas	pas	ADVneg	MORPH=empty
de	de	PRE	MORPH=empty
mort	mort	NOMcom	MORPH=empty
tele	tel	DETind	MORPH=empty
peor	pëor	NOMcom	MORPH=empty
que	que4	CONsub	MORPH=empty
ge	je	PROper	MORPH=empty
mialz	mieus	ADVgen	MORPH=empty
ne	ne1	ADVneg	MORPH=empty
voelle	voloir	VERcjg	MORPH=empty
a	a3	PRE	MORPH=empty
enor	onor	NOMcom	MORPH=empty
la	le	DETdef	MORPH=empty
mort	mort	NOMcom	MORPH=empty
sofrir	sofrir	VERinf	MORPH=empty
et	et	CONcoo	MORPH=empty
andurer	endurer	VERinf	MORPH=empty
que	que4	CONsub	MORPH=empty
vivre	vivre1	VERinf	MORPH=empty
a	a3	PRE	MORPH=empty
honte	honte	NOMcom	MORPH=empty
et	et	CONcoo	MORPH=empty
parjurer	parjurer	VERinf	MORPH=empty
.	.	PONfrt	MORPH=empty
Biau	bel1	ADJqua	MORPH=empty
sire	seignor	NOMcom	MORPH=empty
,	,	PONfbl	MORPH=empty
fet	faire	VERcjg	MORPH=empty
li	le	DETdef	MORPH=empty
vavasors	vavassor	NOMcom	MORPH=empty
,	,	PONfbl	MORPH=empty
il	il	PROimp	MORPH=empty
ne	ne1	ADVneg	MORPH=empty
vos	vos	PROper	MORPH=empty
iert	estre1	VERcjg	MORPH=empty
ja	ja	ADVgen	MORPH=empty
desenors	desonor	NOMcom	MORPH=empty
ne	ne2	CONcoo	MORPH=empty
ja	ja	ADVgen	MORPH=empty
par	par	PRE	MORPH=empty
foi	foi	NOMcom	MORPH=empty
n'	ne1	ADVneg	MORPH=empty
an	en2	PROadv	MORPH=empty
seroiz	estre1	VERcjg	MORPH=empty
pire	pejor	ADJqua	MORPH=empty
an	en1	PRE	MORPH=empty
.i.	un	DETndf	MORPH=empty
san	sen2	NOMcom	MORPH=empty
que	que2	PROrel	MORPH=empty
ge	je	PROper	MORPH=empty
vos	vos	PROper	MORPH=empty
voel	voloir	VERcjg	MORPH=empty
dire	dire	VERinf	MORPH=empty
:	:	PONfbl	MORPH=empty
vos	vos	PROper	MORPH=empty
jureroiz	jurer	VERcjg	MORPH=empty
que	que4	CONsub	MORPH=empty
de	de	PRE	MORPH=empty
la	le	DETdef	MORPH=empty
lance	lance	NOMcom	MORPH=empty
querre	querre	VERinf	MORPH=empty
feroiz	faire	VERcjg	MORPH=empty
vostre	vostre	DETpos	MORPH=empty
puissance	poissance	NOMcom	MORPH=empty
.	.	PONfrt	MORPH=empty
Se	se	CONsub	MORPH=empty
vos	vos	PROper	MORPH=empty
la	le	DETdef	MORPH=empty
lance	lance	NOMcom	MORPH=empty
ne	ne1	ADVneg	MORPH=empty
trovez	trover	VERcjg	MORPH=empty
,	,	PONfbl	MORPH=empty
an	en1	PRE	MORPH=empty
ceste	cest	DETdem	MORPH=empty
tor	tor2	NOMcom	MORPH=empty
vos	vos	PROper	MORPH=empty
remetez	remetre	VERcjg	MORPH=empty
,	,	PONfbl	MORPH=empty
si	si	ADVgen	MORPH=empty
seiez	estre1	VERcjg	MORPH=empty
del	de+le	PRE.DETdef	MORPH=empty
seremant	sairement	NOMcom	MORPH=empty
quites	quite	ADJqua	MORPH=empty
.	.	PONfrt	MORPH=empty
Ensi	ainsi	ADVgen	MORPH=empty
,	,	PONfbl	MORPH=empty
fet	faire	VERcjg	MORPH=empty
il	il	PROper	MORPH=empty
,	,	PONfbl	MORPH=empty
con	come1	CONsub	MORPH=empty
vos	vos	PROper	MORPH=empty
le	il	PROper	MORPH=empty
dites	dire	VERcjg	MORPH=empty
sui	estre1	VERcjg	MORPH=empty
ge	je	PROper	MORPH=empty
prez	prest1	ADJqua	MORPH=empty
del	de+le	PRE.DETdef	MORPH=empty
seremant	sairement	NOMcom	MORPH=empty
faire	faire	VERinf	MORPH=empty
.	.	PONfrt	MORPH=empty
"	"	PONpxx	MORPH=empty
.I.	1	DETcar	MORPH=empty
mout	mout	ADVgen	MORPH=empty
precieus	precïos	ADJqua	MORPH=empty
saintuaire	saintüaire	NOMcom	MORPH=empty
li	il	PROper	MORPH=empty
a	avoir	VERcjg	MORPH=empty
l'	le	DETdef	MORPH=empty
an	on	PROind	MORPH=empty
maintenant	maintenant	ADVgen	MORPH=empty
fors	fors1	ADVgen	MORPH=empty
tret	traire	VERcjg	MORPH=empty
,	,	PONfbl	MORPH=empty
que	que4	CONcoo	MORPH=empty
il	il	PROper	MORPH=empty
metra	metre2	VERcjg	MORPH=empty
tote	tot	DETind	MORPH=empty
sa	son4	DETpos	MORPH=empty
painne	peine	NOMcom	MORPH=empty
a	a3	PRE	MORPH=empty
querre	querre	VERinf	MORPH=empty
la	le	DETdef	MORPH=empty
lance	lance	NOMcom	MORPH=empty
qui	qui	PROrel	MORPH=empty
sainne	saignier	VERcjg	MORPH=empty
.	.	PONfrt	MORPH=empty
Ensi	ainsi	ADVgen	MORPH=empty
la	le	DETdef	MORPH=empty
bataille	bataille	NOMcom	MORPH=empty
est	estre1	VERcjg	MORPH=empty
lessiee	laissier	VERppe	MORPH=empty
et	et	CONcoo	MORPH=empty
jusqu'	jusque	PRE	MORPH=empty
a	a3	PRE	MORPH=empty
.i.	un	DETndf	MORPH=empty
an	an	NOMcom	MORPH=empty
respitiee	respitier	VERppe	MORPH=empty
de	de	PRE	MORPH=empty
lui	il	PROper	MORPH=empty
et	et	CONcoo	MORPH=empty
de	de	PRE	MORPH=empty
Guinganbresil	Guinganbresil	NOMpro	MORPH=empty
;	;	PONfbl	MORPH=empty
eschapez	eschaper	VERppe	MORPH=empty
est	estre1	VERcjg	MORPH=empty
de	de	PRE	MORPH=empty
grant	grant	ADJqua	MORPH=empty
peril	peril	NOMcom	MORPH=empty
.	.	PONfrt	MORPH=empty
A	a3	PRE	MORPH=empty
la	le	DETdef	MORPH=empty
pucele	pucele	NOMcom	MORPH=empty
congié	congié	NOMcom	MORPH=empty
prist	prendre	VERcjg	MORPH=empty
et	et	CONcoo	MORPH=empty
a	a3	PRE	MORPH=empty
trestoz	trestot	DETind	MORPH=empty
ses	son4	DETpos	MORPH=empty
vaslez	vaslet	NOMcom	MORPH=empty
dist	dire	VERcjg	MORPH=empty
que	que4	CONsub	MORPH=empty
an	en1	PRE	MORPH=empty
sa	son4	DETpos	MORPH=empty
terre	terre	NOMcom	MORPH=empty
s'	soi1	PROper	MORPH=empty
an	en2	PROadv	MORPH=empty
ralassent	raler	VERcjg	MORPH=empty
et	et	CONcoo	MORPH=empty
ses	son4	DETpos	MORPH=empty
chevax	cheval	NOMcom	MORPH=empty
an	en2	PROadv	MORPH=empty
remenassent	remener	VERcjg	MORPH=empty
trestoz	trestot	PROind	MORPH=empty
,	,	PONfbl	MORPH=empty
fors	fors1	ADVgen	MORPH=empty
que	que4	CONsub	MORPH=empty
le	le	DETdef	MORPH=empty
gringalet	Gringalet	NOMcom	MORPH=empty
.	.	PONfrt	MORPH=empty
Plorant	plorer	VERppa	MORPH=empty
s'	soi1	PROper	MORPH=empty
an	en2	PROadv	MORPH=empty
tornent	torner	VERcjg	MORPH=empty
li	le	DETdef	MORPH=empty
vaslet	vaslet	NOMcom	MORPH=empty
de	de	PRE	MORPH=empty
lor	lor2	DETpos	MORPH=empty
seignor	seignor	NOMcom	MORPH=empty
,	,	PONfbl	MORPH=empty
ensi	ainsi	ADVgen	MORPH=empty
s'	soi1	PROper	MORPH=empty
an	en2	PROadv	MORPH=empty
vont	aler	VERcjg	MORPH=empty
,	,	PONfbl	MORPH=empty
ne	ne2	CONcoo	MORPH=empty
d'	de	PRE	MORPH=empty
ax	il	PROper	MORPH=empty
ne	ne2	CONcoo	MORPH=empty
del	de+le	PRE.DETdef	MORPH=empty
duel	duel	NOMcom	MORPH=empty
que	que2	PROrel	MORPH=empty
il	il	PROper	MORPH=empty
font	faire	VERcjg	MORPH=empty
rien	rien	PROind	MORPH=empty
plus	plus	ADVgen	MORPH=empty
a	a3	PRE	MORPH=empty
dire	dire	VERinf	MORPH=empty
ne	ne1	ADVneg	MORPH=empty
me	je	PROper	MORPH=empty
plest	plaire	VERcjg	MORPH=empty
.	.	PONfrt	MORPH=empty
De	de	PRE	MORPH=empty
monseignor	seignor	NOMcom	MORPH=empty
Gauvain	Gauvain	NOMpro	MORPH=empty
se	soi1	PROper	MORPH=empty
test	taire	VERcjg	MORPH=empty
li	le	DETdef	MORPH=empty
contes	conte2	NOMcom	MORPH=empty
ici	ici	ADVgen	MORPH=empty
a	a3	PRE	MORPH=empty
estal	estal1	NOMcom	MORPH=empty
,	,	PONfbl	MORPH=empty
si	si	ADVgen	MORPH=empty
parlerons	parler	VERcjg	MORPH=empty
de	de	PRE	MORPH=empty
Perceval	Perceval	NOMpro	MORPH=empty
.	.	PONfrt	MORPH=empty
Percevax	Perceval	NOMpro	MORPH=empty
,	,	PONfbl	MORPH=empty
ce	ce1	PROdem	MORPH=empty
conte	conter	VERcjg	MORPH=empty
l'	le	DETdef	MORPH=empty
estoire	estoire1	NOMcom	MORPH=empty
,	,	PONfbl	MORPH=empty
a	avoir	VERcjg	MORPH=empty
si	si	ADVgen	MORPH=empty
perdue	perdre	VERppe	MORPH=empty
la	le	DETdef	MORPH=empty
memoire	memoire	NOMcom	MORPH=empty
que	que4	CONsub	MORPH=empty
de	de	PRE	MORPH=empty
Deu	Dieu	NOMpro	MORPH=empty
ne	ne1	ADVneg	MORPH=empty
li	il	PROper	MORPH=empty
sovient	sovenir	VERcjg	MORPH=empty
mais	mais1	ADVgen	MORPH=empty
.	.	PONfrt	MORPH=empty
.v.	5	DETcar	MORPH=empty
foiz	foiz	NOMcom	MORPH=empty
passa	passer1	VERcjg	MORPH=empty
avrix	avril	NOMcom	MORPH=empty
et	et	CONcoo	MORPH=empty
mais	mai	NOMcom	MORPH=empty
,	,	PONfbl	MORPH=empty
ce	ce1	PROdem	MORPH=empty
sont	estre1	VERcjg	MORPH=empty
.v.	5	DETcar	MORPH=empty
anz	an	NOMcom	MORPH=empty
trestuit	trestot	ADVgen	MORPH=empty
antier	entier	ADJqua	MORPH=empty
,	,	PONfbl	MORPH=empty
qu'	que4	CONsub	MORPH=empty
an	en1	PRE	MORPH=empty
eglise	eglise	NOMcom	MORPH=empty
ne	ne2	CONcoo	MORPH=empty
an	en1	PRE	MORPH=empty
mostier	mostier	NOMcom	MORPH=empty
ne	ne2	CONcoo	MORPH=empty
Deu	Dieu	NOMpro	MORPH=empty
ne	ne2	CONcoo	MORPH=empty
ses	son4	DETpos	MORPH=empty
sainz	saint	NOMcom	MORPH=empty
n'	ne1	ADVneg	MORPH=empty
aora	aorer2	VERcjg	MORPH=empty
.	.	PONfrt	MORPH=empty
Ensi	ainsi	ADVgen	MORPH=empty
les	le	DETdef	MORPH=empty
.v.	5	ADJcar	MORPH=empty
anz	an	NOMcom	MORPH=empty
anplea	emploiier	VERcjg	MORPH=empty
,	,	PONfbl	MORPH=empty
et	et	CONcoo	MORPH=empty
por	por2	PRE	MORPH=empty
ce	ce1	PROdem	MORPH=empty
ne	ne1	ADVneg	MORPH=empty
lessa	laissier	VERcjg	MORPH=empty
il	il	PROper	MORPH=empty
mie	mie	ADVneg	MORPH=empty
a	a3	PRE	MORPH=empty
requerre	requerre	VERinf	MORPH=empty
chevalerie	chevalerie	NOMcom	MORPH=empty
;	;	PONfbl	MORPH=empty
et	et	CONcoo	MORPH=empty
les	le	DETdef	MORPH=empty
estranges	estrange	ADJqua	MORPH=empty
avantures	aventure	NOMcom	MORPH=empty
,	,	PONfbl	MORPH=empty
les	le	DETdef	MORPH=empty
felenesses	felon	ADJqua	MORPH=empty
et	et	CONcoo	MORPH=empty
les	le	DETdef	MORPH=empty
dures	dur	ADJqua	MORPH=empty
,	,	PONfbl	MORPH=empty
ala	aler	VERcjg	MORPH=empty
querant	querre	VERppa	MORPH=empty
,	,	PONfbl	MORPH=empty
si	si	ADVgen	MORPH=empty
les	il	PROper	MORPH=empty
trova	trover	VERcjg	MORPH=empty
tant	tant	ADVgen	MORPH=empty
que	que4	CONsub	MORPH=empty
mout	mout	ADVgen	MORPH=empty
bien	bien1	ADVgen	MORPH=empty
s'	soi1	PROper	MORPH=empty
i	i2	PROadv	MORPH=empty
esprova	esprover	VERcjg	MORPH=empty
,	,	PONfbl	MORPH=empty
n'	ne2	CONcoo	MORPH=empty
onques	onque	ADVgen	MORPH=empty
n'	ne1	ADVneg	MORPH=empty
anprist	emprendre	VERcjg	MORPH=empty
chose	chose	NOMcom	MORPH=empty
si	si	ADVgen	MORPH=empty
grief	grief	ADJqua	MORPH=empty
dom	dont	PROrel	MORPH=empty
il	il	PROper	MORPH=empty
ne	ne1	ADVneg	MORPH=empty
venist	venir	VERcjg	MORPH=empty
bien	bien1	ADVgen	MORPH=empty
a	a3	PRE	MORPH=empty
chief	chief1	NOMcom	MORPH=empty
.	.	PONfrt	MORPH=empty
.L.	50	DETcar	MORPH=empty
chevaliers	chevalier	NOMcom	MORPH=empty
de	de	PRE	MORPH=empty
pris	pris1	NOMcom	MORPH=empty
a	a3	PRE	MORPH=empty
la	le	DETdef	MORPH=empty
cort	cort1	NOMcom	MORPH=empty
le	le	DETdef	MORPH=empty
roi	roi2	NOMcom	MORPH=empty
Artus	Artu	NOMpro	MORPH=empty
pris	prendre	VERppe	MORPH=empty
dedanz	dedenz	PRE	MORPH=empty
les	le	DETdef	MORPH=empty
.v.	5	ADJcar	MORPH=empty
anz	an	NOMcom	MORPH=empty
anvea	envoiier	VERcjg	MORPH=empty
.	.	PONfrt	MORPH=empty
Ensi	ainsi	ADVgen	MORPH=empty
les	le	DETdef	MORPH=empty
.v.	5	ADJcar	MORPH=empty
anz	an	NOMcom	MORPH=empty
anplea	emploiier	VERcjg	MORPH=empty
c'	que4	CONsub	MORPH=empty
onques	onque	ADVgen	MORPH=empty
de	de	PRE	MORPH=empty
Deu	Dieu	NOMpro	MORPH=empty
ne	ne1	ADVneg	MORPH=empty
li	il	PROper	MORPH=empty
sovint	sovenir	VERcjg	MORPH=empty
.	.	PONfrt	MORPH=empty
Au	a3+le	PRE.DETdef	MORPH=empty
chief	chief1	NOMcom	MORPH=empty
de	de	PRE	MORPH=empty
.v.	5	DETcar	MORPH=empty
anz	an	NOMcom	MORPH=empty
li	il	PROper	MORPH=empty
avint	avenant	VERcjg	MORPH=empty
que	que4	CONsub	MORPH=empty
il	il	PROper	MORPH=empty
par	par	PRE	MORPH=empty
.i.	un	DETndf	MORPH=empty
desert	desert2	NOMcom	MORPH=empty
aloit	aler	VERcjg	MORPH=empty
cheminant	cheminer	VERppa	MORPH=empty
,	,	PONfbl	MORPH=empty
si	si	ADVgen	MORPH=empty
con	come1	CONsub	MORPH=empty
il	il	PROper	MORPH=empty
soloit	soloir	VERcjg	MORPH=empty
,	,	PONfbl	MORPH=empty
de	de	PRE	MORPH=empty
totes	tot	DETind	MORPH=empty
ses	son4	DETpos	MORPH=empty
armes	arme	NOMcom	MORPH=empty
armez	armer	VERppe	MORPH=empty
;	;	PONfbl	MORPH=empty
s'	si	ADVgen	MORPH=empty
a	avoir	VERcjg	MORPH=empty
.v.	5	DETcar	MORPH=empty
chevaliers	chevalier	NOMcom	MORPH=empty
ancontrez	encontrer	VERppe	MORPH=empty
et	et	CONcoo	MORPH=empty
,	,	PONfbl	MORPH=empty
avoec	avuec	ADVgen	MORPH=empty
,	,	PONfbl	MORPH=empty
dames	dame	NOMcom	MORPH=empty
jusqu'	jusque	PRE	MORPH=empty
a	a3	PRE	MORPH=empty
dis	dis1	PROcar	MORPH=empty
,	,	PONfbl	MORPH=empty
lor	lor2	DETpos	MORPH=empty
chiés	chief1	NOMcom	MORPH=empty
an	en1	PRE	MORPH=empty
lor	lor2	DETpos	MORPH=empty
chaperons	chaperon	NOMcom	MORPH=empty
mis	metre2	VERppe	MORPH=empty
,	,	PONfbl	MORPH=empty
et	et	CONcoo	MORPH=empty
si	si	ADVgen	MORPH=empty
aloient	aler	VERcjg	MORPH=empty
tuit	tot	PROind	MORPH=empty
a	a3	PRE	MORPH=empty
pié	pié	NOMcom	MORPH=empty
et	et	CONcoo	MORPH=empty
an	en1	PRE	MORPH=empty
langes	lange	NOMcom	MORPH=empty
et	et	CONcoo	MORPH=empty
deschaucié	deschaucier	VERppe	MORPH=empty
.	.	PONfrt	MORPH=empty
De	de	PRE	MORPH=empty
ce	ce1	PROdem	MORPH=empty
que	que4	CONsub	MORPH=empty
il	il	PROper	MORPH=empty
armez	armer	VERppe	MORPH=empty
estoit	estre1	VERcjg	MORPH=empty
et	et	CONcoo	MORPH=empty
escu	escu	NOMcom	MORPH=empty
et	et	CONcoo	MORPH=empty
lance	lance	NOMcom	MORPH=empty
portoit	porter	VERcjg	MORPH=empty
se	soi1	PROper	MORPH=empty
mervellierent	merveillier	VERcjg	MORPH=empty
trop	trop	ADVgen	MORPH=empty
les	le	DETdef	MORPH=empty
dames	dame	NOMcom	MORPH=empty
,	,	PONfbl	MORPH=empty
que	que4	CONsub	MORPH=empty
por	por2	PRE	MORPH=empty
sauvemant	sauvement1	NOMcom	MORPH=empty
de	de	PRE	MORPH=empty
lor	lor2	DETpos	MORPH=empty
ames	ame	NOMcom	MORPH=empty
lor	lor2	DETpos	MORPH=empty
penitance	penitence	NOMcom	MORPH=empty
a	a3	PRE	MORPH=empty
pié	pié	NOMcom	MORPH=empty
feisoient	faire	VERcjg	MORPH=empty
por	por2	PRE	MORPH=empty
lor	lor2	DETpos	MORPH=empty
pechiez	pechié	NOMcom	MORPH=empty
que	que2	PROrel	MORPH=empty
fez	faire	VERppe	MORPH=empty
avoient	avoir	VERcjg	MORPH=empty
.	.	PONfrt	MORPH=empty
Et	et	CONcoo	MORPH=empty
li	le	DETdef	MORPH=empty
uns	un	PROind	MORPH=empty
des	de+le	PRE.DETdef	MORPH=empty
.v.	5	ADJcar	MORPH=empty
chevaliers	chevalier	NOMcom	MORPH=empty
l'	il	PROper	MORPH=empty
areste	arester	VERcjg	MORPH=empty
et	et	CONcoo	MORPH=empty
dit	dire	VERcjg	MORPH=empty
:	:	PONfbl	MORPH=empty
"	"	PONpxx	MORPH=empty
Estez	ester	VERcjg	MORPH=empty
arriers	ariere	ADVgen	MORPH=empty
!	!	PONfrt	MORPH=empty
Don	donc	ADVgen	MORPH=empty
ne	ne1	ADVneg	MORPH=empty
creez	croire	VERcjg	MORPH=empty
vos	vos	PROper	MORPH=empty
Jhesu	Jhesu	NOMpro	MORPH=empty
Crist	Crist	NOMpro	MORPH=empty
,	,	PONfbl	MORPH=empty
qui	qui	PROrel	MORPH=empty
la	le	DETdef	MORPH=empty
novele	novel	ADJqua	MORPH=empty
loi	loi3	NOMcom	MORPH=empty
escrist	escrire	VERcjg	MORPH=empty
et	et	CONcoo	MORPH=empty
la	il	PROper	MORPH=empty
dona	doner	VERcjg	MORPH=empty
as	a3+le	PRE.DETdef	MORPH=empty
crestiens	crestiien	ADJqua	MORPH=empty
?	?	PONfrt	MORPH=empty
Certes	certes	ADVgen	MORPH=empty
,	,	PONfbl	MORPH=empty
il	il	PROimp	MORPH=empty
n'	ne1	ADVneg	MORPH=empty
est	estre1	VERcjg	MORPH=empty
reisons	raison	NOMcom	MORPH=empty
ne	ne2	CONcoo	MORPH=empty
biens	bien2	NOMcom	MORPH=empty
d'	de	PRE	MORPH=empty
armes	arme	NOMcom	MORPH=empty
porter	porter	VERinf	MORPH=empty
,	,	PONfbl	MORPH=empty
einz	ainz	ADVgen	MORPH=empty
est	estre1	VERcjg	MORPH=empty
granz	grant	ADJqua	MORPH=empty
torz	tort2	NOMcom	MORPH=empty
,	,	PONfbl	MORPH=empty
au	a3+le	PRE.DETdef	MORPH=empty
jor	jor	NOMcom	MORPH=empty
que	que2	PROrel	MORPH=empty
Jhesu	Jhesu	NOMpro	MORPH=empty
Criz	Crist	NOMpro	MORPH=empty
fu	estre1	VERcjg	MORPH=empty
morz	morir	VERppe	MORPH=empty
.	.	PONfrt	MORPH=empty
"	"	PONpxx	MORPH=empty
Et	et	CONcoo	MORPH=empty
cil	cel	PROdem	MORPH=empty
qui	qui	PROrel	MORPH=empty
n'	ne1	ADVneg	MORPH=empty
avoit	avoir	VERcjg	MORPH=empty
nul	nul	DETind	MORPH=empty
porpans	porpens	NOMcom	MORPH=empty
de	de	PRE	MORPH=empty
jor	jor	NOMcom	MORPH=empty
ne	ne2	CONcoo	MORPH=empty
d'	de	PRE	MORPH=empty
ores	ore3	NOMcom	MORPH=empty
ne	ne2	CONcoo	MORPH=empty
de	de	PRE	MORPH=empty
tans	tens	NOMcom	MORPH=empty
,	,	PONfbl	MORPH=empty
tant	tant	ADVgen	MORPH=empty
avoit	avoir	VERcjg	MORPH=empty
a	a3	PRE	MORPH=empty
son	son4	DETpos	MORPH=empty
cuer	cuer2	NOMcom	MORPH=empty
enui	enui	NOMcom	MORPH=empty
,	,	PONfbl	MORPH=empty
a	avoir	VERcjg	MORPH=empty
dit	dire	VERppe	MORPH=empty
:	:	PONfbl	MORPH=empty
"	"	PONpxx	MORPH=empty
Quex	quel1	DETint	MORPH=empty
jorz	jor	NOMcom	MORPH=empty
est	estre1	VERcjg	MORPH=empty
il	il	PROper	MORPH=empty
donc	donc	ADVgen	MORPH=empty
hui	ui	ADVgen	MORPH=empty
?	?	PONfrt	MORPH=empty
Quex	quel1	PROint	MORPH=empty
,	,	PONfbl	MORPH=empty
sire	seignor	NOMcom	MORPH=empty
?	?	PONfrt	MORPH=empty
Si	si	ADVgen	MORPH=empty
ne	ne1	ADVneg	MORPH=empty
le	il	PROper	MORPH=empty
savez	savoir	VERcjg	MORPH=empty
?	?	PONfrt	MORPH=empty
C'	ce1	PROdem	MORPH=empty
est	estre1	VERcjg	MORPH=empty
li	le	DETdef	MORPH=empty
vanredis	vendredi	NOMcom	MORPH=empty
aorez	aorer2	VERppe	MORPH=empty
,	,	PONfbl	MORPH=empty
qu'	que2	PROrel	MORPH=empty
an	on	PROind	MORPH=empty
doit	devoir	VERcjg	MORPH=empty
sinplemant	simplement	ADVgen	MORPH=empty
enorer	onorer	VERinf	MORPH=empty
la	le	DETdef	MORPH=empty
croiz	croiz	NOMcom	MORPH=empty
et	et	CONcoo	MORPH=empty
ses	son4	DETpos	MORPH=empty
pechiez	pechié	NOMcom	MORPH=empty
plorer	plorer	VERinf	MORPH=empty
.	.	PONfrt	MORPH=empty
Hui	ui	ADVgen	MORPH=empty
fu	estre1	VERcjg	MORPH=empty
cil	cel	PROdem	MORPH=empty
an	en1	PRE	MORPH=empty
croiz	croiz	NOMcom	MORPH=empty
estanduz	estendre	VERppe	MORPH=empty
qui	qui	PROrel	MORPH=empty
trante	trente	DETcar	MORPH=empty
deniers	denier	NOMcom	MORPH=empty
fu	estre1	VERcjg	MORPH=empty
vanduz	vendre	VERppe	MORPH=empty
,	,	PONfbl	MORPH=empty
cil	cel	PROdem	MORPH=empty
qui	qui	PROrel	MORPH=empty
de	de	PRE	MORPH=empty
toz	tot	DETind	MORPH=empty
pechiez	pechié	NOMcom	MORPH=empty
est	estre1	VERcjg	MORPH=empty
monde	monde2	ADJqua	MORPH=empty
.	.	PONfrt	MORPH=empty
Por	por2	PRE	MORPH=empty
les	le	DETdef	MORPH=empty
pechiez	pechié	NOMcom	MORPH=empty
de	de	PRE	MORPH=empty
tot	tot	DETind	MORPH=empty
le	le	DETdef	MORPH=empty
monde	monde1	NOMcom	MORPH=empty
,	,	PONfbl	MORPH=empty
don	dont	PROrel	MORPH=empty
toz	tot	DETind	MORPH=empty
li	le	DETdef	MORPH=empty
monz	monde1	NOMcom	MORPH=empty
ert	estre1	VERcjg	MORPH=empty
antechiez	entechier	VERppe	MORPH=empty
,	,	PONfbl	MORPH=empty
devint	devenir	VERcjg	MORPH=empty
il	il	PROper	MORPH=empty
hom	ome	NOMcom	MORPH=empty
,	,	PONfbl	MORPH=empty
bien	bien1	ADVgen	MORPH=empty
le	il	PROper	MORPH=empty
sachiez	savoir	VERcjg	MORPH=empty
.	.	PONfrt	MORPH=empty
Voirs	voir	ADJqua	MORPH=empty
est	estre1	VERcjg	MORPH=empty
que	que4	CONsub	MORPH=empty
Dex	Dieu	NOMpro	MORPH=empty
et	et	CONcoo	MORPH=empty
hom	ome	NOMcom	MORPH=empty
fu	estre1	VERcjg	MORPH=empty
il	il	PROper	MORPH=empty
,	,	PONfbl	MORPH=empty
et	et	CONcoo	MORPH=empty
de	de	PRE	MORPH=empty
la	le	DETdef	MORPH=empty
Virge	virge	NOMcom	MORPH=empty
nasqui	naistre	VERcjg	MORPH=empty
il	il	PROper	MORPH=empty
,	,	PONfbl	MORPH=empty
et	et	CONcoo	MORPH=empty
par	par	PRE	MORPH=empty
le	le	DETdef	MORPH=empty
Saint	saint	ADJqua	MORPH=empty
Espir	espir	NOMcom	MORPH=empty
conçut	concevoir	VERcjg	MORPH=empty
,	,	PONfbl	MORPH=empty
ou	où	PROrel	MORPH=empty
Dex	Dieu	NOMpro	MORPH=empty
et	et	CONcoo	MORPH=empty
char	char2	NOMcom	MORPH=empty
et	et	CONcoo	MORPH=empty
sanc	sanc	NOMcom	MORPH=empty
reçut	recevoir	VERcjg	MORPH=empty
,	,	PONfbl	MORPH=empty
et	et	CONcoo	MORPH=empty
fu	estre1	VERcjg	MORPH=empty
sa	son4	DETpos	MORPH=empty
deïtez	dëité	NOMcom	MORPH=empty
coverte	covrir	VERppe	MORPH=empty
de	de	PRE	MORPH=empty
char	char2	NOMcom	MORPH=empty
d'	de	PRE	MORPH=empty
ome	ome	NOMcom	MORPH=empty
,	,	PONfbl	MORPH=empty
c'	ce1	PROdem	MORPH=empty
est	estre1	VERcjg	MORPH=empty
chose	chose	NOMcom	MORPH=empty
certe	cert	ADJqua	MORPH=empty
.	.	PONfrt	MORPH=empty
Et	et	CONcoo	MORPH=empty
qui	qui	PROrel	MORPH=empty
issi	issi	ADVgen	MORPH=empty
ne	ne1	ADVneg	MORPH=empty
le	il	PROper	MORPH=empty
crerra	croire	VERcjg	MORPH=empty
ja	ja	ADVgen	MORPH=empty
an	en1	PRE	MORPH=empty
la	le	DETdef	MORPH=empty
face	face	NOMcom	MORPH=empty
nel	ne1+il	ADVneg.PROper	MORPH=empty
verra	vëoir	VERcjg	MORPH=empty
.	.	PONfrt	MORPH=empty
Il	il	PROper	MORPH=empty
fu	estre1	VERcjg	MORPH=empty
nez	naistre	VERppe	MORPH=empty
de	de	PRE	MORPH=empty
la	le	DETdef	MORPH=empty
Virge	virge	NOMcom	MORPH=empty
dame	dame	NOMcom	MORPH=empty
,	,	PONfbl	MORPH=empty
et	et	CONcoo	MORPH=empty
si	si	ADVgen	MORPH=empty
prist	prendre	VERcjg	MORPH=empty
d'	de	PRE	MORPH=empty
ome	ome	NOMcom	MORPH=empty
et	et	CONcoo	MORPH=empty
forme	forme	NOMcom	MORPH=empty
et	et	CONcoo	MORPH=empty
ame	ame	NOMcom	MORPH=empty
avoec	avuec	PRE	MORPH=empty
la	le	DETdef	MORPH=empty
sainte	saint	ADJqua	MORPH=empty
deïté	dëité	NOMcom	MORPH=empty
,	,	PONfbl	MORPH=empty
que	que4	CONcoo	MORPH=empty
a	a3	PRE	MORPH=empty
tel	tel	DETind	MORPH=empty
jor	jor	NOMcom	MORPH=empty
por	por2	PRE	MORPH=empty
verité	verité	NOMcom	MORPH=empty
con	come1	CONsub	MORPH=empty
hui	ui	ADVgen	MORPH=empty
est	estre1	VERcjg	MORPH=empty
fu	estre1	VERcjg	MORPH=empty
an	en1	PRE	MORPH=empty
la	le	DETdef	MORPH=empty
croiz	croiz	NOMcom	MORPH=empty
mis	metre2	VERppe	MORPH=empty
et	et	CONcoo	MORPH=empty
trest	traire	VERcjg	MORPH=empty
d'	de	PRE	MORPH=empty
anfer	enfer	NOMcom	MORPH=empty
toz	tot	DETind	MORPH=empty
ses	son4	DETpos	MORPH=empty
amis	ami	NOMcom	MORPH=empty
.	.	PONfrt	MORPH=empty
Mout	mout	ADVgen	MORPH=empty
par	par2	ADVgen	MORPH=empty
fu	estre1	VERcjg	MORPH=empty
sainte	saint	ADJqua	MORPH=empty
cele	cel	DETdem	MORPH=empty
morz	mort	NOMcom	MORPH=empty
,	,	PONfbl	MORPH=empty
qui	qui	PROrel	MORPH=empty
sauva	sauver	VERcjg	MORPH=empty
les	le	DETdef	MORPH=empty
vis	vif	ADJqua	MORPH=empty
et	et	CONcoo	MORPH=empty
les	le	DETdef	MORPH=empty
morz	morir	VERppe	MORPH=empty
et	et	CONcoo	MORPH=empty
suscita	susciter	VERcjg	MORPH=empty
de	de	PRE	MORPH=empty
mort	mort	NOMcom	MORPH=empty
a	a3	PRE	MORPH=empty
vie	vie1	NOMcom	MORPH=empty
.	.	PONfrt	MORPH=empty
Li	le	DETdef	MORPH=empty
fel	felon	ADJqua	MORPH=empty
Giu	Jüif	NOMpro	MORPH=empty
par	par	PRE	MORPH=empty
lor	lor2	DETpos	MORPH=empty
anvie	envie	NOMcom	MORPH=empty
,	,	PONfbl	MORPH=empty
qu'	que2	PROrel	MORPH=empty
an	on	PROind	MORPH=empty
devroit	devoir	VERcjg	MORPH=empty
tuer	tüer	VERinf	MORPH=empty
come	come1	CONsub	MORPH=empty
chiens	chien	NOMcom	MORPH=empty
,	,	PONfbl	MORPH=empty
se	soi1	PROper	MORPH=empty
firent	faire	VERcjg	MORPH=empty
max	mal1	NOMcom	MORPH=empty
,	,	PONfbl	MORPH=empty
et	et	CONcoo	MORPH=empty
a	a3	PRE	MORPH=empty
nos	nos1	PROper	MORPH=empty
biens	bien2	NOMcom	MORPH=empty
,	,	PONfbl	MORPH=empty
qant	cant1	CONsub	MORPH=empty
il	il	PROper	MORPH=empty
an	en1	PRE	MORPH=empty
la	le	DETdef	MORPH=empty
croiz	croiz	NOMcom	MORPH=empty
le	il	PROper	MORPH=empty
leverent	lever	VERcjg	MORPH=empty
;	;	PONfbl	MORPH=empty
aus	il	PROper	MORPH=empty
perdirent	perdre	VERcjg	MORPH=empty
et	et	CONcoo	MORPH=empty
nos	nos1	PROper	MORPH=empty
salverent	sauver	VERcjg	MORPH=empty
.	.	PONfrt	MORPH=empty
Tuit	tot	DETind	MORPH=empty
cil	cel	PROdem	MORPH=empty
qui	qui	PROrel	MORPH=empty
an	en1	PRE	MORPH=empty
lui	il	PROper	MORPH=empty
ont	avoir	VERcjg	MORPH=empty
creance	crëance	NOMcom	MORPH=empty
doivent	devoir	VERcjg	MORPH=empty
hui	ui	ADVgen	MORPH=empty
estre	estre1	VERinf	MORPH=empty
an	en1	PRE	MORPH=empty
penitance	penitence	NOMcom	MORPH=empty
.	.	PONfrt	MORPH=empty
Et	et	CONcoo	MORPH=empty
don	dont	PROint	MORPH=empty
venez	venir	VERcjg	MORPH=empty
vos	vos	PROper	MORPH=empty
or	or4	ADVgen	MORPH=empty
ensi	ainsi	ADVgen	MORPH=empty
?	?	PONfrt	MORPH=empty
"	"	PONpxx	MORPH=empty
fet	faire	VERcjg	MORPH=empty
Percevax	Perceval	NOMpro	MORPH=empty
.	.	PONfrt	MORPH=empty
"	"	PONpxx	MORPH=empty
Sire	seignor	NOMcom	MORPH=empty
,	,	PONfbl	MORPH=empty
de	de	PRE	MORPH=empty
ci	ci	ADVgen	MORPH=empty
,	,	PONfbl	MORPH=empty
d'	de	PRE	MORPH=empty
un	un	DETndf	MORPH=empty
boen	bon	ADJqua	MORPH=empty
home	ome	NOMcom	MORPH=empty
,	,	PONfbl	MORPH=empty
d'	de	PRE	MORPH=empty
un	un	DETndf	MORPH=empty
saint	saint	ADJqua	MORPH=empty
hermite	ermite	NOMcom	MORPH=empty
,	,	PONfbl	MORPH=empty
qui	qui	PROrel	MORPH=empty
an	en1	PRE	MORPH=empty
ceste	cest	DETdem	MORPH=empty
forest	forest	NOMcom	MORPH=empty
abite	abiter	VERcjg	MORPH=empty
,	,	PONfbl	MORPH=empty
qui	qui	PROrel	MORPH=empty
ne	ne1	ADVneg	MORPH=empty
vit	vivre1	VERcjg	MORPH=empty
,	,	PONfbl	MORPH=empty
tant	tant	ADVgen	MORPH=empty
par	par2	ADVgen	MORPH=empty
est	estre1	VERcjg	MORPH=empty
sainz	saint	ADJqua	MORPH=empty
hon	ome	NOMcom	MORPH=empty
,	,	PONfbl	MORPH=empty
se	se	CONsub	MORPH=empty
de	de	PRE	MORPH=empty
la	le	DETdef	MORPH=empty
gloire	gloire	NOMcom	MORPH=empty
de	de	PRE	MORPH=empty
Deu	Dieu	NOMpro	MORPH=empty
non	non	ADVneg	MORPH=empty
.	.	PONfrt	MORPH=empty
Por	por2	PRE	MORPH=empty
Deu	Dieu	NOMpro	MORPH=empty
!	!	PONfrt	MORPH=empty
seignor	seignor	NOMcom	MORPH=empty
,	,	PONfbl	MORPH=empty
la	là	ADVgen	MORPH=empty
que	que3	PROint	MORPH=empty
queïstes	querre	VERcjg	MORPH=empty
?	?	PONfrt	MORPH=empty
Que	que3	PROint	MORPH=empty
demandastes	demander	VERcjg	MORPH=empty
?	?	PONfrt	MORPH=empty
Que	que3	PROint	MORPH=empty
feïstes	faire	VERcjg	MORPH=empty
?	?	PONfrt	MORPH=empty
Quoi	coi2	PROint	MORPH=empty
,	,	PONfbl	MORPH=empty
sire	seignor	NOMcom	MORPH=empty
?	?	PONfrt	MORPH=empty
fet	faire	VERcjg	MORPH=empty
une	un	PROind	MORPH=empty
des	de+le	PRE.DETdef	MORPH=empty
dames	dame	NOMcom	MORPH=empty
.	.	PONfrt	MORPH=empty
De	de	PRE	MORPH=empty
noz	nostre	DETpos	MORPH=empty
pechiez	pechié	NOMcom	MORPH=empty
i	i2	PROadv	MORPH=empty
demandames	demander	VERcjg	MORPH=empty
consoil	conseil	NOMcom	MORPH=empty
,	,	PONfbl	MORPH=empty
et	et	CONcoo	MORPH=empty
confesse	confesse	NOMcom	MORPH=empty
i	i2	PROadv	MORPH=empty
preïsmes	prendre	VERcjg	MORPH=empty
.	.	PONfrt	MORPH=empty
La	le	DETdef	MORPH=empty
greignor	grant	ADJqua	MORPH=empty
besoigne	besoigne	NOMcom	MORPH=empty
i	i2	PROadv	MORPH=empty
feïsmes	faire	VERcjg	MORPH=empty
que	que2	PROrel	MORPH=empty
nus	nul	DETind	MORPH=empty
crestiens	crestiien	ADJqua	MORPH=empty
puisse	pöoir	VERcjg	MORPH=empty
feire	faire	VERinf	MORPH=empty
qui	qui	PROrel	MORPH=empty
bien	bien1	ADVgen	MORPH=empty
voelle	voloir	VERcjg	MORPH=empty
a	a3	PRE	MORPH=empty
Damedeu	Damnedeu	NOMpro	MORPH=empty
pleire	plaire	VERinf	MORPH=empty
.	.	PONfrt	MORPH=empty
"	"	PONpxx	MORPH=empty
Ce	ce1	PROdem	MORPH=empty
que	que2	PROrel	MORPH=empty
Percevax	Perceval	NOMpro	MORPH=empty
oï	öir	VERppe	MORPH=empty
ot	avoir	VERcjg	MORPH=empty
le	il	PROper	MORPH=empty
fist	faire	VERcjg	MORPH=empty
plorer	plorer	VERinf	MORPH=empty
,	,	PONfbl	MORPH=empty
et	et	CONcoo	MORPH=empty
si	si	ADVgen	MORPH=empty
li	il	PROper	MORPH=empty
plot	plaire	VERcjg	MORPH=empty
que	que4	CONsub	MORPH=empty
au	a3+le	PRE.DETdef	MORPH=empty
bon	bon	ADJqua	MORPH=empty
home	ome	NOMcom	MORPH=empty
alast	aler	VERcjg	MORPH=empty
parler	parler	VERinf	MORPH=empty
.	.	PONfrt	MORPH=empty
"	"	PONpxx	MORPH=empty
La	là	ADVgen	MORPH=empty
voldroie	voloir	VERcjg	MORPH=empty
,	,	PONfbl	MORPH=empty
fet	faire	VERcjg	MORPH=empty
il	il	PROper	MORPH=empty
,	,	PONfbl	MORPH=empty
aler	aler	VERinf	MORPH=empty
,	,	PONfbl	MORPH=empty
a	a3	PRE	MORPH=empty
l'	le	DETdef	MORPH=empty
ermite	ermite	NOMcom	MORPH=empty
,	,	PONfbl	MORPH=empty
se	se	CONsub	MORPH=empty
ge	je	PROper	MORPH=empty
savoie	savoir	VERcjg	MORPH=empty
tenir	tenir1	VERinf	MORPH=empty
le	le	DETdef	MORPH=empty
santier	sentier	NOMcom	MORPH=empty
et	et	CONcoo	MORPH=empty
la	le	DETdef	MORPH=empty
voie	voie	NOMcom	MORPH=empty
.	.	PONfrt	MORPH=empty
Sire	seignor	NOMcom	MORPH=empty
,	,	PONfbl	MORPH=empty
qui	qui	PROrel	MORPH=empty
aler	aler	VERinf	MORPH=empty
i	i2	PROadv	MORPH=empty
voldroit	voloir	VERcjg	MORPH=empty
,	,	PONfbl	MORPH=empty
si	si	ADVgen	MORPH=empty
tenist	tenir1	VERcjg	MORPH=empty
le	le	DETdef	MORPH=empty
santier	sentier	NOMcom	MORPH=empty
tot	tot	ADVgen	MORPH=empty
droit	droit	ADJqua	MORPH=empty
et	et	CONcoo	MORPH=empty
se	soi1	PROper	MORPH=empty
preïst	prendre	VERcjg	MORPH=empty
garde	garde	NOMcom	MORPH=empty
des	de+le	PRE.DETdef	MORPH=empty
rains	raim	NOMcom	MORPH=empty
que	que2	PROrel	MORPH=empty
nos	nos1	PROper	MORPH=empty
noames	nöer2	VERcjg	MORPH=empty
a	a3	PRE	MORPH=empty
noz	nostre	DETpos	MORPH=empty
mains	main2	NOMcom	MORPH=empty
qant	cant1	CONsub	MORPH=empty
nos	nos1	PROper	MORPH=empty
par	par	PRE	MORPH=empty
ilueques	iluec	ADVgen	MORPH=empty
venismes	venir	VERcjg	MORPH=empty
.	.	PONfrt	MORPH=empty
Tex	tel	DETind	MORPH=empty
antresaignes	entreseigne	NOMcom	MORPH=empty
i	i2	PROadv	MORPH=empty
feïsmes	faire	VERcjg	MORPH=empty
por	por2	PRE	MORPH=empty
ce	ce1	PROdem	MORPH=empty
que	que4	CONsub	MORPH=empty
nus	nul	PROind	MORPH=empty
n'	ne1	ADVneg	MORPH=empty
i	i2	PROadv	MORPH=empty
esgarast	esgarer	VERcjg	MORPH=empty
,	,	PONfbl	MORPH=empty
qui	qui	PROrel	MORPH=empty
a	a3	PRE	MORPH=empty
ce	ce2	DETdem	MORPH=empty
saint	saint	ADJqua	MORPH=empty
hermite	ermite	NOMcom	MORPH=empty
alast	aler	VERcjg	MORPH=empty
.	.	PONfrt	MORPH=empty
"	"	PONpxx	MORPH=empty
Atant	atant	ADVgen	MORPH=empty
a	a3	PRE	MORPH=empty
Deu	Dieu	NOMpro	MORPH=empty
s'	soi1	PROper	MORPH=empty
antrecomandent	entrecomander	VERcjg	MORPH=empty
,	,	PONfbl	MORPH=empty
rien	rien	NOMcom	MORPH=empty
nule	nul	ADJind	MORPH=empty
plus	plus	ADVgen	MORPH=empty
ne	ne1	ADVneg	MORPH=empty
li	il	PROper	MORPH=empty
demandent	demander	VERcjg	MORPH=empty
.	.	PONfrt	MORPH=empty
Et	et	CONcoo	MORPH=empty
Percevax	Perceval	NOMpro	MORPH=empty
el	en1+le	PRE.DETdef	MORPH=empty
santier	sentier	NOMcom	MORPH=empty
antre	entrer	VERcjg	MORPH=empty
,	,	PONfbl	MORPH=empty
qui	qui	PROrel	MORPH=empty
sopire	sospirer	VERcjg	MORPH=empty
del	de+le	PRE.DETdef	MORPH=empty
cuer	cuer2	NOMcom	MORPH=empty
del	de+le	PRE.DETdef	MORPH=empty
vantre	ventre1	NOMcom	MORPH=empty
por	por2	PRE	MORPH=empty
ce	ce1	PROdem	MORPH=empty
que	que4	CONsub	MORPH=empty
mesfez	mesfaire	VERppe	MORPH=empty
se	soi1	PROper	MORPH=empty
savoit	savoir	VERcjg	MORPH=empty
vers	vers2	PRE	MORPH=empty
Deu	Dieu	NOMpro	MORPH=empty
et	et	CONcoo	MORPH=empty
si	si	ADVgen	MORPH=empty
s'	soi1	PROper	MORPH=empty
an	en2	PROadv	MORPH=empty
repantoit	repentir	VERcjg	MORPH=empty
.	.	PONfrt	MORPH=empty
Plorant	plorer	VERppa	MORPH=empty
s'	soi1	PROper	MORPH=empty
an	en2	PROadv	MORPH=empty
vet	aler	VERcjg	MORPH=empty
vers	vers2	PRE	MORPH=empty
le	le	DETdef	MORPH=empty
boschage	boschage	NOMcom	MORPH=empty
,	,	PONfbl	MORPH=empty
et	et	CONcoo	MORPH=empty
quant	cant1	CONsub	MORPH=empty
il	il	PROper	MORPH=empty
vint	venir	VERcjg	MORPH=empty
a	a3	PRE	MORPH=empty
l'	le	DETdef	MORPH=empty
ermitage	ermitage	NOMcom	MORPH=empty
,	,	PONfbl	MORPH=empty
si	si	ADVgen	MORPH=empty
descent	descendre	VERcjg	MORPH=empty
et	et	CONcoo	MORPH=empty
si	si	ADVgen	MORPH=empty
se	soi1	PROper	MORPH=empty
desarme	desarmer	VERcjg	MORPH=empty
.	.	PONfrt	MORPH=empty
Son	son4	DETpos	MORPH=empty
cheval	cheval	NOMcom	MORPH=empty
atache	atachier2	VERcjg	MORPH=empty
a	a3	PRE	MORPH=empty
un	un	DETndf	MORPH=empty
charme	charme2	NOMcom	MORPH=empty
,	,	PONfbl	MORPH=empty
aprés	après	ADVgen	MORPH=empty
s'	soi1	PROper	MORPH=empty
an	en2	PROadv	MORPH=empty
antre	entrer	VERcjg	MORPH=empty
chiés	chiés	PRE	MORPH=empty
l'	le	DETdef	MORPH=empty
ermite	ermite	NOMcom	MORPH=empty
.	.	PONfrt	MORPH=empty
An	en1	PRE	MORPH=empty
une	un	DETndf	MORPH=empty
chapele	chapele	NOMcom	MORPH=empty
petite	petit	ADJqua	MORPH=empty
trova	trover	VERcjg	MORPH=empty
l'	le	DETdef	MORPH=empty
ermite	ermite	NOMcom	MORPH=empty
et	et	CONcoo	MORPH=empty
le	le	DETdef	MORPH=empty
provoire	provoire	NOMcom	MORPH=empty
et	et	CONcoo	MORPH=empty
.i.	un	DETndf	MORPH=empty
clerdon	clerjon	NOMcom	MORPH=empty
,	,	PONfbl	MORPH=empty
ce	ce1	PROdem	MORPH=empty
est	estre1	VERcjg	MORPH=empty
la	le	DETdef	MORPH=empty
voire	voir	NOMcom	MORPH=empty
,	,	PONfbl	MORPH=empty
qui	qui	PROrel	MORPH=empty
comançoient	comencier	VERcjg	MORPH=empty
le	le	DETdef	MORPH=empty
servise	servise	NOMcom	MORPH=empty
,	,	PONfbl	MORPH=empty
le	le	DETdef	MORPH=empty
plus	plus	ADVgen	MORPH=empty
bel	bel1	ADJqua	MORPH=empty
qui	qui	PROrel	MORPH=empty
an	en1	PRE	MORPH=empty
sainte	saint	ADJqua	MORPH=empty
eglise	eglise	NOMcom	MORPH=empty
puisse	pöoir	VERcjg	MORPH=empty
estre	estre1	VERinf	MORPH=empty
diz	dire	VERppe	MORPH=empty
,	,	PONfbl	MORPH=empty
et	et	CONcoo	MORPH=empty
li	le	DETdef	MORPH=empty
plus	plus	ADVgen	MORPH=empty
dolz	douz	ADJqua	MORPH=empty
.	.	PONfrt	MORPH=empty
Percevax	Perceval	NOMpro	MORPH=empty
se	soi1	PROper	MORPH=empty
met	metre2	VERcjg	MORPH=empty
a	a3	PRE	MORPH=empty
genolz	genoil	NOMcom	MORPH=empty
tantost	tantost	ADVgen	MORPH=empty
con	come1	CONsub	MORPH=empty
antre	entrer	VERcjg	MORPH=empty
an	en1	PRE	MORPH=empty
la	le	DETdef	MORPH=empty
chapele	chapele	NOMcom	MORPH=empty
;	;	PONfbl	MORPH=empty
et	et	CONcoo	MORPH=empty
li	le	DETdef	MORPH=empty
bons	bon	ADJqua	MORPH=empty
hom	ome	NOMcom	MORPH=empty
a	a3	PRE	MORPH=empty
lui	il	PROper	MORPH=empty
l'	il	PROper	MORPH=empty
apele	apeler	VERcjg	MORPH=empty
,	,	PONfbl	MORPH=empty
qui	qui	PROrel	MORPH=empty
mout	mout	ADVgen	MORPH=empty
le	il	PROper	MORPH=empty
vit	vëoir	VERcjg	MORPH=empty
sinple	simple	ADJqua	MORPH=empty
et	et	CONcoo	MORPH=empty
plorant	plorer	VERppa	MORPH=empty
,	,	PONfbl	MORPH=empty
et	et	CONcoo	MORPH=empty
vit	vëoir	VERcjg	MORPH=empty
jusqu'	jusque	PRE	MORPH=empty
au	a3+le	PRE.DETdef	MORPH=empty
manton	menton	NOMcom	MORPH=empty
colant	coler1	VERppa	MORPH=empty
l'	le	DETdef	MORPH=empty
eve	aigue	NOMcom	MORPH=empty
qui	qui	PROrel	MORPH=empty
des	de+le	PRE.DETdef	MORPH=empty
ialz	ueil	NOMcom	MORPH=empty
li	il	PROper	MORPH=empty
degote	degoter	VERcjg	MORPH=empty
.	.	PONfrt	MORPH=empty
Et	et	CONcoo	MORPH=empty
Percevax	Perceval	NOMpro	MORPH=empty
,	,	PONfbl	MORPH=empty
qui	qui	PROrel	MORPH=empty
mout	mout	ADVgen	MORPH=empty
se	soi1	PROper	MORPH=empty
dote	doter2	VERcjg	MORPH=empty
avoir	avoir	VERinf	MORPH=empty
vers	vers2	PRE	MORPH=empty
Damedeu	Damnedeu	NOMpro	MORPH=empty
mespris	mesprendre	VERppe	MORPH=empty
,	,	PONfbl	MORPH=empty
a	avoir	VERcjg	MORPH=empty
l'	le	DETdef	MORPH=empty
ermite	ermite	NOMcom	MORPH=empty
par	par	PRE	MORPH=empty
le	le	DETdef	MORPH=empty
pié	pié	NOMcom	MORPH=empty
pris	prendre	VERcjg	MORPH=empty
,	,	PONfbl	MORPH=empty
si	si	ADVgen	MORPH=empty
l'	il	PROper	MORPH=empty
anclina	encliner	VERcjg	MORPH=empty
et	et	CONcoo	MORPH=empty
les	le	DETdef	MORPH=empty
mains	main2	NOMcom	MORPH=empty
joint	joindre	VERcjg	MORPH=empty
et	et	CONcoo	MORPH=empty
prie	priier	VERcjg	MORPH=empty
Deu	Dieu	NOMpro	MORPH=empty
que	que4	CONsub	MORPH=empty
il	il	PROper	MORPH=empty
li	il	PROper	MORPH=empty
doint	doner	VERcjg	MORPH=empty
consoil	conseil	NOMcom	MORPH=empty
,	,	PONfbl	MORPH=empty
que	que4	CONcoo	MORPH=empty
grant	grant	ADJqua	MORPH=empty
mestier	mestier	NOMcom	MORPH=empty
en	en2	PROadv	MORPH=empty
a	avoir	VERcjg	MORPH=empty
.	.	PONfrt	MORPH=empty
Et	et	CONcoo	MORPH=empty
li	le	DETdef	MORPH=empty
boens	bon	ADJqua	MORPH=empty
hom	ome	NOMcom	MORPH=empty
li	il	PROper	MORPH=empty
comanda	comander	VERcjg	MORPH=empty
a	a3	PRE	MORPH=empty
dire	dire	VERinf	MORPH=empty
sa	son4	DETpos	MORPH=empty
confession	confessïon	NOMcom	MORPH=empty
,	,	PONfbl	MORPH=empty
que	que4	CONsub	MORPH=empty
ja	ja	ADVgen	MORPH=empty
n'	ne1	ADVneg	MORPH=empty
avra	avoir	VERcjg	MORPH=empty
comenion	comunïon	NOMcom	MORPH=empty
,	,	PONfbl	MORPH=empty
se	se	CONsub	MORPH=empty
n'	ne1	ADVneg	MORPH=empty
est	estre1	VERcjg	MORPH=empty
confés	confès	ADJqua	MORPH=empty
et	et	CONcoo	MORPH=empty
repantanz	repentir	VERppa	MORPH=empty
.	.	PONfrt	MORPH=empty
"	"	PONpxx	MORPH=empty
Sire	seignor	NOMcom	MORPH=empty
,	,	PONfbl	MORPH=empty
fet	faire	VERcjg	MORPH=empty
il	il	PROper	MORPH=empty
,	,	PONfbl	MORPH=empty
bien	bien1	ADVgen	MORPH=empty
a	avoir	VERcjg	MORPH=empty
.v.	5	DETcar	MORPH=empty
anz	an	NOMcom	MORPH=empty
que	que4	CONsub	MORPH=empty
ge	je	PROper	MORPH=empty
ne	ne1	ADVneg	MORPH=empty
soi	savoir	VERcjg	MORPH=empty
ou	où	PROrel	MORPH=empty
ge	je	PROper	MORPH=empty
me	je	PROper	MORPH=empty
fui	estre1	VERcjg	MORPH=empty
,	,	PONfbl	MORPH=empty
ne	ne2	CONcoo	MORPH=empty
Deu	Dieu	NOMpro	MORPH=empty
n'	ne1	ADVneg	MORPH=empty
amai	amer1	VERcjg	MORPH=empty
ne	ne2	CONcoo	MORPH=empty
ne	ne1	ADVneg	MORPH=empty
le	il	PROper	MORPH=empty
crui	croire	VERcjg	MORPH=empty
,	,	PONfbl	MORPH=empty
n'	ne2	CONcoo	MORPH=empty
onques	onque	ADVgen	MORPH=empty
puis	puis	ADVgen	MORPH=empty
ne	ne1	ADVneg	MORPH=empty
fis	faire	VERcjg	MORPH=empty
se	se	CONsub	MORPH=empty
mal	mal1	NOMcom	MORPH=empty
non	non	ADVneg	MORPH=empty
.	.	PONfrt	MORPH=empty
Ha	ha	INJ	MORPH=empty
!	!	PONfrt	MORPH=empty
biax	bel1	ADJqua	MORPH=empty
amis	ami	NOMcom	MORPH=empty
,	,	PONfbl	MORPH=empty
fet	faire	VERcjg	MORPH=empty
li	le	DETdef	MORPH=empty
prodon	pro	NOMcom	MORPH=empty
,	,	PONfbl	MORPH=empty
di	dire	VERcjg	MORPH=empty
moi	je	PROper	MORPH=empty
por	por2	PRE	MORPH=empty
coi	coi2	PROrel	MORPH=empty
tu	tu	PROper	MORPH=empty
as	avoir	VERcjg	MORPH=empty
ce	ce1	PROdem	MORPH=empty
fait	faire	VERppe	MORPH=empty
,	,	PONfbl	MORPH=empty
et	et	CONcoo	MORPH=empty
prie	priier	VERcjg	MORPH=empty
Deu	Dieu	NOMpro	MORPH=empty
que	que4	CONsub	MORPH=empty
merci	merci	NOMcom	MORPH=empty
ait	avoir	VERcjg	MORPH=empty
de	de	PRE	MORPH=empty
l'	le	DETdef	MORPH=empty
ame	ame	NOMcom	MORPH=empty
de	de	PRE	MORPH=empty
son	son4	DETpos	MORPH=empty
pecheor	pechëor	NOMcom	MORPH=empty
.	.	PONfrt	MORPH=empty
Sire	seignor	NOMcom	MORPH=empty
,	,	PONfbl	MORPH=empty
chiés	chiés	PRE	MORPH=empty
le	le	DETdef	MORPH=empty
Roi	roi2	NOMcom	MORPH=empty
Pescheor	peschëor	NOMcom	MORPH=empty
fui	estre1	VERcjg	MORPH=empty
une	un	DETndf	MORPH=empty
foiz	foiz	NOMcom	MORPH=empty
,	,	PONfbl	MORPH=empty
et	et	CONcoo	MORPH=empty
vi	vëoir	VERcjg	MORPH=empty
la	le	DETdef	MORPH=empty
lance	lance	NOMcom	MORPH=empty
don	dont	PROrel	MORPH=empty
li	le	DETdef	MORPH=empty
fers	fer	NOMcom	MORPH=empty
sainne	saignier	VERcjg	MORPH=empty
sanz	sans	PRE	MORPH=empty
dotance	dotance	NOMcom	MORPH=empty
,	,	PONfbl	MORPH=empty
et	et	CONcoo	MORPH=empty
del	de+le	PRE.DETdef	MORPH=empty
graal	gräal	NOMcom	MORPH=empty
que	que2	PROrel	MORPH=empty
ge	je	PROper	MORPH=empty
i	i2	PROadv	MORPH=empty
vi	vëoir	VERcjg	MORPH=empty
ge	je	PROper	MORPH=empty
ne	ne1	ADVneg	MORPH=empty
sai	savoir	VERcjg	MORPH=empty
cui	cui	PROrel	MORPH=empty
l'	le	DETdef	MORPH=empty
an	on	PROind	MORPH=empty
an	en2	PROadv	MORPH=empty
servi	servir	VERcjg	MORPH=empty
.	.	PONfrt	MORPH=empty
S'	si	ADVgen	MORPH=empty
an	en2	PROadv	MORPH=empty
ai	avoir	VERcjg	MORPH=empty
puis	puis	ADVgen	MORPH=empty
eü	avoir	VERppe	MORPH=empty
si	si	ADVgen	MORPH=empty
grant	grant	ADJqua	MORPH=empty
duel	duel	NOMcom	MORPH=empty
que	que4	CONsub	MORPH=empty
morz	morir	VERppe	MORPH=empty
eüsse	avoir	VERcjg	MORPH=empty
esté	estre1	VERppe	MORPH=empty
,	,	PONfbl	MORPH=empty
mon	mon1	DETpos	MORPH=empty
vuel	vuel	NOMcom	MORPH=empty
,	,	PONfbl	MORPH=empty
et	et	CONcoo	MORPH=empty
Damedeu	Damnedeu	NOMpro	MORPH=empty
an	en2	PROadv	MORPH=empty
obliai	oblïer	VERcjg	MORPH=empty
,	,	PONfbl	MORPH=empty
qu'	que4	CONsub	MORPH=empty
ainz	ainc	ADVgen	MORPH=empty
puis	puis	ADVgen	MORPH=empty
merci	merci	NOMcom	MORPH=empty
ne	ne1	ADVneg	MORPH=empty
li	il	PROper	MORPH=empty
criai	crïer2	VERcjg	MORPH=empty
ne	ne2	CONcoo	MORPH=empty
ne	ne1	ADVneg	MORPH=empty
fis	faire	VERcjg	MORPH=empty
rien	rien	PROind	MORPH=empty
que	que2	PROrel	MORPH=empty
ge	je	PROper	MORPH=empty
seüsse	savoir	VERcjg	MORPH=empty
par	par	PRE	MORPH=empty
coi	coi2	PROrel	MORPH=empty
merci	merci	NOMcom	MORPH=empty
avoir	avoir	VERinf	MORPH=empty
deüsse	devoir	VERcjg	MORPH=empty
.	.	PONfrt	MORPH=empty
Ha	ha	INJ	MORPH=empty
!	!	PONfrt	MORPH=empty
biax	bel1	ADJqua	MORPH=empty
amis	ami	NOMcom	MORPH=empty
,	,	PONfbl	MORPH=empty
fet	faire	VERcjg	MORPH=empty
li	le	DETdef	MORPH=empty
prodon	pro	NOMcom	MORPH=empty
,	,	PONfbl	MORPH=empty
or	or4	ADVgen	MORPH=empty
me	je	PROper	MORPH=empty
di	dire	VERcjg	MORPH=empty
comant	coment1	ADVsub	MORPH=empty
tu	tu	PROper	MORPH=empty
as	avoir	VERcjg	MORPH=empty
non	nom	NOMcom	MORPH=empty
.	.	PONfrt	MORPH=empty
"	"	PONpxx	MORPH=empty
Et	et	CONcoo	MORPH=empty
il	il	PROper	MORPH=empty
li	il	PROper	MORPH=empty
dist	dire	VERcjg	MORPH=empty
:	:	PONfbl	MORPH=empty
"	"	PONpxx	MORPH=empty
Percevax	Perceval	NOMpro	MORPH=empty
,	,	PONfbl	MORPH=empty
sire	seignor	NOMcom	MORPH=empty
.	.	PONfrt	MORPH=empty
"	"	PONpxx	MORPH=empty
A	a3	PRE	MORPH=empty
cest	cest	DETdem	MORPH=empty
mot	mot	NOMcom	MORPH=empty
li	le	DETdef	MORPH=empty
prodon	pro	NOMcom	MORPH=empty
sopire	sospirer	VERcjg	MORPH=empty
,	,	PONfbl	MORPH=empty
qui	qui	PROrel	MORPH=empty
son	son4	DETpos	MORPH=empty
non	nom	NOMcom	MORPH=empty
a	avoir	VERcjg	MORPH=empty
reconeü	reconoistre	VERppe	MORPH=empty
,	,	PONfbl	MORPH=empty
et	et	CONcoo	MORPH=empty
dit	dire	VERcjg	MORPH=empty
:	:	PONfbl	MORPH=empty
"	"	PONpxx	MORPH=empty
Frere	frere	NOMcom	MORPH=empty
,	,	PONfbl	MORPH=empty
mout	mout	ADVgen	MORPH=empty
t'	tu	PROper	MORPH=empty
a	avoir	VERcjg	MORPH=empty
neü	nuire	VERppe	MORPH=empty
uns	un	DETndf	MORPH=empty
pechiez	pechié	NOMcom	MORPH=empty
don	dont	PROrel	MORPH=empty
tu	tu	PROper	MORPH=empty
ne	ne1	ADVneg	MORPH=empty
sez	savoir	VERcjg	MORPH=empty
mot	mot	NOMcom	MORPH=empty
,	,	PONfbl	MORPH=empty
ce	ce1	PROdem	MORPH=empty
est	estre1	VERcjg	MORPH=empty
li	le	DETdef	MORPH=empty
diax	duel	NOMcom	MORPH=empty
que	que2	PROrel	MORPH=empty
ta	ton4	DETpos	MORPH=empty
mere	mere	NOMcom	MORPH=empty
ot	avoir	VERcjg	MORPH=empty
de	de	PRE	MORPH=empty
toi	tu	PROper	MORPH=empty
quant	cant1	CONsub	MORPH=empty
tu	tu	PROper	MORPH=empty
partis	partir	VERcjg	MORPH=empty
de	de	PRE	MORPH=empty
li	il	PROper	MORPH=empty
,	,	PONfbl	MORPH=empty
que	que4	CONsub	MORPH=empty
pasmee	pasmer	VERppe	MORPH=empty
a	a3	PRE	MORPH=empty
terre	terre	NOMcom	MORPH=empty
cheï	chëoir	VERcjg	MORPH=empty
au	a3+le	PRE.DETdef	MORPH=empty
chief	chief1	NOMcom	MORPH=empty
del	de+le	PRE.DETdef	MORPH=empty
pont	pont	NOMcom	MORPH=empty
,	,	PONfbl	MORPH=empty
delez	dalez	PRE	MORPH=empty
la	le	DETdef	MORPH=empty
porte	porte1	NOMcom	MORPH=empty
,	,	PONfbl	MORPH=empty
et	et	CONcoo	MORPH=empty
de	de	PRE	MORPH=empty
ce	ce2	DETdem	MORPH=empty
duel	duel	NOMcom	MORPH=empty
fu	estre1	VERcjg	MORPH=empty
ele	il	PROper	MORPH=empty
morte	morir	VERppe	MORPH=empty
.	.	PONfrt	MORPH=empty
Por	por2	PRE	MORPH=empty
le	le	DETdef	MORPH=empty
pechié	pechié	NOMcom	MORPH=empty
que	que2	PROrel	MORPH=empty
tu	tu	PROper	MORPH=empty
en	en2	PROadv	MORPH=empty
as	avoir	VERcjg	MORPH=empty
avint	avenant	VERcjg	MORPH=empty
que	que4	CONsub	MORPH=empty
tu	tu	PROper	MORPH=empty
ne	ne1	ADVneg	MORPH=empty
demandas	demander	VERcjg	MORPH=empty
de	de	PRE	MORPH=empty
la	le	DETdef	MORPH=empty
lance	lance	NOMcom	MORPH=empty
ne	ne2	CONcoo	MORPH=empty
del	de+le	PRE.DETdef	MORPH=empty
graal	gräal	NOMcom	MORPH=empty
,	,	PONfbl	MORPH=empty
si	si	ADVgen	MORPH=empty
t'	tu	PROper	MORPH=empty
an	en2	PROadv	MORPH=empty
sont	estre1	VERcjg	MORPH=empty
avenu	avenant	VERppe	MORPH=empty
li	le	DETdef	MORPH=empty
mal	mal1	NOMcom	MORPH=empty
.	.	PONfrt	MORPH=empty
Et	et	CONcoo	MORPH=empty
n'	ne1	ADVneg	MORPH=empty
eüsses	avoir	VERcjg	MORPH=empty
pas	pas	ADVneg	MORPH=empty
tant	tant	ADVgen	MORPH=empty
duré	durer	VERppe	MORPH=empty
,	,	PONfbl	MORPH=empty
s'	se	CONsub	MORPH=empty
ele	il	PROper	MORPH=empty
ne	ne1	ADVneg	MORPH=empty
t'	tu	PROper	MORPH=empty
eüst	avoir	VERcjg	MORPH=empty
comandé	comander	VERppe	MORPH=empty
a	a3	PRE	MORPH=empty
Damedeu	Damnedeu	NOMpro	MORPH=empty
,	,	PONfbl	MORPH=empty
ce	ce1	PROdem	MORPH=empty
saches	savoir	VERcjg	MORPH=empty
tu	tu	PROper	MORPH=empty
.	.	PONfrt	MORPH=empty
Mes	mais1	CONcoo	MORPH=empty
sa	son4	DETpos	MORPH=empty
parole	parole	NOMcom	MORPH=empty
ot	avoir	VERcjg	MORPH=empty
tel	tel	DETind	MORPH=empty
vertu	vertu	NOMcom	MORPH=empty
que	que4	CONsub	MORPH=empty
Dex	Dieu	NOMpro	MORPH=empty
por	por2	PRE	MORPH=empty
li	il	PROper	MORPH=empty
t'	tu	PROper	MORPH=empty
a	avoir	VERcjg	MORPH=empty
regardé	regarder	VERppe	MORPH=empty
de	de	PRE	MORPH=empty
mort	mort	NOMcom	MORPH=empty
et	et	CONcoo	MORPH=empty
de	de	PRE	MORPH=empty
prison	prison	NOMcom	MORPH=empty
gité	jeter	VERppe	MORPH=empty
.	.	PONfrt	MORPH=empty
Pechiez	pechié	NOMcom	MORPH=empty
la	le	DETdef	MORPH=empty
lengue	langue1	NOMcom	MORPH=empty
te	tu	PROper	MORPH=empty
trancha	trenchier1	VERcjg	MORPH=empty
,	,	PONfbl	MORPH=empty
qant	cant1	CONsub	MORPH=empty
le	le	DETdef	MORPH=empty
fer	fer	NOMcom	MORPH=empty
qui	qui	PROrel	MORPH=empty
ainz	ainc	ADVgen	MORPH=empty
n'	ne1	ADVneg	MORPH=empty
estancha	estanchier	VERcjg	MORPH=empty
devant	devant	PRE	MORPH=empty
toi	tu	PROper	MORPH=empty
trespasser	trespasser	VERinf	MORPH=empty
veïs	vëoir	VERcjg	MORPH=empty
et	et	CONcoo	MORPH=empty
la	le	DETdef	MORPH=empty
reison	raison	NOMcom	MORPH=empty
n'	ne1	ADVneg	MORPH=empty
an	en2	PROadv	MORPH=empty
anqueïs	enquerre	VERcjg	MORPH=empty
.	.	PONfrt	MORPH=empty
Qant	cant1	CONsub	MORPH=empty
tu	tu	PROper	MORPH=empty
del	de+le	PRE.DETdef	MORPH=empty
graal	gräal	NOMcom	MORPH=empty
ne	ne1	ADVneg	MORPH=empty
seüs	savoir	VERcjg	MORPH=empty
cui	cui	PROrel	MORPH=empty
l'	le	DETdef	MORPH=empty
an	on	PROind	MORPH=empty
an	en2	PROadv	MORPH=empty
sert	servir	VERcjg	MORPH=empty
,	,	PONfbl	MORPH=empty
fol	fol3	ADJqua	MORPH=empty
san	sen2	NOMcom	MORPH=empty
eüs	avoir	VERcjg	MORPH=empty
.	.	PONfrt	MORPH=empty
Cil	cel	PROdem	MORPH=empty
cui	cui	PROrel	MORPH=empty
l'	le	DETdef	MORPH=empty
an	on	PROind	MORPH=empty
an	en2	PROadv	MORPH=empty
sert	servir	VERcjg	MORPH=empty
fu	estre1	VERcjg	MORPH=empty
mes	mon1	DETpos	MORPH=empty
frere	frere	NOMcom	MORPH=empty
;	;	PONfbl	MORPH=empty
Ma	mon1	DETpos	MORPH=empty
suer	seror	NOMcom	MORPH=empty
et	et	CONcoo	MORPH=empty
soe	suen	ADJpos	MORPH=empty
fu	estre1	VERcjg	MORPH=empty
ta	ton4	DETpos	MORPH=empty
mere	mere	NOMcom	MORPH=empty
;	;	PONfbl	MORPH=empty
et	et	CONcoo	MORPH=empty
del	de+le	PRE.DETdef	MORPH=empty
Riche	riche	ADJqua	MORPH=empty
Pescheor	peschëor	NOMcom	MORPH=empty
Roi	roi2	NOMcom	MORPH=empty
,	,	PONfbl	MORPH=empty
que	que2	PROrel	MORPH=empty
filz	fil2	NOMcom	MORPH=empty
est	estre1	VERcjg	MORPH=empty
a	a3	PRE	MORPH=empty
celui	cel	PROdem	MORPH=empty
ce	ce1	PROdem	MORPH=empty
croi	croire	VERcjg	MORPH=empty
qui	qui	PROrel	MORPH=empty
del	de+le	PRE.DETdef	MORPH=empty
graal	gräal	NOMcom	MORPH=empty
servir	servir	VERinf	MORPH=empty
se	soi1	PROper	MORPH=empty
fait	faire	VERcjg	MORPH=empty
.	.	PONfrt	MORPH=empty
Et	et	CONcoo	MORPH=empty
ne	ne1	ADVneg	MORPH=empty
cuidiez	cuidier1	VERcjg	MORPH=empty
pas	pas	ADVneg	MORPH=empty
que	que4	CONsub	MORPH=empty
il	il	PROper	MORPH=empty
ait	avoir	VERcjg	MORPH=empty
luz	luz	NOMcom	MORPH=empty
ne	ne2	CONcoo	MORPH=empty
lanproies	lamproie	NOMcom	MORPH=empty
ne	ne2	CONcoo	MORPH=empty
saumons	saumon	NOMcom	MORPH=empty
:	:	PONfbl	MORPH=empty
d'	de	PRE	MORPH=empty
une	un	DETndf	MORPH=empty
seule	sol1	ADJqua	MORPH=empty
oiste	oiste	NOMcom	MORPH=empty
,	,	PONfbl	MORPH=empty
ce	ce1	PROdem	MORPH=empty
savons	savoir	VERcjg	MORPH=empty
,	,	PONfbl	MORPH=empty
que	que2	PROrel	MORPH=empty
l'	le	DETdef	MORPH=empty
an	on	PROind	MORPH=empty
an	en1	PRE	MORPH=empty
ce	ce2	DETdem	MORPH=empty
graal	gräal	NOMcom	MORPH=empty
aporte	aporter	VERcjg	MORPH=empty
,	,	PONfbl	MORPH=empty
sa	son4	DETpos	MORPH=empty
vie	vie1	NOMcom	MORPH=empty
sostient	sostenir	VERcjg	MORPH=empty
et	et	CONcoo	MORPH=empty
conforte	conforter	VERcjg	MORPH=empty
,	,	PONfbl	MORPH=empty
tant	tant	ADVgen	MORPH=empty
sainte	saint	ADJqua	MORPH=empty
chose	chose	NOMcom	MORPH=empty
est	estre1	VERcjg	MORPH=empty
li	le	DETdef	MORPH=empty
graax	gräal	NOMcom	MORPH=empty
;	;	PONfbl	MORPH=empty
et	et	CONcoo	MORPH=empty
tant	tant	ADVgen	MORPH=empty
par	par2	ADVgen	MORPH=empty
est	estre1	VERcjg	MORPH=empty
esperitax	esperital	ADJqua	MORPH=empty
que	que4	CONsub	MORPH=empty
sa	son4	DETpos	MORPH=empty
vie	vie1	NOMcom	MORPH=empty
plus	plus	ADVgen	MORPH=empty
ne	ne1	ADVneg	MORPH=empty
sostient	sostenir	VERcjg	MORPH=empty
que	que1	CONsub	MORPH=empty
l'	le	DETdef	MORPH=empty
oiste	oiste	NOMcom	MORPH=empty
qui	qui	PROrel	MORPH=empty
el	en1+le	PRE.DETdef	MORPH=empty
graal	gräal	NOMcom	MORPH=empty
vient	venir	VERcjg	MORPH=empty
.	.	PONfrt	MORPH=empty
XV	15	DETcar	MORPH=empty
anz	an	NOMcom	MORPH=empty
a	avoir	VERcjg	MORPH=empty
ja	ja	ADVgen	MORPH=empty
esté	estre1	VERppe	MORPH=empty
ensi	ainsi	ADVgen	MORPH=empty
,	,	PONfbl	MORPH=empty
que	que4	CONsub	MORPH=empty
hors	hors	ADVgen	MORPH=empty
de	de	PRE	MORPH=empty
la	le	DETdef	MORPH=empty
chanbre	chambre1	NOMcom	MORPH=empty
n'	ne1	ADVneg	MORPH=empty
issi	issir	VERcjg	MORPH=empty
ou	où	PROrel	MORPH=empty
le	le	DETdef	MORPH=empty
graal	gräal	NOMcom	MORPH=empty
veïs	vëoir	VERcjg	MORPH=empty
antrer	entrer	VERinf	MORPH=empty
.	.	PONfrt	MORPH=empty
Or	or4	ADVgen	MORPH=empty
te	tu	PROper	MORPH=empty
voel	voloir	VERcjg	MORPH=empty
anjoindre	enjoindre	VERinf	MORPH=empty
et	et	CONcoo	MORPH=empty
doner	doner	VERinf	MORPH=empty
penitance	penitence	NOMcom	MORPH=empty
de	de	PRE	MORPH=empty
ce	ce2	DETdem	MORPH=empty
pechié	pechié	NOMcom	MORPH=empty
.	.	PONfrt	MORPH=empty
Biax	bel1	ADJqua	MORPH=empty
oncles	oncle	NOMcom	MORPH=empty
,	,	PONfbl	MORPH=empty
ensi	ainsi	ADVgen	MORPH=empty
l'	il	PROper	MORPH=empty
otroi	otroiier	VERcjg	MORPH=empty
gié	je	PROper	MORPH=empty
,	,	PONfbl	MORPH=empty
fet	faire	VERcjg	MORPH=empty
Percevax	Perceval	NOMpro	MORPH=empty
,	,	PONfbl	MORPH=empty
et	et	CONcoo	MORPH=empty
de	de	PRE	MORPH=empty
boen	bon	ADJqua	MORPH=empty
cuer	cuer2	NOMcom	MORPH=empty
.	.	PONfrt	MORPH=empty
Qant	cant1	CONsub	MORPH=empty
ma	mon1	DETpos	MORPH=empty
mere	mere	NOMcom	MORPH=empty
fu	estre1	VERcjg	MORPH=empty
vostre	vostre	DETpos	MORPH=empty
suer	seror	NOMcom	MORPH=empty
,	,	PONfbl	MORPH=empty
bien	bien1	ADVgen	MORPH=empty
me	je	PROper	MORPH=empty
devez	devoir	VERcjg	MORPH=empty
neveu	nevo	NOMcom	MORPH=empty
clamer	clamer	VERinf	MORPH=empty
,	,	PONfbl	MORPH=empty
et	et	CONcoo	MORPH=empty
je	je	PROper	MORPH=empty
vos	vos	PROper	MORPH=empty
oncle	oncle	NOMcom	MORPH=empty
,	,	PONfbl	MORPH=empty
et	et	CONcoo	MORPH=empty
mialz	mieus	ADVgen	MORPH=empty
amer	amer1	VERinf	MORPH=empty
.	.	PONfrt	MORPH=empty
Voirs	voir	ADJqua	MORPH=empty
est	estre1	VERcjg	MORPH=empty
,	,	PONfbl	MORPH=empty
biax	bel1	ADJqua	MORPH=empty
niés	nevo	NOMcom	MORPH=empty
.	.	PONfrt	MORPH=empty
Or	or4	ADVgen	MORPH=empty
te	tu	PROper	MORPH=empty
repant	repentir	VERcjg	MORPH=empty
!	!	PONfrt	MORPH=empty
Qant	cant1	CONsub	MORPH=empty
de	de	PRE	MORPH=empty
t'	ton4	DETpos	MORPH=empty
ame	ame	NOMcom	MORPH=empty
pitiez	pitié	NOMcom	MORPH=empty
te	tu	PROper	MORPH=empty
prant	prendre	VERcjg	MORPH=empty
si	si	ADVgen	MORPH=empty
aies	avoir	VERcjg	MORPH=empty
an	en1	PRE	MORPH=empty
toi	tu	PROper	MORPH=empty
repantance	repentance	NOMcom	MORPH=empty
et	et	CONcoo	MORPH=empty
si	si	ADVgen	MORPH=empty
voises	aler	VERcjg	MORPH=empty
an	en1	PRE	MORPH=empty
penitance	penitence	NOMcom	MORPH=empty
au	a3+le	PRE.DETdef	MORPH=empty
mostier	mostier	NOMcom	MORPH=empty
einz	ainz	ADVgen	MORPH=empty
qu'	que4	CONsub	MORPH=empty
an	en1	PRE	MORPH=empty
autre	autre	DETind	MORPH=empty
leu	lieu	NOMcom	MORPH=empty
chascun	chascun	DETind	MORPH=empty
jor	jor	NOMcom	MORPH=empty
,	,	PONfbl	MORPH=empty
si	si	ADVgen	MORPH=empty
i	i2	PROadv	MORPH=empty
avras	avoir	VERcjg	MORPH=empty
preu	pro	NOMcom	MORPH=empty
,	,	PONfbl	MORPH=empty
Et	et	CONcoo	MORPH=empty
si	si	ADVgen	MORPH=empty
ne	ne1	ADVneg	MORPH=empty
leisse	laissier	VERcjg	MORPH=empty
por	por2	PRE	MORPH=empty
nul	nul	DETind	MORPH=empty
plait	plait	NOMcom	MORPH=empty
.	.	PONfrt	MORPH=empty
Se	se	CONsub	MORPH=empty
tu	tu	PROper	MORPH=empty
es	estre1	VERcjg	MORPH=empty
an	en1	PRE	MORPH=empty
leu	lieu	NOMcom	MORPH=empty
ou	où	PROrel	MORPH=empty
il	il	PROimp	MORPH=empty
ait	avoir	VERcjg	MORPH=empty
mostier	mostier	NOMcom	MORPH=empty
,	,	PONfbl	MORPH=empty
chapele	chapele	NOMcom	MORPH=empty
ne	ne2	CONcoo	MORPH=empty
barroche	paroisse	NOMcom	MORPH=empty
,	,	PONfbl	MORPH=empty
va	aler	VERcjg	MORPH=empty
la	là	ADVgen	MORPH=empty
quant	cant1	CONsub	MORPH=empty
sonera	soner	VERcjg	MORPH=empty
la	le	DETdef	MORPH=empty
cloche	cloche1	NOMcom	MORPH=empty
ou	o3	CONcoo	MORPH=empty
einçois	ainçois	ADVgen	MORPH=empty
,	,	PONfbl	MORPH=empty
se	se	CONsub	MORPH=empty
tu	tu	PROper	MORPH=empty
es	estre1	VERcjg	MORPH=empty
levez	lever	VERppe	MORPH=empty
.	.	PONfrt	MORPH=empty
Ja	ja	ADVgen	MORPH=empty
de	de	PRE	MORPH=empty
ce	ce1	PROdem	MORPH=empty
ne	ne1	ADVneg	MORPH=empty
seras	estre1	VERcjg	MORPH=empty
grevez	grever	VERppe	MORPH=empty
,	,	PONfbl	MORPH=empty
einz	ainz	ADVgen	MORPH=empty
an	en2	PROadv	MORPH=empty
sera	estre1	VERcjg	MORPH=empty
t'	ton4	DETpos	MORPH=empty
ame	ame	NOMcom	MORPH=empty
avanciee	avancier	VERppe	MORPH=empty
.	.	PONfrt	MORPH=empty
Et	et	CONcoo	MORPH=empty
se	se	CONsub	MORPH=empty
la	le	DETdef	MORPH=empty
messe	messe	NOMcom	MORPH=empty
est	estre1	VERcjg	MORPH=empty
comanciee	comencier	VERppe	MORPH=empty
,	,	PONfbl	MORPH=empty
tant	tant	ADVgen	MORPH=empty
i	i2	PROadv	MORPH=empty
fera	faire	VERcjg	MORPH=empty
il	il	PROimp	MORPH=empty
meillor	meillor	ADJqua	MORPH=empty
estre	estre1	VERinf	MORPH=empty
;	;	PONfbl	MORPH=empty
tant	tant	ADVgen	MORPH=empty
i	i2	PROadv	MORPH=empty
demore	demorer	VERcjg	MORPH=empty
que	que4	CONsub	MORPH=empty
li	le	DETdef	MORPH=empty
prestre	prestre	NOMcom	MORPH=empty
avra	avoir	VERcjg	MORPH=empty
tot	tot	ADVgen	MORPH=empty
dit	dire	VERppe	MORPH=empty
et	et	CONcoo	MORPH=empty
tot	tot	PROind	MORPH=empty
chanté	chanter	VERppe	MORPH=empty
.	.	PONfrt	MORPH=empty
Se	se	CONsub	MORPH=empty
il	il	PROper	MORPH=empty
te	tu	PROper	MORPH=empty
vient	venir	VERcjg	MORPH=empty
a	a3	PRE	MORPH=empty
volanté	volenté	NOMcom	MORPH=empty
,	,	PONfbl	MORPH=empty
ancor	encore	ADVgen	MORPH=empty
porras	pöoir	VERcjg	MORPH=empty
antrer	entrer	VERinf	MORPH=empty
an	en1	PRE	MORPH=empty
pris	pris1	NOMcom	MORPH=empty
et	et	CONcoo	MORPH=empty
avoir	avoir	VERinf	MORPH=empty
leu	lieu	NOMcom	MORPH=empty
an	en1	PRE	MORPH=empty
paradis	paradis	NOMcom	MORPH=empty
.	.	PONfrt	MORPH=empty
Deu	Dieu	NOMpro	MORPH=empty
croi	croire	VERcjg	MORPH=empty
,	,	PONfbl	MORPH=empty
Deu	Dieu	NOMpro	MORPH=empty
ainme	amer1	VERcjg	MORPH=empty
,	,	PONfbl	MORPH=empty
Deu	Dieu	NOMpro	MORPH=empty
aore	aorer2	VERcjg	MORPH=empty
,	,	PONfbl	MORPH=empty
prodome	pro	NOMcom	MORPH=empty
et	et	CONcoo	MORPH=empty
boene	bon	ADJqua	MORPH=empty
fame	feme	NOMcom	MORPH=empty
enore	onorer	VERcjg	MORPH=empty
.	.	PONfrt	MORPH=empty
Contre	contre	PRE	MORPH=empty
le	le	DETdef	MORPH=empty
provoire	provoire	NOMcom	MORPH=empty
te	tu	PROper	MORPH=empty
lieve	lever	VERcjg	MORPH=empty
,	,	PONfbl	MORPH=empty
c'	ce1	PROdem	MORPH=empty
est	estre1	VERcjg	MORPH=empty
uns	un	DETndf	MORPH=empty
servises	servise	NOMcom	MORPH=empty
qui	qui	PROrel	MORPH=empty
po	poi	ADVgen	MORPH=empty
grieve	grever	VERcjg	MORPH=empty
,	,	PONfbl	MORPH=empty
et	et	CONcoo	MORPH=empty
Dex	Dieu	NOMpro	MORPH=empty
l'	il	PROper	MORPH=empty
ainme	amer1	VERcjg	MORPH=empty
por	por2	PRE	MORPH=empty
verité	verité	NOMcom	MORPH=empty
,	,	PONfbl	MORPH=empty
por	por2	PRE	MORPH=empty
ce	ce1	PROdem	MORPH=empty
qu'	que4	CONsub	MORPH=empty
il	il	PROper	MORPH=empty
vient	venir	VERcjg	MORPH=empty
d'	de	PRE	MORPH=empty
umilité	umelité	NOMcom	MORPH=empty
.	.	PONfrt	MORPH=empty
Ce	ce1	PROdem	MORPH=empty
voel	voloir	VERcjg	MORPH=empty
que	que4	CONsub	MORPH=empty
por	por2	PRE	MORPH=empty
tes	ton4	DETpos	MORPH=empty
pechiez	pechié	NOMcom	MORPH=empty
faces	faire	VERcjg	MORPH=empty
,	,	PONfbl	MORPH=empty
se	se	CONsub	MORPH=empty
tu	tu	PROper	MORPH=empty
viax	voloir	VERcjg	MORPH=empty
avoir	avoir	VERinf	MORPH=empty
de	de	PRE	MORPH=empty
Deu	Dieu	NOMpro	MORPH=empty
graces	grace	NOMcom	MORPH=empty
ausi	aussi	ADVgen	MORPH=empty
con	come1	CONsub	MORPH=empty
tu	tu	PROper	MORPH=empty
avoir	avoir	VERinf	MORPH=empty
les	il	PROper	MORPH=empty
siax	soloir	VERcjg	MORPH=empty
.	.	PONfrt	MORPH=empty
Or	or4	ADVgen	MORPH=empty
me	je	PROper	MORPH=empty
di	dire	VERcjg	MORPH=empty
donc	donc	ADVgen	MORPH=empty
se	se	CONsub	MORPH=empty
tu	tu	PROper	MORPH=empty
le	il	PROper	MORPH=empty
viax	voloir	VERcjg	MORPH=empty
.	.	PONfrt	MORPH=empty
Oïl	öil	ADVgen	MORPH=empty
,	,	PONfbl	MORPH=empty
fet	faire	VERcjg	MORPH=empty
il	il	PROper	MORPH=empty
,	,	PONfbl	MORPH=empty
mout	mout	ADVgen	MORPH=empty
volantiers	volentiers	ADVgen	MORPH=empty
.	.	PONfrt	MORPH=empty
Or	or4	ADVgen	MORPH=empty
te	tu	PROper	MORPH=empty
pri	priier	VERcjg	MORPH=empty
que	que4	CONsub	MORPH=empty
.ii.	2	DETcar	MORPH=empty
jorz	jor	NOMcom	MORPH=empty
antiers	entier	ADJqua	MORPH=empty
avoec	avuec	PRE	MORPH=empty
moi	je	PROper	MORPH=empty
ici	ici	ADVgen	MORPH=empty
te	tu	PROper	MORPH=empty
remaignes	remanoir	VERcjg	MORPH=empty
et	et	CONcoo	MORPH=empty
que	que4	CONsub	MORPH=empty
an	en1	PRE	MORPH=empty
penitance	penitence	NOMcom	MORPH=empty
praignes	prendre	VERcjg	MORPH=empty
tel	tel	DETind	MORPH=empty
viande	vïande	NOMcom	MORPH=empty
come	come1	CONsub	MORPH=empty
la	le	DETdef	MORPH=empty
moie	mien	PROpos	MORPH=empty
.	.	PONfrt	MORPH=empty
"	"	PONpxx	MORPH=empty
Et	et	CONcoo	MORPH=empty
Percevax	Perceval	NOMpro	MORPH=empty
le	il	PROper	MORPH=empty
li	il	PROper	MORPH=empty
otroie	otroiier	VERcjg	MORPH=empty
,	,	PONfbl	MORPH=empty
et	et	CONcoo	MORPH=empty
li	le	DETdef	MORPH=empty
hermites	ermite	NOMcom	MORPH=empty
li	il	PROper	MORPH=empty
consoille	conseillier1	VERcjg	MORPH=empty
une	un	DETndf	MORPH=empty
orison	oraison	NOMcom	MORPH=empty
dedanz	dedenz	PRE	MORPH=empty
s'	son4	DETpos	MORPH=empty
oroille	oreille	NOMcom	MORPH=empty
et	et	CONcoo	MORPH=empty
li	il	PROper	MORPH=empty
ferma	fermer	VERcjg	MORPH=empty
tant	tant	ADVgen	MORPH=empty
qu'	que4	CONsub	MORPH=empty
il	il	PROper	MORPH=empty
la	il	PROper	MORPH=empty
sot	savoir	VERcjg	MORPH=empty
;	;	PONfbl	MORPH=empty
et	et	CONcoo	MORPH=empty
an	en1	PRE	MORPH=empty
cele	cel	DETdem	MORPH=empty
orison	oraison	NOMcom	MORPH=empty
si	si	ADVgen	MORPH=empty
ot	avoir	VERcjg	MORPH=empty
asez	assez	ADVgen	MORPH=empty
des	de+le	PRE.DETdef	MORPH=empty
nons	nom	NOMcom	MORPH=empty
Nostre	nostre	DETpos	MORPH=empty
Seignor	seignor	NOMcom	MORPH=empty
,	,	PONfbl	MORPH=empty
tuit	tot	DETind	MORPH=empty
li	le	DETdef	MORPH=empty
meillor	meillor	ADJqua	MORPH=empty
et	et	CONcoo	MORPH=empty
li	le	DETdef	MORPH=empty
greignor	grant	ADJqua	MORPH=empty
que	que2	PROrel	MORPH=empty
nomer	nomer	VERinf	MORPH=empty
ost	oser	VERcjg	MORPH=empty
ja	ja	ADVgen	MORPH=empty
boche	boche	NOMcom	MORPH=empty
d'	de	PRE	MORPH=empty
ome	ome	NOMcom	MORPH=empty
,	,	PONfbl	MORPH=empty
se	se	CONsub	MORPH=empty
por	por2	PRE	MORPH=empty
peor	pëor	NOMcom	MORPH=empty
de	de	PRE	MORPH=empty
mort	mort	NOMcom	MORPH=empty
nes	ne1+il	ADVneg.PROper	MORPH=empty
nome	nomer	VERcjg	MORPH=empty
.	.	PONfrt	MORPH=empty
Qant	cant1	CONsub	MORPH=empty
l'	le	DETdef	MORPH=empty
orison	oraison	NOMcom	MORPH=empty
li	il	PROper	MORPH=empty
ot	avoir	VERcjg	MORPH=empty
aprise	aprendre	VERppe	MORPH=empty
,	,	PONfbl	MORPH=empty
desfandi	defendre	VERcjg	MORPH=empty
li	il	PROper	MORPH=empty
qu'	que4	CONsub	MORPH=empty
an	en1	PRE	MORPH=empty
nule	nul	DETind	MORPH=empty
guise	guise	NOMcom	MORPH=empty
ne	ne1	ADVneg	MORPH=empty
la	il	PROper	MORPH=empty
deïst	dire	VERcjg	MORPH=empty
sanz	sans	PRE	MORPH=empty
grant	grant	ADJqua	MORPH=empty
peril	peril	NOMcom	MORPH=empty
.	.	PONfrt	MORPH=empty
"	"	PONpxx	MORPH=empty
Non	non	ADVneg	MORPH=empty
ferai	faire	VERcjg	MORPH=empty
ge	je	PROper	MORPH=empty
,	,	PONfbl	MORPH=empty
sire	seignor	NOMcom	MORPH=empty
"	"	PONpxx	MORPH=empty
,	,	PONfbl	MORPH=empty
fet	faire	VERcjg	MORPH=empty
il	il	PROper	MORPH=empty
.	.	PONfrt	MORPH=empty
Ensi	ainsi	ADVgen	MORPH=empty
remest	remanoir	VERcjg	MORPH=empty
et	et	CONcoo	MORPH=empty
si	si	ADVgen	MORPH=empty
oï	öir	VERcjg	MORPH=empty
le	le	DETdef	MORPH=empty
servise	servise	NOMcom	MORPH=empty
et	et	CONcoo	MORPH=empty
mout	mout	ADVgen	MORPH=empty
s'	soi1	PROper	MORPH=empty
esjoï	esjöir	VERcjg	MORPH=empty
.	.	PONfrt	MORPH=empty
Aprés	après	PRE	MORPH=empty
le	le	DETdef	MORPH=empty
servise	servise	NOMcom	MORPH=empty
aora	aorer2	VERcjg	MORPH=empty
la	le	DETdef	MORPH=empty
croiz	croiz	NOMcom	MORPH=empty
et	et	CONcoo	MORPH=empty
ses	son4	DETpos	MORPH=empty
pechiez	pechié	NOMcom	MORPH=empty
plora	plorer	VERcjg	MORPH=empty
et	et	CONcoo	MORPH=empty
se	soi1	PROper	MORPH=empty
repanti	repentir	VERcjg	MORPH=empty
humblemant	umblement	ADVgen	MORPH=empty
;	;	PONfbl	MORPH=empty
et	et	CONcoo	MORPH=empty
fu	estre1	VERcjg	MORPH=empty
ensi	ainsi	ADVgen	MORPH=empty
mout	mout	ADVgen	MORPH=empty
longuemant	longement2	ADVgen	MORPH=empty
.	.	PONfrt	MORPH=empty
Et	et	CONcoo	MORPH=empty
cele	cel	DETdem	MORPH=empty
nuit	nuit	NOMcom	MORPH=empty
a	a3	PRE	MORPH=empty
mangier	mangier	VERinf	MORPH=empty
ot	avoir	VERcjg	MORPH=empty
ice	ice1	PROdem	MORPH=empty
que	que2	PROrel	MORPH=empty
a	a3	PRE	MORPH=empty
l'	le	DETdef	MORPH=empty
ermite	ermite	NOMcom	MORPH=empty
plot	plaire	VERcjg	MORPH=empty
;	;	PONfbl	MORPH=empty
et	et	CONcoo	MORPH=empty
ses	son4	DETpos	MORPH=empty
chevax	cheval	NOMcom	MORPH=empty
ot	avoir	VERcjg	MORPH=empty
de	de	PRE	MORPH=empty
l'	le	DETdef	MORPH=empty
estrain	estraim	NOMcom	MORPH=empty
et	et	CONcoo	MORPH=empty
de	de	PRE	MORPH=empty
l'	le	DETdef	MORPH=empty
orge	orge	NOMcom	MORPH=empty
.i.	un	DETndf	MORPH=empty
bacin	bacin	NOMcom	MORPH=empty
tot	tot	ADVgen	MORPH=empty
plain	plein	ADJqua	MORPH=empty
,	,	PONfbl	MORPH=empty
et	et	CONcoo	MORPH=empty
estable	estable2	NOMcom	MORPH=empty
tel	tel	ADJind	MORPH=empty
con	come1	CONsub	MORPH=empty
il	il	PROper	MORPH=empty
dut	devoir	VERcjg	MORPH=empty
,	,	PONfbl	MORPH=empty
conreez	conrëer	VERppe	MORPH=empty
fu	estre1	VERcjg	MORPH=empty
si	si	ADVgen	MORPH=empty
com	come1	CONsub	MORPH=empty
estut	estovoir1	VERcjg	MORPH=empty
.	.	PONfrt	MORPH=empty
Ensi	ainsi	ADVgen	MORPH=empty
Percevax	Perceval	NOMpro	MORPH=empty
reconut	reconoistre	VERcjg	MORPH=empty
que	que4	CONsub	MORPH=empty
Dex	Dieu	NOMpro	MORPH=empty
au	a3+le	PRE.DETdef	MORPH=empty
vanredi	vendredi	NOMcom	MORPH=empty
reçut	recevoir	VERcjg	MORPH=empty
mort	mort	NOMcom	MORPH=empty
et	et	CONcoo	MORPH=empty
si	si	ADVgen	MORPH=empty
fu	estre1	VERcjg	MORPH=empty
crocefiez	crucefiier	VERppe	MORPH=empty
.	.	PONfrt	MORPH=empty
A	a3	PRE	MORPH=empty
la	le	DETdef	MORPH=empty
Pasque	Pasque	NOMpro	MORPH=empty
comeniez	comuniier	VERppe	MORPH=empty
fu	estre1	VERcjg	MORPH=empty
Percevax	Perceval	NOMpro	MORPH=empty
mout	mout	ADVgen	MORPH=empty
sinplemant	simplement	ADVgen	MORPH=empty
.	.	PONfrt	MORPH=empty
De	de	PRE	MORPH=empty
Perceval	Perceval	NOMpro	MORPH=empty
plus	plus	ADVgen	MORPH=empty
longuemant	longement2	ADVgen	MORPH=empty
ne	ne1	ADVneg	MORPH=empty
parole	parler	VERcjg	MORPH=empty
li	le	DETdef	MORPH=empty
contes	conte2	NOMcom	MORPH=empty
ci	ci	ADVgen	MORPH=empty
,	,	PONfbl	MORPH=empty
einçois	ainçois	ADVgen	MORPH=empty
avroiz	avoir	VERcjg	MORPH=empty
asez	assez	ADVgen	MORPH=empty
oï	öir	VERppe	MORPH=empty
de	de	PRE	MORPH=empty
monseignor	seignor	NOMcom	MORPH=empty
Gauvain	Gauvain	NOMpro	MORPH=empty
parler	parler	VERinf	MORPH=empty
que	que4	CONsub	MORPH=empty
plus	plus	ADVgen	MORPH=empty
m'	je	PROper	MORPH=empty
oiez	öir	VERcjg	MORPH=empty
de	de	PRE	MORPH=empty
lui	il	PROper	MORPH=empty
conter	conter	VERinf	MORPH=empty
.	.	PONfrt	MORPH=empty
Messire	seignor	NOMcom	MORPH=empty
Gauvains	Gauvain	NOMpro	MORPH=empty
tant	tant	ADVgen	MORPH=empty
ala	aler	VERcjg	MORPH=empty
,	,	PONfbl	MORPH=empty
puis	puis	ADVgen	MORPH=empty
que	que4	CONsub	MORPH=empty
de	de	PRE	MORPH=empty
prison	prison	NOMcom	MORPH=empty
eschapa	eschaper	VERcjg	MORPH=empty
ou	où	PROrel	MORPH=empty
la	le	DETdef	MORPH=empty
comune	comune	NOMcom	MORPH=empty
l'	il	PROper	MORPH=empty
asailli	assalir	VERcjg	MORPH=empty
,	,	PONfbl	MORPH=empty
que	que4	CONsub	MORPH=empty
antre	entre	PRE	MORPH=empty
tierce	tierce	NOMcom	MORPH=empty
et	et	CONcoo	MORPH=empty
le	le	DETdef	MORPH=empty
midi	midi	NOMcom	MORPH=empty
vint	venir	VERcjg	MORPH=empty
vers	vers2	PRE	MORPH=empty
une	un	DETndf	MORPH=empty
angarde	angarde	NOMcom	MORPH=empty
avalant	avaler	VERppa	MORPH=empty
,	,	PONfbl	MORPH=empty
et	et	CONcoo	MORPH=empty
vit	vëoir	VERcjg	MORPH=empty
.i.	un	DETndf	MORPH=empty
chasne	chaisne	NOMcom	MORPH=empty
haut	haut	ADJqua	MORPH=empty
et	et	CONcoo	MORPH=empty
grant	grant	ADJqua	MORPH=empty
,	,	PONfbl	MORPH=empty
et	et	CONcoo	MORPH=empty
une	un	DETndf	MORPH=empty
lance	lance	NOMcom	MORPH=empty
tote	tot	ADVgen	MORPH=empty
droite	droit	ADJqua	MORPH=empty
.	.	PONfrt	MORPH=empty
D'	de	PRE	MORPH=empty
aler	aler	VERinf	MORPH=empty
vers	vers2	PRE	MORPH=empty
le	le	DETdef	MORPH=empty
chasne	chaisne	NOMcom	MORPH=empty
s'	soi1	PROper	MORPH=empty
esploite	esploitier	VERcjg	MORPH=empty
,	,	PONfbl	MORPH=empty
et	et	CONcoo	MORPH=empty
de	de	PRE	MORPH=empty
delez	dalez	PRE	MORPH=empty
le	le	DETdef	MORPH=empty
chasne	chaisne	NOMcom	MORPH=empty
vit	vëoir	VERcjg	MORPH=empty
.i.	un	DETndf	MORPH=empty
palefroi	palefroi	NOMcom	MORPH=empty
norrois	norois	ADJqua	MORPH=empty
petit	petit	ADJqua	MORPH=empty
;	;	PONfbl	MORPH=empty
si	si	ADVgen	MORPH=empty
li	il	PROper	MORPH=empty
vint	venir	VERcjg	MORPH=empty
mout	mout	ADVgen	MORPH=empty
a	a3	PRE	MORPH=empty
grant	grant	ADJqua	MORPH=empty
mervoille	merveille	NOMcom	MORPH=empty
,	,	PONfbl	MORPH=empty
que	que4	CONcoo	MORPH=empty
ce	ce1	PROdem	MORPH=empty
n'	ne1	ADVneg	MORPH=empty
estoit	estre1	VERcjg	MORPH=empty
chose	chose	NOMcom	MORPH=empty
paroille	pareil	ADJqua	MORPH=empty
escu	escu	NOMcom	MORPH=empty
et	et	CONcoo	MORPH=empty
armes	arme	NOMcom	MORPH=empty
,	,	PONfbl	MORPH=empty
ce	ce1	PROdem	MORPH=empty
li	il	PROper	MORPH=empty
sanble	sembler	VERcjg	MORPH=empty
,	,	PONfbl	MORPH=empty
et	et	CONcoo	MORPH=empty
petit	petit	ADJqua	MORPH=empty
palefroi	palefroi	NOMcom	MORPH=empty
ansanble	ensemble	ADVgen	MORPH=empty
.	.	PONfrt	MORPH=empty
Se	se	CONsub	MORPH=empty
li	le	DETdef	MORPH=empty
palefroiz	palefroi	NOMcom	MORPH=empty
fust	estre1	VERcjg	MORPH=empty
chevax	cheval	NOMcom	MORPH=empty
,	,	PONfbl	MORPH=empty
donc	donc	ADVgen	MORPH=empty
cuidast	cuidier1	VERcjg	MORPH=empty
il	il	PROper	MORPH=empty
qu'	que4	CONsub	MORPH=empty
aucuns	aucun	DETind	MORPH=empty
vasax	vassal	NOMcom	MORPH=empty
,	,	PONfbl	MORPH=empty
qui	qui	PROrel	MORPH=empty
por	por2	PRE	MORPH=empty
son	son4	DETpos	MORPH=empty
los	los1	NOMcom	MORPH=empty
ou	o3	CONcoo	MORPH=empty
por	por2	PRE	MORPH=empty
son	son4	DETpos	MORPH=empty
pris	pris1	NOMcom	MORPH=empty
alast	aler	VERcjg	MORPH=empty
errant	errer2	VERppa	MORPH=empty
par	par	PRE	MORPH=empty
le	le	DETdef	MORPH=empty
païs	päis	NOMcom	MORPH=empty
,	,	PONfbl	MORPH=empty
et	et	CONcoo	MORPH=empty
eüst	avoir	VERcjg	MORPH=empty
montee	monter	VERppe	MORPH=empty
l'	le	DETdef	MORPH=empty
angarde	angarde	NOMcom	MORPH=empty
.	.	PONfrt	MORPH=empty
Atant	atant	ADVgen	MORPH=empty
desoz	desoz	PRE	MORPH=empty
le	le	DETdef	MORPH=empty
chasne	chaisne	NOMcom	MORPH=empty
esgarde	esgarder	VERcjg	MORPH=empty
et	et	CONcoo	MORPH=empty
vit	vëoir	VERcjg	MORPH=empty
seoir	sëoir	VERinf	MORPH=empty
une	un	DETndf	MORPH=empty
pucele	pucele	NOMcom	MORPH=empty
,	,	PONfbl	MORPH=empty
qui	qui	PROrel	MORPH=empty
mout	mout	ADVgen	MORPH=empty
ert	estre1	VERcjg	MORPH=empty
avenanz	avenant	VERppa	MORPH=empty
et	et	CONcoo	MORPH=empty
bele	bel1	ADJqua	MORPH=empty
,	,	PONfbl	MORPH=empty
se	se	CONsub	MORPH=empty
ele	il	PROper	MORPH=empty
eüst	avoir	VERcjg	MORPH=empty
joie	joie	NOMcom	MORPH=empty
et	et	CONcoo	MORPH=empty
leesce	lëece	NOMcom	MORPH=empty
.	.	PONfrt	MORPH=empty
Mes	mais1	CONcoo	MORPH=empty
ele	il	PROper	MORPH=empty
ot	avoir	VERcjg	MORPH=empty
ses	son4	DETpos	MORPH=empty
doiz	doi	NOMcom	MORPH=empty
an	en1	PRE	MORPH=empty
sa	son4	DETpos	MORPH=empty
tresce	trece	NOMcom	MORPH=empty
fichiez	fichier	VERppe	MORPH=empty
por	por2	PRE	MORPH=empty
ses	son4	DETpos	MORPH=empty
chevox	chevel	NOMcom	MORPH=empty
detrere	detraire	VERinf	MORPH=empty
et	et	CONcoo	MORPH=empty
s'	soi1	PROper	MORPH=empty
esforçoit	esforcier2	VERcjg	MORPH=empty
mout	mout	ADVgen	MORPH=empty
de	de	PRE	MORPH=empty
duel	duel	NOMcom	MORPH=empty
fere	faire	VERinf	MORPH=empty
.	.	PONfrt	MORPH=empty
Por	por2	PRE	MORPH=empty
.i.	un	DETndf	MORPH=empty
chevalier	chevalier	NOMcom	MORPH=empty
duel	duel	NOMcom	MORPH=empty
feisoit	faire	VERcjg	MORPH=empty
que	que2	PROrel	MORPH=empty
ele	il	PROper	MORPH=empty
mout	mout	ADVgen	MORPH=empty
sovant	sovent	ADVgen	MORPH=empty
beisoit	baisier	VERcjg	MORPH=empty
,	,	PONfbl	MORPH=empty
les	le	DETdef	MORPH=empty
ialz	ueil	NOMcom	MORPH=empty
et	et	CONcoo	MORPH=empty
le	le	DETdef	MORPH=empty
front	front	NOMcom	MORPH=empty
et	et	CONcoo	MORPH=empty
la	le	DETdef	MORPH=empty
boche	boche	NOMcom	MORPH=empty
.	.	PONfrt	MORPH=empty
Qant	cant1	CONsub	MORPH=empty
messire	seignor	NOMcom	MORPH=empty
Gauvains	Gauvain	NOMpro	MORPH=empty
l'	il	PROper	MORPH=empty
aproche	aprochier	VERcjg	MORPH=empty
,	,	PONfbl	MORPH=empty
si	si	ADVgen	MORPH=empty
ne	ne1	ADVneg	MORPH=empty
set	savoir	VERcjg	MORPH=empty
s'	se	CONsub	MORPH=empty
il	il	PROper	MORPH=empty
est	estre1	VERcjg	MORPH=empty
morz	morir	VERppe	MORPH=empty
ou	o3	CONcoo	MORPH=empty
vis	vif	ADJqua	MORPH=empty
;	;	PONfbl	MORPH=empty
si	si	ADVgen	MORPH=empty
dist	dire	VERcjg	MORPH=empty
:	:	PONfbl	MORPH=empty
"	"	PONpxx	MORPH=empty
Pucele	pucele	NOMcom	MORPH=empty
,	,	PONfbl	MORPH=empty
est	estre1	VERcjg	MORPH=empty
vostre	vostre	DETpos	MORPH=empty
amis	ami	NOMcom	MORPH=empty
cil	cel	DETdem	MORPH=empty
chevaliers	chevalier	NOMcom	MORPH=empty
que	que2	PROrel	MORPH=empty
vos	vos	PROper	MORPH=empty
tenez	tenir1	VERcjg	MORPH=empty
?	?	PONfrt	MORPH=empty
Sire	seignor	NOMcom	MORPH=empty
,	,	PONfbl	MORPH=empty
fet	faire	VERcjg	MORPH=empty
el	il	PROper	MORPH=empty
,	,	PONfbl	MORPH=empty
veoir	vëoir	VERinf	MORPH=empty
poez	pöoir	VERcjg	MORPH=empty
qu'	que4	CONsub	MORPH=empty
an	en1	PRE	MORPH=empty
ses	son4	DETpos	MORPH=empty
plaies	plaie1	NOMcom	MORPH=empty
a	avoir	VERcjg	MORPH=empty
grant	grant	ADJqua	MORPH=empty
peril	peril	NOMcom	MORPH=empty
,	,	PONfbl	MORPH=empty
que	que4	CONcoo	MORPH=empty
de	de	PRE	MORPH=empty
la	le	DETdef	MORPH=empty
menor	petit	ADJqua	MORPH=empty
morroit	morir	VERcjg	MORPH=empty
il	il	PROper	MORPH=empty
.	.	PONfrt	MORPH=empty
"	"	PONpxx	MORPH=empty
Et	et	CONcoo	MORPH=empty
il	il	PROper	MORPH=empty
li	il	PROper	MORPH=empty
dit	dire	VERcjg	MORPH=empty
:	:	PONfbl	MORPH=empty
"	"	PONpxx	MORPH=empty
Ma	mon1	DETpos	MORPH=empty
dolce	douz	ADJqua	MORPH=empty
amie	ami	NOMcom	MORPH=empty
,	,	PONfbl	MORPH=empty
esvelliez	esveillier	VERppe	MORPH=empty
lo	il	PROper	MORPH=empty
,	,	PONfbl	MORPH=empty
nel	ne1+il	ADVneg.PROper	MORPH=empty
lessiez	laissier	VERcjg	MORPH=empty
mie	mie	ADVneg	MORPH=empty
,	,	PONfbl	MORPH=empty
que	que4	CONcoo	MORPH=empty
noveles	novele	NOMcom	MORPH=empty
li	il	PROper	MORPH=empty
vuel	voloir	VERcjg	MORPH=empty
anquerre	enquerre	VERinf	MORPH=empty
des	de+le	PRE.DETdef	MORPH=empty
afaires	afaire2	NOMcom	MORPH=empty
de	de	PRE	MORPH=empty
ceste	cest	DETdem	MORPH=empty
terre	terre	NOMcom	MORPH=empty
.	.	PONfrt	MORPH=empty
Sire	seignor	NOMcom	MORPH=empty
,	,	PONfbl	MORPH=empty
ge	je	PROper	MORPH=empty
ne	ne1	ADVneg	MORPH=empty
l'	il	PROper	MORPH=empty
esveilleroie	esveillier	VERcjg	MORPH=empty
,	,	PONfbl	MORPH=empty
fet	faire	VERcjg	MORPH=empty
la	le	DETdef	MORPH=empty
pucele	pucele	NOMcom	MORPH=empty
,	,	PONfbl	MORPH=empty
einz	ainz	ADVgen	MORPH=empty
me	je	PROper	MORPH=empty
leiroie	laiier2	VERcjg	MORPH=empty
trestote	trestot	ADVgen	MORPH=empty
vive	vif	ADJqua	MORPH=empty
depecier	depecier	VERinf	MORPH=empty
,	,	PONfbl	MORPH=empty
c'	que4	CONsub	MORPH=empty
onques	onque	ADVgen	MORPH=empty
nul	nul	DETind	MORPH=empty
home	ome	NOMcom	MORPH=empty
n'	ne1	ADVneg	MORPH=empty
oi	avoir	VERcjg	MORPH=empty
si	si	ADVgen	MORPH=empty
chier	chier	ADJqua	MORPH=empty
ne	ne2	CONcoo	MORPH=empty
n'	ne1	ADVneg	MORPH=empty
avrei	avoir	VERcjg	MORPH=empty
mes	mais1	ADVgen	MORPH=empty
tant	tant	ADVgen	MORPH=empty
con	come1	CONsub	MORPH=empty
ge	je	PROper	MORPH=empty
vive	vivre1	VERcjg	MORPH=empty
.	.	PONfrt	MORPH=empty
Mout	mout	ADVgen	MORPH=empty
seroie	estre1	VERcjg	MORPH=empty
fole	fol3	ADJqua	MORPH=empty
et	et	CONcoo	MORPH=empty
cheitive	chaitif	ADJqua	MORPH=empty
,	,	PONfbl	MORPH=empty
qant	cant1	CONsub	MORPH=empty
ge	je	PROper	MORPH=empty
voi	vëoir	VERcjg	MORPH=empty
qu'	que4	CONsub	MORPH=empty
il	il	PROper	MORPH=empty
dort	dormir	VERcjg	MORPH=empty
et	et	CONcoo	MORPH=empty
repose	reposer	VERcjg	MORPH=empty
,	,	PONfbl	MORPH=empty
se	se	CONsub	MORPH=empty
ge	je	PROper	MORPH=empty
feisoie	faire	VERcjg	MORPH=empty
nule	nul	DETind	MORPH=empty
chose	chose	NOMcom	MORPH=empty
par	par	PRE	MORPH=empty
coi	coi2	PROrel	MORPH=empty
il	il	PROper	MORPH=empty
se	soi1	PROper	MORPH=empty
plainsist	plaindre	VERcjg	MORPH=empty
de	de	PRE	MORPH=empty
moi	je	PROper	MORPH=empty
.	.	PONfrt	MORPH=empty
Et	et	CONcoo	MORPH=empty
ge	je	PROper	MORPH=empty
l'	il	PROper	MORPH=empty
esvellerai	esveillier	VERcjg	MORPH=empty
,	,	PONfbl	MORPH=empty
par	par	PRE	MORPH=empty
foi	foi	NOMcom	MORPH=empty
.	.	PONfrt	MORPH=empty
"	"	PONpxx	MORPH=empty
Del	de+le	PRE.DETdef	MORPH=empty
chief	chief1	NOMcom	MORPH=empty
de	de	PRE	MORPH=empty
la	le	DETdef	MORPH=empty
lance	lance	NOMcom	MORPH=empty
l'	il	PROper	MORPH=empty
adoise	adeser	VERcjg	MORPH=empty
a	a3	PRE	MORPH=empty
l'	le	DETdef	MORPH=empty
esperon	esperon	NOMcom	MORPH=empty
,	,	PONfbl	MORPH=empty
si	si	ADVgen	MORPH=empty
qu'	que4	CONsub	MORPH=empty
il	il	PROimp	MORPH=empty
ne	ne1	ADVneg	MORPH=empty
poise	peser	VERcjg	MORPH=empty
au	a3+le	PRE.DETdef	MORPH=empty
chevalier	chevalier	NOMcom	MORPH=empty
s'	se	CONsub	MORPH=empty
il	il	PROper	MORPH=empty
l'	il	PROper	MORPH=empty
esveilla	esveillier	VERcjg	MORPH=empty
,	,	PONfbl	MORPH=empty
que	que4	CONcoo	MORPH=empty
si	si	ADVgen	MORPH=empty
tres	très	ADVgen	MORPH=empty
soavet	söavet	ADJqua	MORPH=empty
bota	boter1	VERcjg	MORPH=empty
l'	le	DETdef	MORPH=empty
esperon	esperon	NOMcom	MORPH=empty
que	que4	CONsub	MORPH=empty
mal	mal1	NOMcom	MORPH=empty
ne	ne1	ADVneg	MORPH=empty
li	il	PROper	MORPH=empty
fist	faire	VERcjg	MORPH=empty
,	,	PONfbl	MORPH=empty
ençois	ainçois	ADVgen	MORPH=empty
li	il	PROper	MORPH=empty
anclina	encliner	VERcjg	MORPH=empty
et	et	CONcoo	MORPH=empty
dist	dire	VERcjg	MORPH=empty
:	:	PONfbl	MORPH=empty
"	"	PONpxx	MORPH=empty
Sire	seignor	NOMcom	MORPH=empty
,	,	PONfbl	MORPH=empty
.v.	5	DETcar	MORPH=empty
.c.	100	DETcar	MORPH=empty
merciz	merci	NOMcom	MORPH=empty
vos	vos	PROper	MORPH=empty
rant	rendre	VERcjg	MORPH=empty
,	,	PONfbl	MORPH=empty
qant	cant1	CONsub	MORPH=empty
vos	vos	PROper	MORPH=empty
si	si	ADVgen	MORPH=empty
deboneremant	debonairement	ADVgen	MORPH=empty
boté	boter1	VERppe	MORPH=empty
et	et	CONcoo	MORPH=empty
esvellié	esveillier	VERppe	MORPH=empty
m'	je	PROper	MORPH=empty
avez	avoir	VERcjg	MORPH=empty
que	que4	CONsub	MORPH=empty
de	de	PRE	MORPH=empty
neant	nïent	PROind	MORPH=empty
ne	ne1	ADVneg	MORPH=empty
fui	estre1	VERcjg	MORPH=empty
grevez	grever	VERppe	MORPH=empty
.	.	PONfrt	MORPH=empty
Mes	mais1	CONcoo	MORPH=empty
por	por2	PRE	MORPH=empty
vos	vos	PROper	MORPH=empty
meïsmes	mëisme	ADJind	MORPH=empty
vos	vos	PROper	MORPH=empty
pri	priier	VERcjg	MORPH=empty
que	que4	CONsub	MORPH=empty
vos	vos	PROper	MORPH=empty
n'	ne1	ADVneg	MORPH=empty
ailliez	aler	VERcjg	MORPH=empty
avant	avant	ADVgen	MORPH=empty
de	de	PRE	MORPH=empty
ci	ci	ADVgen	MORPH=empty
,	,	PONfbl	MORPH=empty
que	que4	CONcoo	MORPH=empty
vos	vos	PROper	MORPH=empty
fereiez	faire	VERcjg	MORPH=empty
trop	trop	ADVgen	MORPH=empty
que	que4	CONsub	MORPH=empty
fos	fol3	NOMcom	MORPH=empty
.	.	PONfrt	MORPH=empty
Remenez	remanoir	VERcjg	MORPH=empty
,	,	PONfbl	MORPH=empty
et	et	CONcoo	MORPH=empty
creez	croire	VERcjg	MORPH=empty
mon	mon1	DETpos	MORPH=empty
los	los1	NOMcom	MORPH=empty
.	.	PONfrt	MORPH=empty
Remanrai	remanoir	VERcjg	MORPH=empty
,	,	PONfbl	MORPH=empty
sire	seignor	NOMcom	MORPH=empty
?	?	PONfrt	MORPH=empty
Et	et	CONcoo	MORPH=empty
ge	je	PROper	MORPH=empty
por	por2	PRE	MORPH=empty
coi	coi2	PROint	MORPH=empty
?	?	PONfrt	MORPH=empty
Gel	je+il	PROper.PROper	MORPH=empty
vos	vos	PROper	MORPH=empty
dirai	dire	VERcjg	MORPH=empty
,	,	PONfbl	MORPH=empty
sire	seignor	NOMcom	MORPH=empty
,	,	PONfbl	MORPH=empty
par	par	PRE	MORPH=empty
foi	foi	NOMcom	MORPH=empty
,	,	PONfbl	MORPH=empty
des	des2	ADVgen	MORPH=empty
que	que4	CONsub	MORPH=empty
vos	vos	PROper	MORPH=empty
le	il	PROper	MORPH=empty
volez	voloir	VERcjg	MORPH=empty
oïr	öir	VERinf	MORPH=empty
.	.	PONfrt	MORPH=empty
Einz	ainc	ADVgen	MORPH=empty
chevaliers	chevalier	NOMcom	MORPH=empty
ne	ne1	ADVneg	MORPH=empty
pot	pöoir	VERcjg	MORPH=empty
venir	venir	VERinf	MORPH=empty
qui	qui	PROrel	MORPH=empty
ça	ça	ADVgen	MORPH=empty
alast	aler	VERcjg	MORPH=empty
ne	ne2	CONcoo	MORPH=empty
chanp	champ	NOMcom	MORPH=empty
ne	ne2	CONcoo	MORPH=empty
voie	voie	NOMcom	MORPH=empty
.	.	PONfrt	MORPH=empty
Ce	ce1	PROdem	MORPH=empty
est	estre1	VERcjg	MORPH=empty
la	le	DETdef	MORPH=empty
bone	bone	NOMcom	MORPH=empty
de	de	PRE	MORPH=empty
Galvoie	Galveide	NOMpro	MORPH=empty
;	;	PONfbl	MORPH=empty
mout	mout	ADVgen	MORPH=empty
dure	durer	VERcjg	MORPH=empty
et	et	CONcoo	MORPH=empty
mout	mout	ADVgen	MORPH=empty
est	estre1	VERcjg	MORPH=empty
felenesse	felon	ADJqua	MORPH=empty
,	,	PONfbl	MORPH=empty
et	et	CONcoo	MORPH=empty
s'	si	ADVgen	MORPH=empty
i	i2	PROadv	MORPH=empty
est	estre1	VERcjg	MORPH=empty
la	le	DETdef	MORPH=empty
genz	gent1	NOMcom	MORPH=empty
mout	mout	ADVgen	MORPH=empty
perversse	pervers	ADJqua	MORPH=empty
.	.	PONfrt	MORPH=empty
Einz	ainc	ADVgen	MORPH=empty
chevaliers	chevalier	NOMcom	MORPH=empty
n'	ne1	ADVneg	MORPH=empty
i	i2	PROadv	MORPH=empty
pot	pöoir	VERcjg	MORPH=empty
passer	passer1	VERinf	MORPH=empty
qui	qui	PROrel	MORPH=empty
vis	vif	ADJqua	MORPH=empty
an	en2	PROadv	MORPH=empty
poïst	pöoir	VERcjg	MORPH=empty
retorner	retorner	VERinf	MORPH=empty
,	,	PONfbl	MORPH=empty
n'	ne2	CONcoo	MORPH=empty
ancor	encore	ADVgen	MORPH=empty
n'	ne1	ADVneg	MORPH=empty
an	en2	PROadv	MORPH=empty
est	estre1	VERcjg	MORPH=empty
nus	nul	PROind	MORPH=empty
eschapez	eschaper	VERppe	MORPH=empty
,	,	PONfbl	MORPH=empty
fors	fors1	PRE	MORPH=empty
moi	je	PROper	MORPH=empty
,	,	PONfbl	MORPH=empty
qui	qui	PROrel	MORPH=empty
sui	estre1	VERcjg	MORPH=empty
si	si	ADVgen	MORPH=empty
atornez	atorner	VERppe	MORPH=empty
,	,	PONfbl	MORPH=empty
si	si	ADVgen	MORPH=empty
malemant	malement	ADVgen	MORPH=empty
,	,	PONfbl	MORPH=empty
si	si	ADVgen	MORPH=empty
con	come1	CONsub	MORPH=empty
ge	je	PROper	MORPH=empty
cuit	cuidier1	VERcjg	MORPH=empty
,	,	PONfbl	MORPH=empty
ne	ne1	ADVneg	MORPH=empty
verrai	vëoir	VERcjg	MORPH=empty
pas	pas	ADVneg	MORPH=empty
jusqu'	jusque	PRE	MORPH=empty
a	a3	PRE	MORPH=empty
la	le	DETdef	MORPH=empty
nuit	nuit	NOMcom	MORPH=empty
,	,	PONfbl	MORPH=empty
que	que4	CONsub	MORPH=empty
ge	je	PROper	MORPH=empty
trovai	trover	VERcjg	MORPH=empty
.i.	un	DETndf	MORPH=empty
chevalier	chevalier	NOMcom	MORPH=empty
preu	pro	ADJqua	MORPH=empty
et	et	CONcoo	MORPH=empty
hardi	hardi	ADJqua	MORPH=empty
et	et	CONcoo	MORPH=empty
fort	fort	ADJqua	MORPH=empty
et	et	CONcoo	MORPH=empty
fier	fier	ADJqua	MORPH=empty
;	;	PONfbl	MORPH=empty
onques	onque	ADVgen	MORPH=empty
si	si	ADVgen	MORPH=empty
hardi	hardi	ADJqua	MORPH=empty
ne	ne1	ADVneg	MORPH=empty
trovai	trover	VERcjg	MORPH=empty
ne	ne2	CONcoo	MORPH=empty
a	a3	PRE	MORPH=empty
si	si	ADVgen	MORPH=empty
fort	fort	ADJqua	MORPH=empty
ne	ne1	ADVneg	MORPH=empty
m'	je	PROper	MORPH=empty
esprovai	esprover	VERcjg	MORPH=empty
.	.	PONfrt	MORPH=empty
Por	por2	PRE	MORPH=empty
ce	ce1	PROdem	MORPH=empty
vos	vos	PROper	MORPH=empty
an	en2	PROadv	MORPH=empty
lo	löer1	VERcjg	MORPH=empty
mialz	mieus	ADVgen	MORPH=empty
aler	aler	VERinf	MORPH=empty
que	que4	CONsub	MORPH=empty
ceste	cest	DETdem	MORPH=empty
angarde	angarde	NOMcom	MORPH=empty
a	a3	PRE	MORPH=empty
avaler	avaler	VERinf	MORPH=empty
.	.	PONfrt	MORPH=empty
Par	par	PRE	MORPH=empty
foi	foi	NOMcom	MORPH=empty
,	,	PONfbl	MORPH=empty
fet	faire	VERcjg	MORPH=empty
messire	seignor	NOMcom	MORPH=empty
Gauvains	Gauvain	NOMpro	MORPH=empty
,	,	PONfbl	MORPH=empty
cist	cest	DETdem	MORPH=empty
retorners	retorner	VERinf	MORPH=empty
seroit	estre1	VERcjg	MORPH=empty
vilains	vilain	ADJqua	MORPH=empty
.	.	PONfrt	MORPH=empty
Ge	je	PROper	MORPH=empty
ne	ne1	ADVneg	MORPH=empty
ving	venir	VERcjg	MORPH=empty
pas	pas	ADVneg	MORPH=empty
por	por2	PRE	MORPH=empty
sejorner	sejorner	VERinf	MORPH=empty
;	;	PONfbl	MORPH=empty
l'	le	DETdef	MORPH=empty
an	on	PROind	MORPH=empty
le	il	PROper	MORPH=empty
me	je	PROper	MORPH=empty
devroit	devoir	VERcjg	MORPH=empty
atorner	atorner	VERinf	MORPH=empty
a	a3	PRE	MORPH=empty
trop	trop	ADVgen	MORPH=empty
leide	lait1	ADJqua	MORPH=empty
recreantise	recrëandise	NOMcom	MORPH=empty
,	,	PONfbl	MORPH=empty
des	des2	ADVgen	MORPH=empty
que	que4	CONsub	MORPH=empty
ge	je	PROper	MORPH=empty
ai	avoir	VERcjg	MORPH=empty
la	le	DETdef	MORPH=empty
voie	voie	NOMcom	MORPH=empty
anprise	emprendre	VERppe	MORPH=empty
,	,	PONfbl	MORPH=empty
se	se	CONsub	MORPH=empty
ge	je	PROper	MORPH=empty
de	de	PRE	MORPH=empty
ci	ci	ADVgen	MORPH=empty
m'	je	PROper	MORPH=empty
an	en2	PROadv	MORPH=empty
retornoie	retorner	VERcjg	MORPH=empty
.	.	PONfrt	MORPH=empty
Je	je	PROper	MORPH=empty
irai	aler	VERcjg	MORPH=empty
ça	ça	ADVgen	MORPH=empty
tant	tant	ADVgen	MORPH=empty
que	que4	CONsub	MORPH=empty
ge	je	PROper	MORPH=empty
voie	vëoir	VERcjg	MORPH=empty
por	por2	PRE	MORPH=empty
coi	coi2	PROrel	MORPH=empty
retorner	retorner	VERinf	MORPH=empty
an	on	PROind	MORPH=empty
n'	ne1	ADVneg	MORPH=empty
an	en2	PROadv	MORPH=empty
puet	pöoir	VERcjg	MORPH=empty
.	.	PONfrt	MORPH=empty
Je	je	PROper	MORPH=empty
voi	vëoir	VERcjg	MORPH=empty
bien	bien1	ADVgen	MORPH=empty
qu'	que4	CONsub	MORPH=empty
a	a3	PRE	MORPH=empty
fere	faire	VERinf	MORPH=empty
l'	il	PROper	MORPH=empty
estuet	estovoir1	VERcjg	MORPH=empty
,	,	PONfbl	MORPH=empty
fet	faire	VERcjg	MORPH=empty
li	le	DETdef	MORPH=empty
chevaliers	chevalier	NOMcom	MORPH=empty
afolez	afoler1	VERppe	MORPH=empty
.	.	PONfrt	MORPH=empty
Vos	vos	PROper	MORPH=empty
i	i2	PROadv	MORPH=empty
iroiz	aler	VERcjg	MORPH=empty
,	,	PONfbl	MORPH=empty
quant	cant1	CONsub	MORPH=empty
le	il	PROper	MORPH=empty
volez	voloir	VERcjg	MORPH=empty
.	.	PONfrt	MORPH=empty
Mes	mais1	CONcoo	MORPH=empty
volantiers	volentiers	ADVgen	MORPH=empty
vos	vos	PROper	MORPH=empty
prieroie	priier	VERcjg	MORPH=empty
,	,	PONfbl	MORPH=empty
se	se	CONsub	MORPH=empty
avanture	aventure	NOMcom	MORPH=empty
vos	vos	PROper	MORPH=empty
avoie	avoiier	VERcjg	MORPH=empty
,	,	PONfbl	MORPH=empty
c'	que2	PROrel	MORPH=empty
onques	onque	ADVgen	MORPH=empty
chevaliers	chevalier	NOMcom	MORPH=empty
a	a3	PRE	MORPH=empty
nul	nul	DETind	MORPH=empty
tans	tens	NOMcom	MORPH=empty
ne	ne1	ADVneg	MORPH=empty
pot	pöoir	VERcjg	MORPH=empty
avoir	avoir	VERinf	MORPH=empty
,	,	PONfbl	MORPH=empty
si	si	ADVgen	MORPH=empty
con	come1	CONsub	MORPH=empty
ge	je	PROper	MORPH=empty
pans	penser	VERcjg	MORPH=empty
,	,	PONfbl	MORPH=empty
que	que4	CONcoo	MORPH=empty
,	,	PONfbl	MORPH=empty
se	se	CONsub	MORPH=empty
il	il	PROper	MORPH=empty
avient	avenant	VERcjg	MORPH=empty
por	por2	PRE	MORPH=empty
nul	nul	DETind	MORPH=empty
pleit	plait	NOMcom	MORPH=empty
que	que4	CONsub	MORPH=empty
vos	vos	PROper	MORPH=empty
ne	ne2	CONcoo	MORPH=empty
altres	autre	PROind	MORPH=empty
ne	ne2	CONcoo	MORPH=empty
nus	nul	PROind	MORPH=empty
l'	il	PROper	MORPH=empty
eit	avoir	VERcjg	MORPH=empty
,	,	PONfbl	MORPH=empty
que	que4	CONsub	MORPH=empty
vos	vos	PROper	MORPH=empty
an	en2	PROadv	MORPH=empty
revaigniez	revenir	VERcjg	MORPH=empty
par	par	PRE	MORPH=empty
ci	ci	ADVgen	MORPH=empty
,	,	PONfbl	MORPH=empty
et	et	CONcoo	MORPH=empty
verroiz	vëoir	VERcjg	MORPH=empty
,	,	PONfbl	MORPH=empty
la	le	DETdef	MORPH=empty
vostre	vostre	ADJpos	MORPH=empty
merci	merci	NOMcom	MORPH=empty
,	,	PONfbl	MORPH=empty
se	se	CONsub	MORPH=empty
ge	je	PROper	MORPH=empty
serai	estre1	VERcjg	MORPH=empty
ou	o3	CONcoo	MORPH=empty
morz	morir	VERppe	MORPH=empty
ou	o3	CONcoo	MORPH=empty
vis	vif	ADJqua	MORPH=empty
,	,	PONfbl	MORPH=empty
ou	o3	CONcoo	MORPH=empty
il	il	PROimp	MORPH=empty
me	je	PROper	MORPH=empty
sera	estre1	VERcjg	MORPH=empty
mialz	mieus	ADVgen	MORPH=empty
ou	o3	CONcoo	MORPH=empty
pis	pis1	ADVgen	MORPH=empty
.	.	PONfrt	MORPH=empty
Se	se	CONsub	MORPH=empty
ge	je	PROper	MORPH=empty
sui	estre1	VERcjg	MORPH=empty
morz	morir	VERppe	MORPH=empty
,	,	PONfbl	MORPH=empty
par	par	PRE	MORPH=empty
charité	charité	NOMcom	MORPH=empty
et	et	CONcoo	MORPH=empty
por	por2	PRE	MORPH=empty
la	le	DETdef	MORPH=empty
Sainte	saint	ADJqua	MORPH=empty
Trinité	trinité	NOMcom	MORPH=empty
,	,	PONfbl	MORPH=empty
de	de	PRE	MORPH=empty
ceste	cest	DETdem	MORPH=empty
pucele	pucele	NOMcom	MORPH=empty
vos	vos	PROper	MORPH=empty
pri	priier	VERcjg	MORPH=empty
que	que4	CONsub	MORPH=empty
vos	vos	PROper	MORPH=empty
aiez	avoir	VERcjg	MORPH=empty
merci	merci	NOMcom	MORPH=empty
de	de	PRE	MORPH=empty
li	il	PROper	MORPH=empty
,	,	PONfbl	MORPH=empty
qu'	que4	CONsub	MORPH=empty
ele	il	PROper	MORPH=empty
n'	ne1	ADVneg	MORPH=empty
ait	avoir	VERcjg	MORPH=empty
honte	honte	NOMcom	MORPH=empty
ne	ne2	CONcoo	MORPH=empty
meseise	mesaise	NOMcom	MORPH=empty
.	.	PONfrt	MORPH=empty
Et	et	CONcoo	MORPH=empty
por	por2	PRE	MORPH=empty
ce	ce1	PROdem	MORPH=empty
a	a3	PRE	MORPH=empty
fere	faire	VERinf	MORPH=empty
vos	vos	PROper	MORPH=empty
pleise	plaire	VERcjg	MORPH=empty
que	que4	CONsub	MORPH=empty
Dex	Dieu	NOMpro	MORPH=empty
ne	ne1	ADVneg	MORPH=empty
fist	faire	VERcjg	MORPH=empty
ne	ne2	CONcoo	MORPH=empty
ne	ne1	ADVneg	MORPH=empty
volt	voloir	VERcjg	MORPH=empty
feire	faire	VERinf	MORPH=empty
plus	plus	ADVgen	MORPH=empty
franche	franc1	ADJqua	MORPH=empty
ne	ne2	CONcoo	MORPH=empty
plus	plus	ADVgen	MORPH=empty
deboneire	debonaire	ADJqua	MORPH=empty
,	,	PONfbl	MORPH=empty
plus	plus	ADVgen	MORPH=empty
cortoise	cortois	ADJqua	MORPH=empty
,	,	PONfbl	MORPH=empty
plus	plus	ADVgen	MORPH=empty
afeitiee	afaitier	VERppe	MORPH=empty
.	.	PONfrt	MORPH=empty
Or	or4	ADVgen	MORPH=empty
me	je	PROper	MORPH=empty
sanble	sembler	VERcjg	MORPH=empty
que	que4	CONsub	MORPH=empty
desheitiee	deshaitier	VERppe	MORPH=empty
est	estre1	VERcjg	MORPH=empty
mout	mout	ADVgen	MORPH=empty
por	por2	PRE	MORPH=empty
moi	je	PROper	MORPH=empty
,	,	PONfbl	MORPH=empty
si	si	ADVgen	MORPH=empty
n'	ne1	ADVneg	MORPH=empty
a	avoir	VERcjg	MORPH=empty
pas	pas	ADVneg	MORPH=empty
tort	tort2	NOMcom	MORPH=empty
,	,	PONfbl	MORPH=empty
que	que4	CONcoo	MORPH=empty
ele	il	PROper	MORPH=empty
me	je	PROper	MORPH=empty
voit	vëoir	VERcjg	MORPH=empty
pres	près	ADVgen	MORPH=empty
de	de	PRE	MORPH=empty
mort	mort	NOMcom	MORPH=empty
.	.	PONfrt	MORPH=empty
"	"	PONpxx	MORPH=empty
Messire	seignor	NOMcom	MORPH=empty
Gauvains	Gauvain	NOMpro	MORPH=empty
li	il	PROper	MORPH=empty
otroie	otroiier	VERcjg	MORPH=empty
,	,	PONfbl	MORPH=empty
se	se	CONsub	MORPH=empty
essoines	essoigne	NOMcom	MORPH=empty
ne	ne1	ADVneg	MORPH=empty
le	il	PROper	MORPH=empty
desvoie	desvoiier1	VERcjg	MORPH=empty
ou	o3	CONcoo	MORPH=empty
de	de	PRE	MORPH=empty
prison	prison	NOMcom	MORPH=empty
ou	o3	CONcoo	MORPH=empty
d'	de	PRE	MORPH=empty
autre	autre	DETind	MORPH=empty
enui	enui	NOMcom	MORPH=empty
,	,	PONfbl	MORPH=empty
que	que4	CONsub	MORPH=empty
il	il	PROper	MORPH=empty
s'	soi1	PROper	MORPH=empty
an	en2	PROadv	MORPH=empty
revanra	revenir	VERcjg	MORPH=empty
par	par	PRE	MORPH=empty
lui	il	PROper	MORPH=empty
et	et	CONcoo	MORPH=empty
a	a3	PRE	MORPH=empty
la	le	DETdef	MORPH=empty
pucele	pucele	NOMcom	MORPH=empty
donra	doner	VERcjg	MORPH=empty
si	si	ADVgen	MORPH=empty
boen	bon	ADJqua	MORPH=empty
consoil	conseil	NOMcom	MORPH=empty
con	come1	CONsub	MORPH=empty
il	il	PROper	MORPH=empty
porra	pöoir	VERcjg	MORPH=empty
.	.	PONfrt	MORPH=empty
Lors	lors	ADVgen	MORPH=empty
les	il	PROper	MORPH=empty
lesse	laissier	VERcjg	MORPH=empty
,	,	PONfbl	MORPH=empty
si	si	ADVgen	MORPH=empty
s'	soi1	PROper	MORPH=empty
achemine	acheminer	VERcjg	MORPH=empty
,	,	PONfbl	MORPH=empty
par	par	PRE	MORPH=empty
plains	plain	ADJqua	MORPH=empty
ne	ne2	CONcoo	MORPH=empty
par	par	PRE	MORPH=empty
forez	forest	NOMcom	MORPH=empty
ne	ne1	ADVneg	MORPH=empty
fine	finer	VERcjg	MORPH=empty
tant	tant	ADVgen	MORPH=empty
que	que4	CONsub	MORPH=empty
il	il	PROper	MORPH=empty
vit	vëoir	VERcjg	MORPH=empty
.i.	un	DETndf	MORPH=empty
chastel	chastel	NOMcom	MORPH=empty
fort	fort	ADJqua	MORPH=empty
,	,	PONfbl	MORPH=empty
don	dont	PROrel	MORPH=empty
l'	le	DETdef	MORPH=empty
eve	aigue	NOMcom	MORPH=empty
venoit	venir	VERcjg	MORPH=empty
au	a3+le	PRE.DETdef	MORPH=empty
regort	regort	NOMcom	MORPH=empty
de	de	PRE	MORPH=empty
mer	mer	NOMcom	MORPH=empty
,	,	PONfbl	MORPH=empty
mout	mout	ADVgen	MORPH=empty
grant	grant	ADJqua	MORPH=empty
et	et	CONcoo	MORPH=empty
de	de	PRE	MORPH=empty
navie	navie	NOMcom	MORPH=empty
.	.	PONfrt	MORPH=empty
Petit	petit	ADJqua	MORPH=empty
valoit	valoir	VERcjg	MORPH=empty
moins	moins	ADVgen	MORPH=empty
de	de	PRE	MORPH=empty
Pavie	Pavie	NOMpro	MORPH=empty
li	le	DETdef	MORPH=empty
chastiax	chastel	NOMcom	MORPH=empty
,	,	PONfbl	MORPH=empty
qui	qui	PROrel	MORPH=empty
mout	mout	ADVgen	MORPH=empty
estoit	estre1	VERcjg	MORPH=empty
nobles	noble1	ADJqua	MORPH=empty
.	.	PONfrt	MORPH=empty
D'	de	PRE	MORPH=empty
autre	autre	DETind	MORPH=empty
part	part1	NOMcom	MORPH=empty
estoit	estre1	VERcjg	MORPH=empty
li	le	DETdef	MORPH=empty
vignobles	vignoble	NOMcom	MORPH=empty
et	et	CONcoo	MORPH=empty
li	le	DETdef	MORPH=empty
bois	bois	NOMcom	MORPH=empty
biax	bel1	ADJqua	MORPH=empty
et	et	CONcoo	MORPH=empty
avenanz	avenant	VERppa	MORPH=empty
,	,	PONfbl	MORPH=empty
qui	qui	PROrel	MORPH=empty
mout	mout	ADVgen	MORPH=empty
estoit	estre1	VERcjg	MORPH=empty
biax	bel1	ADJqua	MORPH=empty
par	par	PRE	MORPH=empty
dedanz	dedenz	ADVgen	MORPH=empty
,	,	PONfbl	MORPH=empty
et	et	CONcoo	MORPH=empty
la	le	DETdef	MORPH=empty
riviere	riviere	NOMcom	MORPH=empty
fu	estre1	VERcjg	MORPH=empty
desoz	desoz	ADVgen	MORPH=empty
qui	qui	PROrel	MORPH=empty
aceingnoit	aceindre	VERcjg	MORPH=empty
les	le	DETdef	MORPH=empty
murs	mur	NOMcom	MORPH=empty
trestoz	trestot	PROind	MORPH=empty
,	,	PONfbl	MORPH=empty
s'	si	ADVgen	MORPH=empty
avoit	avoir	VERcjg	MORPH=empty
jusqu'	jusque	PRE	MORPH=empty
an	en1	PRE	MORPH=empty
la	le	DETdef	MORPH=empty
mer	mer	NOMcom	MORPH=empty
son	son4	DETpos	MORPH=empty
cors	cors2	NOMcom	MORPH=empty
.	.	PONfrt	MORPH=empty
Li	le	DETdef	MORPH=empty
chastiax	chastel	NOMcom	MORPH=empty
estoit	estre1	VERcjg	MORPH=empty
,	,	PONfbl	MORPH=empty
et	et	CONcoo	MORPH=empty
li	le	DETdef	MORPH=empty
bors	borc	NOMcom	MORPH=empty
,	,	PONfbl	MORPH=empty
mout	mout	ADVgen	MORPH=empty
bien	bien1	ADVgen	MORPH=empty
antor	entor	ADVgen	MORPH=empty
de	de	PRE	MORPH=empty
murs	mur	NOMcom	MORPH=empty
fermez	fermer	VERppe	MORPH=empty
.	.	PONfrt	MORPH=empty
Messire	seignor	NOMcom	MORPH=empty
Gauvains	Gauvain	NOMpro	MORPH=empty
est	estre1	VERcjg	MORPH=empty
antrez	entrer	VERppe	MORPH=empty
el	en1+le	PRE.DETdef	MORPH=empty
plus	plus	ADVgen	MORPH=empty
fort	fort	ADJqua	MORPH=empty
de	de	PRE	MORPH=empty
tot	tot	DETind	MORPH=empty
le	le	DETdef	MORPH=empty
chastel	chastel	NOMcom	MORPH=empty
;	;	PONfbl	MORPH=empty
desoz	desoz	PRE	MORPH=empty
.i.	un	DETndf	MORPH=empty
yf	if	NOMcom	MORPH=empty
an	en1	PRE	MORPH=empty
un	un	DETndf	MORPH=empty
prael	präel	NOMcom	MORPH=empty
,	,	PONfbl	MORPH=empty
el	en1+le	PRE.DETdef	MORPH=empty
chastel	chastel	NOMcom	MORPH=empty
,	,	PONfbl	MORPH=empty
par	par	PRE	MORPH=empty
desor	desor	PRE	MORPH=empty
un	un	DETndf	MORPH=empty
pont	pont	NOMcom	MORPH=empty
.	.	PONfrt	MORPH=empty
Et	et	CONcoo	MORPH=empty
quant	cant1	CONsub	MORPH=empty
il	il	PROper	MORPH=empty
fu	estre1	VERcjg	MORPH=empty
venuz	venir	VERppe	MORPH=empty
amont	amont	ADVgen	MORPH=empty
,	,	PONfbl	MORPH=empty
trova	trover	VERcjg	MORPH=empty
une	un	DETndf	MORPH=empty
pucele	pucele	NOMcom	MORPH=empty
sole	sol1	ADJqua	MORPH=empty
,	,	PONfbl	MORPH=empty
qui	qui	PROrel	MORPH=empty
miroit	mirer	VERcjg	MORPH=empty
son	son4	DETpos	MORPH=empty
vis	vis1	NOMcom	MORPH=empty
et	et	CONcoo	MORPH=empty
sa	son4	DETpos	MORPH=empty
gole	gole	NOMcom	MORPH=empty
,	,	PONfbl	MORPH=empty
qui	qui	PROrel	MORPH=empty
plus	plus	ADVgen	MORPH=empty
estoit	estre1	VERcjg	MORPH=empty
blanche	blanc	ADJqua	MORPH=empty
que	que1	CONsub	MORPH=empty
nois	noif	NOMcom	MORPH=empty
.	.	PONfrt	MORPH=empty
D'	de	PRE	MORPH=empty
un	un	DETndf	MORPH=empty
cercelet	cercelet	NOMcom	MORPH=empty
estroit	estroit	ADJqua	MORPH=empty
d'	de	PRE	MORPH=empty
orfrois	orfrois	NOMcom	MORPH=empty
avoit	avoir	VERcjg	MORPH=empty
antor	entor	PRE	MORPH=empty
son	son4	DETpos	MORPH=empty
chief	chief1	NOMcom	MORPH=empty
corone	corone	NOMcom	MORPH=empty
.	.	PONfrt	MORPH=empty
Messire	seignor	NOMcom	MORPH=empty
Gauvains	Gauvain	NOMpro	MORPH=empty
esperone	esperoner	VERcjg	MORPH=empty
vers	vers2	PRE	MORPH=empty
la	le	DETdef	MORPH=empty
pucele	pucele	NOMcom	MORPH=empty
l'	le	DETdef	MORPH=empty
anbleüre	amblëure	NOMcom	MORPH=empty
,	,	PONfbl	MORPH=empty
et	et	CONcoo	MORPH=empty
ele	il	PROper	MORPH=empty
li	il	PROper	MORPH=empty
crie	crïer2	VERcjg	MORPH=empty
:	:	PONfbl	MORPH=empty
"	"	PONpxx	MORPH=empty
Mesure	mesure	NOMcom	MORPH=empty
,	,	PONfbl	MORPH=empty
mesure	mesure	NOMcom	MORPH=empty
,	,	PONfbl	MORPH=empty
sire	seignor	NOMcom	MORPH=empty
!	!	PONfrt	MORPH=empty
Belemant	bel1ement	ADVgen	MORPH=empty
,	,	PONfbl	MORPH=empty
que	que3	ADVint	MORPH=empty
vos	vos	PROper	MORPH=empty
alez	aler	VERcjg	MORPH=empty
trop	trop	ADVgen	MORPH=empty
folemant	folement	ADVgen	MORPH=empty
!	!	PONfrt	MORPH=empty
Fos	fol3	ADJqua	MORPH=empty
est	estre1	VERcjg	MORPH=empty
qui	qui	PROrel	MORPH=empty
por	por2	PRE	MORPH=empty
neant	nïent	PROind	MORPH=empty
esploite	esploitier	VERcjg	MORPH=empty
.	.	PONfrt	MORPH=empty
De	de	PRE	MORPH=empty
Deu	Dieu	NOMpro	MORPH=empty
soiez	estre1	VERcjg	MORPH=empty
vos	vos	PROper	MORPH=empty
beneoite	benëir	VERppe	MORPH=empty
,	,	PONfbl	MORPH=empty
fet	faire	VERcjg	MORPH=empty
messire	seignor	NOMcom	MORPH=empty
Gauvains	Gauvain	NOMpro	MORPH=empty
,	,	PONfbl	MORPH=empty
pucele	pucele	NOMcom	MORPH=empty
.	.	PONfrt	MORPH=empty
Or	or4	ADVgen	MORPH=empty
me	je	PROper	MORPH=empty
dites	dire	VERcjg	MORPH=empty
,	,	PONfbl	MORPH=empty
amie	ami	NOMcom	MORPH=empty
bele	bel1	ADJqua	MORPH=empty
,	,	PONfbl	MORPH=empty
de	de	PRE	MORPH=empty
coi	coi2	PROrel	MORPH=empty
fustes	estre1	VERcjg	MORPH=empty
vos	vos	PROper	MORPH=empty
apansee	apenser	VERppe	MORPH=empty
,	,	PONfbl	MORPH=empty
qui	qui	PROrel	MORPH=empty
si	si	ADVgen	MORPH=empty
tost	tost1	ADVgen	MORPH=empty
m'	je	PROper	MORPH=empty
avez	avoir	VERcjg	MORPH=empty
amanbree	amembrer2	VERppe	MORPH=empty
mesure	mesure	NOMcom	MORPH=empty
,	,	PONfbl	MORPH=empty
ne	ne1	ADVneg	MORPH=empty
savez	savoir	VERcjg	MORPH=empty
por	por2	PRE	MORPH=empty
coi	coi2	PROint	MORPH=empty
?	?	PONfrt	MORPH=empty
Si	si	ADVgen	MORPH=empty
faz	faire	VERcjg	MORPH=empty
,	,	PONfbl	MORPH=empty
chevaliers	chevalier	NOMcom	MORPH=empty
,	,	PONfbl	MORPH=empty
par	par	PRE	MORPH=empty
ma	mon1	DETpos	MORPH=empty
foi	foi	NOMcom	MORPH=empty
,	,	PONfbl	MORPH=empty
que	que4	CONcoo	MORPH=empty
ge	je	PROper	MORPH=empty
sai	savoir	VERcjg	MORPH=empty
bien	bien1	ADVgen	MORPH=empty
que	que2	PROrel	MORPH=empty
vos	vos	PROper	MORPH=empty
pansez	penser	VERcjg	MORPH=empty
.	.	PONfrt	MORPH=empty
Et	et	CONcoo	MORPH=empty
coi	coi2	PROint	MORPH=empty
?	?	PONfrt	MORPH=empty
fet	faire	VERcjg	MORPH=empty
il	il	PROper	MORPH=empty
.	.	PONfrt	MORPH=empty
Vos	vos	PROper	MORPH=empty
me	je	PROper	MORPH=empty
volez	voloir	VERcjg	MORPH=empty
prandre	prendre	VERinf	MORPH=empty
et	et	CONcoo	MORPH=empty
porter	porter	VERinf	MORPH=empty
ci	ci	ADVgen	MORPH=empty
contreval	contreval	ADVgen	MORPH=empty
sor	sor2	PRE	MORPH=empty
le	le	DETdef	MORPH=empty
col	col	NOMcom	MORPH=empty
de	de	PRE	MORPH=empty
vostre	vostre	DETpos	MORPH=empty
cheval	cheval	NOMcom	MORPH=empty
.	.	PONfrt	MORPH=empty
Vos	vos	PROper	MORPH=empty
dites	dire	VERcjg	MORPH=empty
bien	bien1	ADVgen	MORPH=empty
voir	voir	ADJqua	MORPH=empty
,	,	PONfbl	MORPH=empty
dameisele	damoisele	NOMcom	MORPH=empty
.	.	PONfrt	MORPH=empty
Ge	je	PROper	MORPH=empty
le	il	PROper	MORPH=empty
savoie	savoir	VERcjg	MORPH=empty
bien	bien1	ADVgen	MORPH=empty
,	,	PONfbl	MORPH=empty
fet	faire	VERcjg	MORPH=empty
ele	il	PROper	MORPH=empty
.	.	PONfrt	MORPH=empty
Mal	mal1	ADJqua	MORPH=empty
dahé	dehé	NOMcom	MORPH=empty
ait	avoir	VERcjg	MORPH=empty
qui	qui	PROrel	MORPH=empty
le	il	PROper	MORPH=empty
pansa	penser	VERcjg	MORPH=empty
!	!	PONfrt	MORPH=empty
Garde	garder	VERcjg	MORPH=empty
,	,	PONfbl	MORPH=empty
ne	ne1	ADVneg	MORPH=empty
le	il	PROper	MORPH=empty
panser	penser	VERinf	MORPH=empty
tu	tu	PROper	MORPH=empty
ja	ja	ADVgen	MORPH=empty
,	,	PONfbl	MORPH=empty
que	que4	CONsub	MORPH=empty
tu	tu	PROper	MORPH=empty
sor	sor2	PRE	MORPH=empty
ton	ton4	DETpos	MORPH=empty
cheval	cheval	NOMcom	MORPH=empty
me	je	PROper	MORPH=empty
metes	metre2	VERcjg	MORPH=empty
.	.	PONfrt	MORPH=empty
Je	je	PROper	MORPH=empty
ne	ne1	ADVneg	MORPH=empty
sui	estre1	VERcjg	MORPH=empty
pas	pas	ADVneg	MORPH=empty
de	de	PRE	MORPH=empty
ces	ce2	DETdem	MORPH=empty
foletes	folet	ADJqua	MORPH=empty
don	dont	PROrel	MORPH=empty
cil	cel	DETdem	MORPH=empty
chevalier	chevalier	NOMcom	MORPH=empty
se	soi1	PROper	MORPH=empty
deportent	deporter	VERcjg	MORPH=empty
,	,	PONfbl	MORPH=empty
qui	qui	PROrel	MORPH=empty
desor	desor	PRE	MORPH=empty
lor	lor2	DETpos	MORPH=empty
chevax	cheval	NOMcom	MORPH=empty
les	il	PROper	MORPH=empty
portent	porter	VERcjg	MORPH=empty
quant	cant1	CONsub	MORPH=empty
il	il	PROper	MORPH=empty
vont	aler	VERcjg	MORPH=empty
an	en1	PRE	MORPH=empty
chevalerie	chevalerie	NOMcom	MORPH=empty
.	.	PONfrt	MORPH=empty
Mes	mais1	CONcoo	MORPH=empty
moi	je	PROper	MORPH=empty
n'	ne1	ADVneg	MORPH=empty
an	en2	PROadv	MORPH=empty
porteras	porter	VERcjg	MORPH=empty
tu	tu	PROper	MORPH=empty
mie	mie	ADVneg	MORPH=empty
!	!	PONfrt	MORPH=empty
Et	et	CONcoo	MORPH=empty
neporquant	neporcant	ADVgen	MORPH=empty
,	,	PONfbl	MORPH=empty
se	se	CONsub	MORPH=empty
tant	tant	ADVgen	MORPH=empty
valoies	valoir	VERcjg	MORPH=empty
,	,	PONfbl	MORPH=empty
avoec	avuec	PRE	MORPH=empty
toi	tu	PROper	MORPH=empty
mener	mener	VERinf	MORPH=empty
m'	je	PROper	MORPH=empty
an	en2	PROadv	MORPH=empty
porroies	pöoir	VERcjg	MORPH=empty
.	.	PONfrt	MORPH=empty
Se	se	CONsub	MORPH=empty
tant	tant	ADVgen	MORPH=empty
t'	tu	PROper	MORPH=empty
an	en2	PROadv	MORPH=empty
voloies	voloir	VERcjg	MORPH=empty
pener	pener	VERinf	MORPH=empty
que	que4	CONsub	MORPH=empty
tu	tu	PROper	MORPH=empty
m'	je	PROper	MORPH=empty
alasses	aler	VERcjg	MORPH=empty
amener	amener	VERinf	MORPH=empty
de	de	PRE	MORPH=empty
ce	ce2	DETdem	MORPH=empty
jardin	jardin	NOMcom	MORPH=empty
mon	mon1	DETpos	MORPH=empty
palefroi	palefroi	NOMcom	MORPH=empty
,	,	PONfbl	MORPH=empty
je	je	PROper	MORPH=empty
m'	je	PROper	MORPH=empty
an	en2	PROadv	MORPH=empty
iroie	aler	VERcjg	MORPH=empty
avoeques	avuec	PRE	MORPH=empty
toi	tu	PROper	MORPH=empty
tant	tant	ADVgen	MORPH=empty
que	que4	CONsub	MORPH=empty
maleurtez	malëurté	NOMcom	MORPH=empty
et	et	CONcoo	MORPH=empty
pesance	pesance	NOMcom	MORPH=empty
et	et	CONcoo	MORPH=empty
ire	ire	NOMcom	MORPH=empty
et	et	CONcoo	MORPH=empty
diax	duel	NOMcom	MORPH=empty
et	et	CONcoo	MORPH=empty
mesestance	mesestance	NOMcom	MORPH=empty
t'	tu	PROper	MORPH=empty
avenist	avenant	VERcjg	MORPH=empty
an	en1	PRE	MORPH=empty
ma	mon1	DETpos	MORPH=empty
conpaignie	compagnie	NOMcom	MORPH=empty
.	.	PONfrt	MORPH=empty
Et	et	CONcoo	MORPH=empty
remanra	remanoir	VERcjg	MORPH=empty
il	il	PROper	MORPH=empty
,	,	PONfbl	MORPH=empty
bele	bel1	ADJqua	MORPH=empty
amie	ami	NOMcom	MORPH=empty
,	,	PONfbl	MORPH=empty
se	se	CONsub	MORPH=empty
por	por2	PRE	MORPH=empty
hardement	hardement	NOMcom	MORPH=empty
non	non	ADVneg	MORPH=empty
?	?	PONfrt	MORPH=empty
fet	faire	VERcjg	MORPH=empty
il	il	PROper	MORPH=empty
.	.	PONfrt	MORPH=empty
Par	par	PRE	MORPH=empty
le	le	DETdef	MORPH=empty
mien	mien	ADJpos	MORPH=empty
esciant	escïent	NOMcom	MORPH=empty
,	,	PONfbl	MORPH=empty
nenil	nenil	ADVneg	MORPH=empty
,	,	PONfbl	MORPH=empty
fet	faire	VERcjg	MORPH=empty
la	le	DETdef	MORPH=empty
dameisele	damoisele	NOMcom	MORPH=empty
,	,	PONfbl	MORPH=empty
vasax	vassal	NOMcom	MORPH=empty
.	.	PONfrt	MORPH=empty
Ha	ha	INJ	MORPH=empty
!	!	PONfrt	MORPH=empty
bele	bel1	ADJqua	MORPH=empty
amie	ami	NOMcom	MORPH=empty
,	,	PONfbl	MORPH=empty
mes	mon1	DETpos	MORPH=empty
chevax	cheval	NOMcom	MORPH=empty
,	,	PONfbl	MORPH=empty
ou	où	PROint	MORPH=empty
remanra	remanoir	VERcjg	MORPH=empty
il	il	PROper	MORPH=empty
,	,	PONfbl	MORPH=empty
se	se	CONsub	MORPH=empty
g'	je	PROper	MORPH=empty
i	i2	PROadv	MORPH=empty
pas	passer1	VERcjg	MORPH=empty
?	?	PONfrt	MORPH=empty
Que	que4	CONcoo	MORPH=empty
passer	passer1	VERinf	MORPH=empty
ne	ne1	ADVneg	MORPH=empty
porroit	pöoir	VERcjg	MORPH=empty
il	il	PROper	MORPH=empty
pas	pas	ADVneg	MORPH=empty
par	par	PRE	MORPH=empty
cele	cel	DETdem	MORPH=empty
planche	planche	NOMcom	MORPH=empty
que	que2	PROrel	MORPH=empty
ge	je	PROper	MORPH=empty
voi	vëoir	VERcjg	MORPH=empty
.	.	PONfrt	MORPH=empty
Non	non	ADVneg	MORPH=empty
voir	voir	ADVgen	MORPH=empty
,	,	PONfbl	MORPH=empty
sire	seignor	NOMcom	MORPH=empty
,	,	PONfbl	MORPH=empty
bailliez	baillier	VERcjg	MORPH=empty
le	il	PROper	MORPH=empty
moi	je	PROper	MORPH=empty
,	,	PONfbl	MORPH=empty
et	et	CONcoo	MORPH=empty
vos	vos	PROper	MORPH=empty
an	en2	PROadv	MORPH=empty
passez	passer1	VERcjg	MORPH=empty
outre	outre1	ADVgen	MORPH=empty
a	a3	PRE	MORPH=empty
pié	pié	NOMcom	MORPH=empty
.	.	PONfrt	MORPH=empty
Le	le	DETdef	MORPH=empty
cheval	cheval	NOMcom	MORPH=empty
vos	vos	PROper	MORPH=empty
garderai	garder	VERcjg	MORPH=empty
gié	je	PROper	MORPH=empty
tant	tant	ADVgen	MORPH=empty
con	come1	CONsub	MORPH=empty
ge	je	PROper	MORPH=empty
le	il	PROper	MORPH=empty
porrai	pöoir	VERcjg	MORPH=empty
garder	garder	VERinf	MORPH=empty
.	.	PONfrt	MORPH=empty
Mes	mais1	ADVgen	MORPH=empty
hastez	haster	VERcjg	MORPH=empty
vos	vos	PROper	MORPH=empty
del	de+le	PRE.DETdef	MORPH=empty
retorner	retorner	VERinf	MORPH=empty
,	,	PONfbl	MORPH=empty
qu'	que3	ADVint	MORPH=empty
il	il	PROper	MORPH=empty
ne	ne1	ADVneg	MORPH=empty
m'	je	PROper	MORPH=empty
eschap	eschaper	VERcjg	MORPH=empty
ou	o3	CONcoo	MORPH=empty
soit	estre1	VERcjg	MORPH=empty
toluz	tolir	VERppe	MORPH=empty
einz	ainz	ADVgen	MORPH=empty
que	que4	CONsub	MORPH=empty
vos	vos	PROper	MORPH=empty
soiez	estre1	VERcjg	MORPH=empty
revenuz	revenir	VERppe	MORPH=empty
.	.	PONfrt	MORPH=empty
Verité	verité	NOMcom	MORPH=empty
,	,	PONfbl	MORPH=empty
fet	faire	VERcjg	MORPH=empty
il	il	PROper	MORPH=empty
,	,	PONfbl	MORPH=empty
avez	avoir	VERcjg	MORPH=empty
dite	dire	VERppe	MORPH=empty
.	.	PONfrt	MORPH=empty
S'	se	CONsub	MORPH=empty
an	on	PROind	MORPH=empty
le	il	PROper	MORPH=empty
vos	vos	PROper	MORPH=empty
tolt	tolir	VERcjg	MORPH=empty
,	,	PONfbl	MORPH=empty
s'	si	ADVgen	MORPH=empty
an	en2	PROadv	MORPH=empty
soiez	estre1	VERcjg	MORPH=empty
quite	quite	ADJqua	MORPH=empty
,	,	PONfbl	MORPH=empty
et	et	CONcoo	MORPH=empty
,	,	PONfbl	MORPH=empty
s'	se	CONsub	MORPH=empty
il	il	PROper	MORPH=empty
vos	vos	PROper	MORPH=empty
eschape	eschaper	VERcjg	MORPH=empty
,	,	PONfbl	MORPH=empty
autretel	autretel	ADJqua	MORPH=empty
,	,	PONfbl	MORPH=empty
que	que4	CONcoo	MORPH=empty
ja	ja	ADVgen	MORPH=empty
ne	ne1	ADVneg	MORPH=empty
m'	je	PROper	MORPH=empty
an	en2	PROadv	MORPH=empty
orroiz	öir	VERcjg	MORPH=empty
parler	parler	VERinf	MORPH=empty
dire	dire	VERinf	MORPH=empty
el	il	PROper	MORPH=empty
.	.	PONfrt	MORPH=empty
Ensi	ainsi	ADVgen	MORPH=empty
li	il	PROper	MORPH=empty
baille	baillier	VERcjg	MORPH=empty
,	,	PONfbl	MORPH=empty
si	si	ADVgen	MORPH=empty
s'	soi1	PROper	MORPH=empty
an	en2	PROadv	MORPH=empty
va	aler	VERcjg	MORPH=empty
,	,	PONfbl	MORPH=empty
et	et	CONcoo	MORPH=empty
pansa	penser	VERcjg	MORPH=empty
que	que4	CONsub	MORPH=empty
il	il	PROper	MORPH=empty
portera	porter	VERcjg	MORPH=empty
totes	tot	DETind	MORPH=empty
ses	son4	DETpos	MORPH=empty
armes	arme	NOMcom	MORPH=empty
avoec	avuec	PRE	MORPH=empty
lui	il	PROper	MORPH=empty
;	;	PONfbl	MORPH=empty
se	se	CONsub	MORPH=empty
il	il	PROper	MORPH=empty
trueve	trover	VERcjg	MORPH=empty
el	en1+le	PRE.DETdef	MORPH=empty
vergier	vergier1	NOMcom	MORPH=empty
nelui	nul	PROind	MORPH=empty
qui	qui	PROrel	MORPH=empty
veer	vëer	VERinf	MORPH=empty
li	il	PROper	MORPH=empty
vuelle	voloir	VERcjg	MORPH=empty
et	et	CONcoo	MORPH=empty
desfandre	defendre	VERinf	MORPH=empty
que	que4	CONsub	MORPH=empty
il	il	PROper	MORPH=empty
n'	ne1	ADVneg	MORPH=empty
aille	aler	VERcjg	MORPH=empty
le	le	DETdef	MORPH=empty
cheval	cheval	NOMcom	MORPH=empty
prandre	prendre	VERinf	MORPH=empty
,	,	PONfbl	MORPH=empty
einz	ainz	ADVgen	MORPH=empty
i	i2	PROadv	MORPH=empty
avra	avoir	VERcjg	MORPH=empty
noise	noise	NOMcom	MORPH=empty
et	et	CONcoo	MORPH=empty
estor	estor2	NOMcom	MORPH=empty
que	que4	CONsub	MORPH=empty
il	il	PROper	MORPH=empty
ne	ne1	ADVneg	MORPH=empty
l'	il	PROper	MORPH=empty
an	en2	PROadv	MORPH=empty
maint	mener	VERcjg	MORPH=empty
au	a3+le	PRE.DETdef	MORPH=empty
retor	retor1	NOMcom	MORPH=empty
.	.	PONfrt	MORPH=empty
Atant	atant	ADVgen	MORPH=empty
a	avoir	VERcjg	MORPH=empty
la	le	DETdef	MORPH=empty
planche	planche	NOMcom	MORPH=empty
passee	passer1	VERppe	MORPH=empty
,	,	PONfbl	MORPH=empty
et	et	CONcoo	MORPH=empty
voit	vëoir	VERcjg	MORPH=empty
asez	assez	ADVgen	MORPH=empty
gent	gent1	NOMcom	MORPH=empty
amassee	amasser	VERppe	MORPH=empty
qui	qui	PROrel	MORPH=empty
a	a3	PRE	MORPH=empty
grant	grant	ADJqua	MORPH=empty
mervoille	merveille	NOMcom	MORPH=empty
l'	il	PROper	MORPH=empty
esgardent	esgarder	VERcjg	MORPH=empty
;	;	PONfbl	MORPH=empty
et	et	CONcoo	MORPH=empty
dïent	dire	VERcjg	MORPH=empty
tuit	tot	PROind	MORPH=empty
:	:	PONfbl	MORPH=empty
"	"	PONpxx	MORPH=empty
Que	que3	ADVint	MORPH=empty
deable	dïable	NOMcom	MORPH=empty
Deable	dïable	NOMcom	MORPH=empty
t'	tu	PROper	MORPH=empty
ardent	ardre	VERcjg	MORPH=empty
,	,	PONfbl	MORPH=empty
pucele	pucele	NOMcom	MORPH=empty
,	,	PONfbl	MORPH=empty
qui	qui	PROrel	MORPH=empty
tant	tant	ADVgen	MORPH=empty
as	avoir	VERcjg	MORPH=empty
mal	mal1	NOMcom	MORPH=empty
fait	faire	VERppe	MORPH=empty
!	!	PONfrt	MORPH=empty
Li	le	DETdef	MORPH=empty
tuens	tuen	ADJpos	MORPH=empty
cors	cors1	NOMcom	MORPH=empty
male	mal1	ADJqua	MORPH=empty
avanture	aventure	NOMcom	MORPH=empty
ait	avoir	VERcjg	MORPH=empty
,	,	PONfbl	MORPH=empty
c'	que4	CONsub	MORPH=empty
onques	onque	ADVgen	MORPH=empty
prodome	pro	NOMcom	MORPH=empty
n'	ne1	ADVneg	MORPH=empty
eüs	avoir	VERcjg	MORPH=empty
chier	chier	ADJqua	MORPH=empty
!	!	PONfrt	MORPH=empty
A	a3	PRE	MORPH=empty
maint	maint	PROind	MORPH=empty
en	en2	PROadv	MORPH=empty
avras	avoir	VERcjg	MORPH=empty
fet	faire	VERppe	MORPH=empty
tranchier	trenchier1	VERinf	MORPH=empty
la	le	DETdef	MORPH=empty
teste	teste	NOMcom	MORPH=empty
,	,	PONfbl	MORPH=empty
don	dont	PROrel	MORPH=empty
il	il	PROper	MORPH=empty
est	estre1	VERcjg	MORPH=empty
granz	grant	ADJqua	MORPH=empty
diax	duel	NOMcom	MORPH=empty
.	.	PONfrt	MORPH=empty
Chevaliers	chevalier	NOMcom	MORPH=empty
qui	qui	PROrel	MORPH=empty
mener	mener	VERinf	MORPH=empty
an	en2	PROadv	MORPH=empty
viax	voloir	VERcjg	MORPH=empty
le	le	DETdef	MORPH=empty
palefroi	palefroi	NOMcom	MORPH=empty
,	,	PONfbl	MORPH=empty
que	que2	PROrel	MORPH=empty
ne	ne1	ADVneg	MORPH=empty
sez	savoir	VERcjg	MORPH=empty
ore	or4	ADVgen	MORPH=empty
quex	quel1	DETrel	MORPH=empty
max	mal1	NOMcom	MORPH=empty
t'	tu	PROper	MORPH=empty
an	en2	PROadv	MORPH=empty
avandra	avenant	VERcjg	MORPH=empty
ancore	encore	ADVgen	MORPH=empty
se	se	CONsub	MORPH=empty
tu	tu	PROper	MORPH=empty
de	de	PRE	MORPH=empty
ta	ton4	DETpos	MORPH=empty
main	main2	NOMcom	MORPH=empty
i	i2	PROadv	MORPH=empty
atoches	atochier	VERcjg	MORPH=empty
!	!	PONfrt	MORPH=empty
Ha	ha	INJ	MORPH=empty
!	!	PONfrt	MORPH=empty
chevaliers	chevalier	NOMcom	MORPH=empty
,	,	PONfbl	MORPH=empty
por	por2	PRE	MORPH=empty
coi	coi2	PROint	MORPH=empty
l'	il	PROper	MORPH=empty
aproches	aprochier	VERcjg	MORPH=empty
?	?	PONfrt	MORPH=empty
Que	que4	CONcoo	MORPH=empty
ja	ja	ADVgen	MORPH=empty
voir	voir	ADVgen	MORPH=empty
ne	ne1	ADVneg	MORPH=empty
l'	il	PROper	MORPH=empty
atocheroies	atochier	VERcjg	MORPH=empty
se	se	CONsub	MORPH=empty
tu	tu	PROper	MORPH=empty
la	le	DETdef	MORPH=empty
grant	grant	ADJqua	MORPH=empty
honte	honte	NOMcom	MORPH=empty
savoies	savoir	VERcjg	MORPH=empty
et	et	CONcoo	MORPH=empty
les	le	DETdef	MORPH=empty
granz	grant	ADJqua	MORPH=empty
max	mal1	NOMcom	MORPH=empty
et	et	CONcoo	MORPH=empty
les	le	DETdef	MORPH=empty
granz	grant	ADJqua	MORPH=empty
poinnes	peine	NOMcom	MORPH=empty
qui	qui	PROrel	MORPH=empty
t'	tu	PROper	MORPH=empty
avandront	avenant	VERcjg	MORPH=empty
se	se	CONsub	MORPH=empty
tu	tu	PROper	MORPH=empty
l'	il	PROper	MORPH=empty
an	en2	PROadv	MORPH=empty
moinnes	mener	VERcjg	MORPH=empty
.	.	PONfrt	MORPH=empty
"	"	PONpxx	MORPH=empty
Ensi	ainsi	ADVgen	MORPH=empty
tuit	tot	PROind	MORPH=empty
et	et	CONcoo	MORPH=empty
totes	tot	PROind	MORPH=empty
disoient	dire	VERcjg	MORPH=empty
,	,	PONfbl	MORPH=empty
por	por2	PRE	MORPH=empty
ce	ce1	PROdem	MORPH=empty
que	que4	CONsub	MORPH=empty
chastier	chastiier	VERinf	MORPH=empty
voloient	voloir	VERcjg	MORPH=empty
monsegnor	seignor	NOMcom	MORPH=empty
Gauvain	Gauvain	NOMpro	MORPH=empty
qu'	que4	CONsub	MORPH=empty
il	il	PROper	MORPH=empty
n'	ne1	ADVneg	MORPH=empty
alast	aler	VERcjg	MORPH=empty
au	a3+le	PRE.DETdef	MORPH=empty
palefroi	palefroi	NOMcom	MORPH=empty
,	,	PONfbl	MORPH=empty
ainz	ainz	ADVgen	MORPH=empty
retornast	retorner	VERcjg	MORPH=empty
.	.	PONfrt	MORPH=empty
Mes	mais1	CONcoo	MORPH=empty
il	il	PROper	MORPH=empty
les	il	PROper	MORPH=empty
ot	öir	VERcjg	MORPH=empty
et	et	CONcoo	MORPH=empty
antant	entendre	VERcjg	MORPH=empty
bien	bien1	ADVgen	MORPH=empty
,	,	PONfbl	MORPH=empty
et	et	CONcoo	MORPH=empty
por	por2	PRE	MORPH=empty
ce	ce1	PROdem	MORPH=empty
n'	ne1	ADVneg	MORPH=empty
an	en2	PROadv	MORPH=empty
leira	laiier2	VERcjg	MORPH=empty
il	il	PROper	MORPH=empty
rien	rien	PROind	MORPH=empty
,	,	PONfbl	MORPH=empty
einz	ainz	ADVgen	MORPH=empty
s'	soi1	PROper	MORPH=empty
an	en2	PROadv	MORPH=empty
va	aler	VERcjg	MORPH=empty
saluant	salüer	VERppa	MORPH=empty
les	le	DETdef	MORPH=empty
rotes	rote4	NOMcom	MORPH=empty
,	,	PONfbl	MORPH=empty
et	et	CONcoo	MORPH=empty
il	il	PROper	MORPH=empty
li	il	PROper	MORPH=empty
randent	rendre	VERcjg	MORPH=empty
tuit	tot	PROind	MORPH=empty
et	et	CONcoo	MORPH=empty
totes	tot	DETind	MORPH=empty
son	son4	DETpos	MORPH=empty
salu	salu	NOMcom	MORPH=empty
,	,	PONfbl	MORPH=empty
si	si	ADVgen	MORPH=empty
con	come1	CONsub	MORPH=empty
il	il	PROimp	MORPH=empty
li	il	PROper	MORPH=empty
sanble	sembler	VERcjg	MORPH=empty
;	;	PONfbl	MORPH=empty
et	et	CONcoo	MORPH=empty
il	il	PROimp	MORPH=empty
li	il	PROper	MORPH=empty
solent	soudre	VERcjg	MORPH=empty
tuit	tot	PROind	MORPH=empty
ansanble	ensemble	ADVgen	MORPH=empty
et	et	CONcoo	MORPH=empty
an	en1	PRE	MORPH=empty
angoisse	angoisse	NOMcom	MORPH=empty
et	et	CONcoo	MORPH=empty
an	en1	PRE	MORPH=empty
destresce	destrece	NOMcom	MORPH=empty
.	.	PONfrt	MORPH=empty
Et	et	CONcoo	MORPH=empty
messire	seignor	NOMcom	MORPH=empty
Gauvains	Gauvain	NOMpro	MORPH=empty
s'	soi1	PROper	MORPH=empty
adresce	adrecier	VERcjg	MORPH=empty
au	a3+le	PRE.DETdef	MORPH=empty
palefroi	palefroi	NOMcom	MORPH=empty
et	et	CONcoo	MORPH=empty
tant	tendre1	VERcjg	MORPH=empty
la	le	DETdef	MORPH=empty
main	main2	NOMcom	MORPH=empty
et	et	CONcoo	MORPH=empty
le	il	PROper	MORPH=empty
vialt	voloir	VERcjg	MORPH=empty
panre	prendre	VERinf	MORPH=empty
par	par	PRE	MORPH=empty
le	le	DETdef	MORPH=empty
frain	frein	NOMcom	MORPH=empty
,	,	PONfbl	MORPH=empty
que	que4	CONcoo	MORPH=empty
frains	frein	NOMcom	MORPH=empty
ne	ne2	CONcoo	MORPH=empty
sele	sele	NOMcom	MORPH=empty
n'	ne1	ADVneg	MORPH=empty
i	i2	PROadv	MORPH=empty
failloit	falir	VERcjg	MORPH=empty
;	;	PONfbl	MORPH=empty
mes	mais1	CONcoo	MORPH=empty
.i.	un	DETndf	MORPH=empty
grant	grant	ADJqua	MORPH=empty
chevalier	chevalier	NOMcom	MORPH=empty
avoit	avoir	VERcjg	MORPH=empty
soz	soz	PRE	MORPH=empty
.i.	un	DETndf	MORPH=empty
olivier	olivier1	NOMcom	MORPH=empty
verdeant	verdoiier	VERppa	MORPH=empty
,	,	PONfbl	MORPH=empty
qui	qui	PROrel	MORPH=empty
dit	dire	VERcjg	MORPH=empty
:	:	PONfbl	MORPH=empty
"	"	PONpxx	MORPH=empty
Chevaliers	chevalier	NOMcom	MORPH=empty
,	,	PONfbl	MORPH=empty
por	por2	PRE	MORPH=empty
neant	nïent	PROind	MORPH=empty
es	estre1	VERcjg	MORPH=empty
venuz	venir	VERppe	MORPH=empty
por	por2	PRE	MORPH=empty
le	le	DETdef	MORPH=empty
palefroi	palefroi	NOMcom	MORPH=empty
.	.	PONfrt	MORPH=empty
Or	or4	ADVgen	MORPH=empty
n'	ne1	ADVneg	MORPH=empty
i	i2	PROadv	MORPH=empty
tandes	tendre1	VERcjg	MORPH=empty
tu	tu	PROper	MORPH=empty
ja	ja	ADVgen	MORPH=empty
le	le	DETdef	MORPH=empty
doi	doi	NOMcom	MORPH=empty
,	,	PONfbl	MORPH=empty
qu'	que4	CONcoo	MORPH=empty
il	il	PROper	MORPH=empty
te	tu	PROper	MORPH=empty
vandroit	venir	VERcjg	MORPH=empty
de	de	PRE	MORPH=empty
grant	grant	ADJqua	MORPH=empty
orguel	orgueil	NOMcom	MORPH=empty
!	!	PONfrt	MORPH=empty
Et	et	CONcoo	MORPH=empty
neporquant	neporcant	ADVgen	MORPH=empty
ge	je	PROper	MORPH=empty
ne	ne1	ADVneg	MORPH=empty
te	tu	PROper	MORPH=empty
vuel	voloir	VERcjg	MORPH=empty
ne	ne2	CONcoo	MORPH=empty
contredire	contredire	VERinf	MORPH=empty
ne	ne2	CONcoo	MORPH=empty
desfandre	defendre	VERinf	MORPH=empty
,	,	PONfbl	MORPH=empty
se	se	CONsub	MORPH=empty
tu	tu	PROper	MORPH=empty
as	avoir	VERcjg	MORPH=empty
boen	bon	ADJqua	MORPH=empty
talant	talent	NOMcom	MORPH=empty
del	de+le	PRE.DETdef	MORPH=empty
prandre	prendre	VERinf	MORPH=empty
.	.	PONfrt	MORPH=empty
Mes	mais1	CONcoo	MORPH=empty
ge	je	PROper	MORPH=empty
te	tu	PROper	MORPH=empty
lo	löer1	VERcjg	MORPH=empty
que	que4	CONsub	MORPH=empty
tu	tu	PROper	MORPH=empty
t'	tu	PROper	MORPH=empty
an	en2	PROadv	MORPH=empty
ailles	aler	VERcjg	MORPH=empty
:	:	PONfbl	MORPH=empty
aillors	aillors	ADVgen	MORPH=empty
de	de	PRE	MORPH=empty
ci	ci	ADVgen	MORPH=empty
,	,	PONfbl	MORPH=empty
se	se	CONsub	MORPH=empty
tu	tu	PROper	MORPH=empty
le	il	PROper	MORPH=empty
bailles	baillier	VERcjg	MORPH=empty
,	,	PONfbl	MORPH=empty
trop	trop	ADVgen	MORPH=empty
grant	grant	ADJqua	MORPH=empty
desfansse	defense	NOMcom	MORPH=empty
i	i2	PROadv	MORPH=empty
troveras	trover	VERcjg	MORPH=empty
.	.	PONfrt	MORPH=empty
Por	por2	PRE	MORPH=empty
ce	ce1	PROdem	MORPH=empty
ne	ne1	ADVneg	MORPH=empty
le	il	PROper	MORPH=empty
leirai	laiier2	VERcjg	MORPH=empty
ge	je	PROper	MORPH=empty
pas	pas	ADVneg	MORPH=empty
,	,	PONfbl	MORPH=empty
fet	faire	VERcjg	MORPH=empty
messire	seignor	NOMcom	MORPH=empty
Gauvains	Gauvain	NOMpro	MORPH=empty
,	,	PONfbl	MORPH=empty
biau	bel1	ADJqua	MORPH=empty
sire	seignor	NOMcom	MORPH=empty
,	,	PONfbl	MORPH=empty
que	que4	CONsub	MORPH=empty
la	le	DETdef	MORPH=empty
pucele	pucele	NOMcom	MORPH=empty
qui	qui	PROrel	MORPH=empty
se	soi1	PROper	MORPH=empty
mire	mirer	VERcjg	MORPH=empty
desoz	desoz	PRE	MORPH=empty
cel	cel	DETdem	MORPH=empty
arbre	arbre	NOMcom	MORPH=empty
m'	je	PROper	MORPH=empty
i	i2	PROadv	MORPH=empty
anvoie	envoiier	VERcjg	MORPH=empty
,	,	PONfbl	MORPH=empty
et	et	CONcoo	MORPH=empty
se	se	CONsub	MORPH=empty
ge	je	PROper	MORPH=empty
or	or4	ADVgen	MORPH=empty
ne	ne1	ADVneg	MORPH=empty
l'	il	PROper	MORPH=empty
i	i2	PROadv	MORPH=empty
menoie	mener	VERcjg	MORPH=empty
,	,	PONfbl	MORPH=empty
qu'	que3	PROint	MORPH=empty
esteroie	estre1	VERcjg	MORPH=empty
ge	je	PROper	MORPH=empty
venuz	venir	VERppe	MORPH=empty
querre	querre	VERinf	MORPH=empty
?	?	PONfrt	MORPH=empty
Ge	je	PROper	MORPH=empty
seroie	estre1	VERcjg	MORPH=empty
honiz	honir	VERppe	MORPH=empty
an	en1	PRE	MORPH=empty
terre	terre	NOMcom	MORPH=empty
come	come1	CONsub	MORPH=empty
recreanz	recroire	VERppa	MORPH=empty
et	et	CONcoo	MORPH=empty
failliz	falir	VERppe	MORPH=empty
.	.	PONfrt	MORPH=empty
Et	et	CONcoo	MORPH=empty
tu	tu	PROper	MORPH=empty
an	en2	PROadv	MORPH=empty
seras	estre1	VERcjg	MORPH=empty
malbailliz	maubaillir	VERppe	MORPH=empty
,	,	PONfbl	MORPH=empty
fet	faire	VERcjg	MORPH=empty
li	le	DETdef	MORPH=empty
granz	grant	ADJqua	MORPH=empty
chevaliers	chevalier	NOMcom	MORPH=empty
,	,	PONfbl	MORPH=empty
biau	bel1	ADJqua	MORPH=empty
frere	frere	NOMcom	MORPH=empty
,	,	PONfbl	MORPH=empty
que	que4	CONcoo	MORPH=empty
par	par	PRE	MORPH=empty
Deu	Dieu	NOMpro	MORPH=empty
,	,	PONfbl	MORPH=empty
le	le	DETdef	MORPH=empty
soverain	soverain	ADJqua	MORPH=empty
pere	pere1	NOMcom	MORPH=empty
,	,	PONfbl	MORPH=empty
cui	cui	PROrel	MORPH=empty
ge	je	PROper	MORPH=empty
voldroie	voloir	VERcjg	MORPH=empty
m'	mon1	DETpos	MORPH=empty
ame	ame	NOMcom	MORPH=empty
randre	rendre	VERinf	MORPH=empty
,	,	PONfbl	MORPH=empty
onques	onque	ADVgen	MORPH=empty
chevalier	chevalier	NOMcom	MORPH=empty
nel	ne1+il	ADVneg.PROper	MORPH=empty
vi	vëoir	VERcjg	MORPH=empty
prandre	prendre	VERinf	MORPH=empty
ensi	ainsi	ADVgen	MORPH=empty
con	come1	CONsub	MORPH=empty
tu	tu	PROper	MORPH=empty
mener	mener	VERinf	MORPH=empty
l'	il	PROper	MORPH=empty
an	en2	PROadv	MORPH=empty
viax	voloir	VERcjg	MORPH=empty
,	,	PONfbl	MORPH=empty
que	que4	CONsub	MORPH=empty
il	il	PROimp	MORPH=empty
ne	ne1	ADVneg	MORPH=empty
l'	il	PROper	MORPH=empty
an	en2	PROadv	MORPH=empty
avenist	avenant	VERcjg	MORPH=empty
diax	duel	NOMcom	MORPH=empty
,	,	PONfbl	MORPH=empty
qu'	que4	CONsub	MORPH=empty
il	il	PROper	MORPH=empty
n'	ne1	ADVneg	MORPH=empty
aüst	avoir	VERcjg	MORPH=empty
la	le	DETdef	MORPH=empty
teste	teste	NOMcom	MORPH=empty
tranchiee	trenchier1	VERppe	MORPH=empty
.	.	PONfrt	MORPH=empty
Ensi	ainsi	ADVgen	MORPH=empty
dot	doter2	VERcjg	MORPH=empty
ge	je	PROper	MORPH=empty
ne	ne1	ADVneg	MORPH=empty
t'	tu	PROper	MORPH=empty
an	en2	PROadv	MORPH=empty
meschiee	meschëoir	VERcjg	MORPH=empty
.	.	PONfrt	MORPH=empty
Et	et	CONcoo	MORPH=empty
se	se	CONsub	MORPH=empty
ge	je	PROper	MORPH=empty
le	il	PROper	MORPH=empty
t'	tu	PROper	MORPH=empty
ai	avoir	VERcjg	MORPH=empty
desfandu	defendre	VERppe	MORPH=empty
,	,	PONfbl	MORPH=empty
ge	je	PROper	MORPH=empty
n'	ne1	ADVneg	MORPH=empty
i	i2	PROadv	MORPH=empty
ai	avoir	VERcjg	MORPH=empty
nul	nul	DETind	MORPH=empty
mal	mal1	NOMcom	MORPH=empty
antandu	entendre	VERppe	MORPH=empty
,	,	PONfbl	MORPH=empty
que	que4	CONsub	MORPH=empty
,	,	PONfbl	MORPH=empty
se	se	CONsub	MORPH=empty
tu	tu	PROper	MORPH=empty
viax	voloir	VERcjg	MORPH=empty
,	,	PONfbl	MORPH=empty
tu	tu	PROper	MORPH=empty
l'	il	PROper	MORPH=empty
an	en2	PROadv	MORPH=empty
manras	mener	VERcjg	MORPH=empty
,	,	PONfbl	MORPH=empty
ja	ja	ADVgen	MORPH=empty
por	por2	PRE	MORPH=empty
nelui	nul	PROind	MORPH=empty
nel	ne1+il	ADVneg.PROper	MORPH=empty
leisseras	laissier	VERcjg	MORPH=empty
ne	ne2	CONcoo	MORPH=empty
por	por2	PRE	MORPH=empty
home	ome	NOMcom	MORPH=empty
que	que2	PROrel	MORPH=empty
tu	tu	PROper	MORPH=empty
ci	ci	ADVgen	MORPH=empty
voies	vëoir	VERcjg	MORPH=empty
.	.	PONfrt	MORPH=empty
Mes	mais1	CONcoo	MORPH=empty
tu	tu	PROper	MORPH=empty
an	en2	PROadv	MORPH=empty
tanras	tenir1	VERcjg	MORPH=empty
males	mal1	ADJqua	MORPH=empty
voies	voie	NOMcom	MORPH=empty
se	se	CONsub	MORPH=empty
tu	tu	PROper	MORPH=empty
la	le	DETdef	MORPH=empty
main	main2	NOMcom	MORPH=empty
i	i2	PROadv	MORPH=empty
oses	oser	VERcjg	MORPH=empty
metre	metre2	VERinf	MORPH=empty
.	.	PONfrt	MORPH=empty
Ne	ne1	ADVneg	MORPH=empty
t'	tu	PROper	MORPH=empty
an	en2	PROadv	MORPH=empty
lo	löer1	VERcjg	MORPH=empty
mie	mie	ADVneg	MORPH=empty
a	a3	PRE	MORPH=empty
entremetre	entremetre	VERinf	MORPH=empty
,	,	PONfbl	MORPH=empty
que	que4	CONcoo	MORPH=empty
tu	tu	PROper	MORPH=empty
an	en2	PROadv	MORPH=empty
perdroies	perdre	VERcjg	MORPH=empty
la	le	DETdef	MORPH=empty
teste	teste	NOMcom	MORPH=empty
.	.	PONfrt	MORPH=empty
"	"	PONpxx	MORPH=empty
Messire	seignor	NOMcom	MORPH=empty
Gauvains	Gauvain	NOMpro	MORPH=empty
n'	ne1	ADVneg	MORPH=empty
i	i2	PROadv	MORPH=empty
areste	arester	VERcjg	MORPH=empty
tant	tant	ADVgen	MORPH=empty
ne	ne2	CONcoo	MORPH=empty
quant	cant2	PROind	MORPH=empty
aprés	après	PRE	MORPH=empty
ice	ice2	DETdem	MORPH=empty
mot	mot	NOMcom	MORPH=empty
.	.	PONfrt	MORPH=empty
Le	le	DETdef	MORPH=empty
palefroi	palefroi	NOMcom	MORPH=empty
,	,	PONfbl	MORPH=empty
qui	qui	PROrel	MORPH=empty
la	le	DETdef	MORPH=empty
teste	teste	NOMcom	MORPH=empty
ot	avoir	VERcjg	MORPH=empty
d'	de	PRE	MORPH=empty
une	un	DETndf	MORPH=empty
part	part1	NOMcom	MORPH=empty
noire	noir	ADJqua	MORPH=empty
et	et	CONcoo	MORPH=empty
d'	de	PRE	MORPH=empty
autre	autre	PROind	MORPH=empty
blanche	blanc	ADJqua	MORPH=empty
,	,	PONfbl	MORPH=empty
fet	faire	VERcjg	MORPH=empty
devant	devant	PRE	MORPH=empty
lui	il	PROper	MORPH=empty
passer	passer1	VERinf	MORPH=empty
la	le	DETdef	MORPH=empty
planche	planche	NOMcom	MORPH=empty
,	,	PONfbl	MORPH=empty
que	que4	CONcoo	MORPH=empty
mout	mout	ADVgen	MORPH=empty
bien	bien1	ADVgen	MORPH=empty
passer	passer1	VERinf	MORPH=empty
la	il	PROper	MORPH=empty
savoit	savoir	VERcjg	MORPH=empty
,	,	PONfbl	MORPH=empty
que	que4	CONcoo	MORPH=empty
sovant	sovent	ADVgen	MORPH=empty
passee	passer1	VERppe	MORPH=empty
l'	il	PROper	MORPH=empty
avoit	avoir	VERcjg	MORPH=empty
,	,	PONfbl	MORPH=empty
si	si	ADVgen	MORPH=empty
an	en2	PROadv	MORPH=empty
estoit	estre1	VERcjg	MORPH=empty
duiz	duire	VERppe	MORPH=empty
et	et	CONcoo	MORPH=empty
apris	aprendre	VERppe	MORPH=empty
.	.	PONfrt	MORPH=empty
Et	et	CONcoo	MORPH=empty
messire	seignor	NOMcom	MORPH=empty
Gauvains	Gauvain	NOMpro	MORPH=empty
l'	il	PROper	MORPH=empty
a	avoir	VERcjg	MORPH=empty
pris	prendre	VERppe	MORPH=empty
par	par	PRE	MORPH=empty
la	le	DETdef	MORPH=empty
regne	resne2	NOMcom	MORPH=empty
,	,	PONfbl	MORPH=empty
qui	qui	PROrel	MORPH=empty
fu	estre1	VERcjg	MORPH=empty
de	de	PRE	MORPH=empty
soie	soie2	NOMcom	MORPH=empty
,	,	PONfbl	MORPH=empty
et	et	CONcoo	MORPH=empty
vient	venir	VERcjg	MORPH=empty
a	a3	PRE	MORPH=empty
l'	le	DETdef	MORPH=empty
aubre	arbre	NOMcom	MORPH=empty
droite	droit	ADJqua	MORPH=empty
voie	voie	NOMcom	MORPH=empty
ou	où	PROrel	MORPH=empty
la	le	DETdef	MORPH=empty
pucele	pucele	NOMcom	MORPH=empty
se	soi1	PROper	MORPH=empty
miroit	mirer	VERcjg	MORPH=empty
,	,	PONfbl	MORPH=empty
qui	qui	PROrel	MORPH=empty
son	son4	DETpos	MORPH=empty
mantel	mantel	NOMcom	MORPH=empty
lessié	laissier	VERppe	MORPH=empty
avoit	avoir	VERcjg	MORPH=empty
,	,	PONfbl	MORPH=empty
et	et	CONcoo	MORPH=empty
sa	son4	DETpos	MORPH=empty
guinple	guimple	NOMcom	MORPH=empty
,	,	PONfbl	MORPH=empty
a	a3	PRE	MORPH=empty
terre	terre	NOMcom	MORPH=empty
cheoir	chëoir	VERinf	MORPH=empty
por	por2	PRE	MORPH=empty
ce	ce1	PROdem	MORPH=empty
que	que4	CONsub	MORPH=empty
l'	le	DETdef	MORPH=empty
an	on	PROind	MORPH=empty
puisse	pöoir	VERcjg	MORPH=empty
veoir	vëoir	VERinf	MORPH=empty
sa	son4	DETpos	MORPH=empty
face	face	NOMcom	MORPH=empty
et	et	CONcoo	MORPH=empty
son	son4	DETpos	MORPH=empty
cors	cors1	NOMcom	MORPH=empty
a	a3	PRE	MORPH=empty
delivre	delivre2	NOMcom	MORPH=empty
.	.	PONfrt	MORPH=empty
Et	et	CONcoo	MORPH=empty
messire	seignor	NOMcom	MORPH=empty
Gauvains	Gauvain	NOMpro	MORPH=empty
li	il	PROper	MORPH=empty
livre	livrer	VERcjg	MORPH=empty
le	le	DETdef	MORPH=empty
palefroi	palefroi	NOMcom	MORPH=empty
atot	atot	PRE	MORPH=empty
la	le	DETdef	MORPH=empty
sele	sele	NOMcom	MORPH=empty
et	et	CONcoo	MORPH=empty
dit	dire	VERcjg	MORPH=empty
:	:	PONfbl	MORPH=empty
"	"	PONpxx	MORPH=empty
Or	or4	ADVgen	MORPH=empty
ça	ça	ADVgen	MORPH=empty
,	,	PONfbl	MORPH=empty
venez	venir	VERcjg	MORPH=empty
,	,	PONfbl	MORPH=empty
pucele	pucele	NOMcom	MORPH=empty
,	,	PONfbl	MORPH=empty
si	si	ADVgen	MORPH=empty
vos	vos	PROper	MORPH=empty
aiderai	aidier	VERcjg	MORPH=empty
a	a3	PRE	MORPH=empty
monter	monter	VERinf	MORPH=empty
.	.	PONfrt	MORPH=empty
Ce	ce1	PROdem	MORPH=empty
ne	ne1	ADVneg	MORPH=empty
te	tu	PROper	MORPH=empty
lest	laissier	VERcjg	MORPH=empty
ja	ja	ADVgen	MORPH=empty
Dex	Dieu	NOMpro	MORPH=empty
conter	conter	VERinf	MORPH=empty
,	,	PONfbl	MORPH=empty
fet	faire	VERcjg	MORPH=empty
la	le	DETdef	MORPH=empty
pucele	pucele	NOMcom	MORPH=empty
,	,	PONfbl	MORPH=empty
an	en1	PRE	MORPH=empty
leu	lieu	NOMcom	MORPH=empty
ou	où	PROrel	MORPH=empty
vaingnes	venir	VERcjg	MORPH=empty
,	,	PONfbl	MORPH=empty
que	que4	CONsub	MORPH=empty
tu	tu	PROper	MORPH=empty
antre	entre	VERcjg	MORPH=empty
tes	ton4	DETpos	MORPH=empty
braz	braz	NOMcom	MORPH=empty
me	je	PROper	MORPH=empty
taignes	tenir1	VERcjg	MORPH=empty
!	!	PONfrt	MORPH=empty
Se	se	CONsub	MORPH=empty
tu	tu	PROper	MORPH=empty
avoies	avoir	VERcjg	MORPH=empty
rien	rien	PROind	MORPH=empty
tenue	tenir1	VERppe	MORPH=empty
qui	qui	PROrel	MORPH=empty
fust	estre1	VERcjg	MORPH=empty
sor	sor2	PRE	MORPH=empty
moi	je	PROper	MORPH=empty
de	de	PRE	MORPH=empty
ta	ton4	DETpos	MORPH=empty
main	main2	NOMcom	MORPH=empty
nue	nu1	ADJqua	MORPH=empty
et	et	CONcoo	MORPH=empty
que	que4	CONsub	MORPH=empty
m'	je	PROper	MORPH=empty
aüsses	avoir	VERcjg	MORPH=empty
nes	nëis	ADVgen	MORPH=empty
santie	sentir	VERppe	MORPH=empty
,	,	PONfbl	MORPH=empty
je	je	PROper	MORPH=empty
cuideroie	cuidier1	VERcjg	MORPH=empty
estre	estre1	VERinf	MORPH=empty
honie	honir	VERppe	MORPH=empty
.	.	PONfrt	MORPH=empty
Il	il	PROimp	MORPH=empty
me	je	PROper	MORPH=empty
seroit	estre1	VERcjg	MORPH=empty
trop	trop	ADVgen	MORPH=empty
mescheü	meschëoir	VERppe	MORPH=empty
s'	se	CONsub	MORPH=empty
il	il	PROper	MORPH=empty
estoit	estre1	VERcjg	MORPH=empty
conté	conter	VERppe	MORPH=empty
ne	ne2	CONcoo	MORPH=empty
seü	savoir	VERppe	MORPH=empty
qu'	que4	CONsub	MORPH=empty
a	a3	PRE	MORPH=empty
ma	mon1	DETpos	MORPH=empty
char	char2	NOMcom	MORPH=empty
eüsses	avoir	VERcjg	MORPH=empty
tochié	tochier	VERppe	MORPH=empty
.	.	PONfrt	MORPH=empty
Mialz	mieus	ADVgen	MORPH=empty
an	en2	PROadv	MORPH=empty
voldroie	voloir	VERcjg	MORPH=empty
avoir	avoir	VERinf	MORPH=empty
tranchié	trenchier1	VERppe	MORPH=empty
le	le	DETdef	MORPH=empty
cuir	cuir	NOMcom	MORPH=empty
et	et	CONcoo	MORPH=empty
la	le	DETdef	MORPH=empty
char	char2	NOMcom	MORPH=empty
jusqu'	jusque	PRE	MORPH=empty
as	a3+le	PRE.DETdef	MORPH=empty
os	os2	NOMcom	MORPH=empty
d'	de	PRE	MORPH=empty
iluec	iluec	ADVgen	MORPH=empty
androit	endroit	ADVgen	MORPH=empty
,	,	PONfbl	MORPH=empty
bien	bien1	ADVgen	MORPH=empty
dire	dire	VERinf	MORPH=empty
l'	il	PROper	MORPH=empty
os	oser	VERcjg	MORPH=empty
.	.	PONfrt	MORPH=empty
Leissiez	laissier	VERcjg	MORPH=empty
me	je	PROper	MORPH=empty
tost	tost1	ADVgen	MORPH=empty
le	le	DETdef	MORPH=empty
palefroi	palefroi	NOMcom	MORPH=empty
:	:	PONfbl	MORPH=empty
ge	je	PROper	MORPH=empty
monterai	monter	VERcjg	MORPH=empty
bien	bien1	ADVgen	MORPH=empty
,	,	PONfbl	MORPH=empty
par	par	PRE	MORPH=empty
ma	mon1	DETpos	MORPH=empty
foi	foi	NOMcom	MORPH=empty
,	,	PONfbl	MORPH=empty
que	que4	CONcoo	MORPH=empty
de	de	PRE	MORPH=empty
t'	ton4	DETpos	MORPH=empty
aïe	äie	NOMcom	MORPH=empty
ne	ne1	ADVneg	MORPH=empty
quier	querre	VERcjg	MORPH=empty
point	point	ADVneg	MORPH=empty
.	.	PONfrt	MORPH=empty
Et	et	CONcoo	MORPH=empty
Dex	Dieu	NOMpro	MORPH=empty
hui	ui	ADVgen	MORPH=empty
an	en1	PRE	MORPH=empty
cest	cest	DETdem	MORPH=empty
jor	jor	NOMcom	MORPH=empty
me	je	PROper	MORPH=empty
doint	doner	VERcjg	MORPH=empty
de	de	PRE	MORPH=empty
toi	tu	PROper	MORPH=empty
veoir	vëoir	VERinf	MORPH=empty
ce	ce1	PROdem	MORPH=empty
que	que2	PROrel	MORPH=empty
ge	je	PROper	MORPH=empty
cuit	cuidier1	VERcjg	MORPH=empty
;	;	PONfbl	MORPH=empty
grant	grant	ADJqua	MORPH=empty
joie	joie	NOMcom	MORPH=empty
avrai	avoir	VERcjg	MORPH=empty
ancor	encore	ADVgen	MORPH=empty
enuit	anuit	ADVgen	MORPH=empty
.	.	PONfrt	MORPH=empty
Et	et	CONcoo	MORPH=empty
va	aler	VERcjg	MORPH=empty
quel	quel1	DETrel	MORPH=empty
part	part1	NOMcom	MORPH=empty
que	que2	PROrel	MORPH=empty
tu	tu	PROper	MORPH=empty
voldras	voloir	VERcjg	MORPH=empty
,	,	PONfbl	MORPH=empty
que	que4	CONcoo	MORPH=empty
a	a3	PRE	MORPH=empty
mon	mon1	DETpos	MORPH=empty
cors	cors1	NOMcom	MORPH=empty
ne	ne2	CONcoo	MORPH=empty
a	a3	PRE	MORPH=empty
mes	mon1	DETpos	MORPH=empty
dras	drap	NOMcom	MORPH=empty
ne	ne1	ADVneg	MORPH=empty
tocheras	tochier	VERcjg	MORPH=empty
tu	tu	PROper	MORPH=empty
de	de	PRE	MORPH=empty
plus	plus	ADVgen	MORPH=empty
pres	près	ADVgen	MORPH=empty
;	;	PONfbl	MORPH=empty
et	et	CONcoo	MORPH=empty
ge	je	PROper	MORPH=empty
irai	aler	VERcjg	MORPH=empty
toz	tot	DETind	MORPH=empty
jorz	jor	NOMcom	MORPH=empty
aprés	après	PRE	MORPH=empty
tant	tant	ADVgen	MORPH=empty
que	que4	CONsub	MORPH=empty
par	par	PRE	MORPH=empty
moi	je	PROper	MORPH=empty
t'	tu	PROper	MORPH=empty
iert	estre1	VERcjg	MORPH=empty
avenue	avenant	VERppe	MORPH=empty
aucune	aucun	DETind	MORPH=empty
granz	grant	ADJqua	MORPH=empty
descovenue	descovenue	NOMcom	MORPH=empty
de	de	PRE	MORPH=empty
honte	honte	NOMcom	MORPH=empty
et	et	CONcoo	MORPH=empty
de	de	PRE	MORPH=empty
mesavanture	mesaventure	NOMcom	MORPH=empty
,	,	PONfbl	MORPH=empty
que	que4	CONcoo	MORPH=empty
ge	je	PROper	MORPH=empty
an	en2	PROadv	MORPH=empty
sui	estre1	VERcjg	MORPH=empty
tote	tot	ADVgen	MORPH=empty
seüre	sëur2	ADJqua	MORPH=empty
que	que4	CONsub	MORPH=empty
ge	je	PROper	MORPH=empty
te	tu	PROper	MORPH=empty
verrai	vëoir	VERcjg	MORPH=empty
malbaillir	maubaillir	VERinf	MORPH=empty
:	:	PONfbl	MORPH=empty
ne	ne2	CONcoo	MORPH=empty
qu'	que4	CONsub	MORPH=empty
a	a3	PRE	MORPH=empty
la	le	DETdef	MORPH=empty
mort	mort	NOMcom	MORPH=empty
n'	ne1	ADVneg	MORPH=empty
i	i2	PROadv	MORPH=empty
puez	pöoir	VERcjg	MORPH=empty
faillir	falir	VERinf	MORPH=empty
.	.	PONfrt	MORPH=empty
"	"	PONpxx	MORPH=empty
Messire	seignor	NOMcom	MORPH=empty
Gauvains	Gauvain	NOMpro	MORPH=empty
tot	tot	PROind	MORPH=empty
escoute	escouter	VERcjg	MORPH=empty
quanque	cantque	PROrel	MORPH=empty
la	le	DETdef	MORPH=empty
dameisele	damoisele	NOMcom	MORPH=empty
estoute	estout	ADJqua	MORPH=empty
li	il	PROper	MORPH=empty
dit	dire	VERcjg	MORPH=empty
,	,	PONfbl	MORPH=empty
c'	que4	CONsub	MORPH=empty
onques	onque	ADVgen	MORPH=empty
mot	mot	NOMcom	MORPH=empty
ne	ne1	ADVneg	MORPH=empty
li	il	PROper	MORPH=empty
sone	soner	VERcjg	MORPH=empty
,	,	PONfbl	MORPH=empty
mes	mais1	CONcoo	MORPH=empty
que	que4	CONsub	MORPH=empty
son	son4	DETpos	MORPH=empty
palefroi	palefroi	NOMcom	MORPH=empty
li	il	PROper	MORPH=empty
done	doner	VERcjg	MORPH=empty
,	,	PONfbl	MORPH=empty
et	et	CONcoo	MORPH=empty
ele	il	PROper	MORPH=empty
son	son4	DETpos	MORPH=empty
cheval	cheval	NOMcom	MORPH=empty
li	il	PROper	MORPH=empty
lesse	laissier	VERcjg	MORPH=empty
.	.	PONfrt	MORPH=empty
Et	et	CONcoo	MORPH=empty
messire	seignor	NOMcom	MORPH=empty
Gauvains	Gauvain	NOMpro	MORPH=empty
s'	soi1	PROper	MORPH=empty
abesse	abaissier	VERcjg	MORPH=empty
,	,	PONfbl	MORPH=empty
qui	qui	PROrel	MORPH=empty
de	de	PRE	MORPH=empty
terre	terre	NOMcom	MORPH=empty
voloit	voloir	VERcjg	MORPH=empty
lever	lever	VERinf	MORPH=empty
son	son4	DETpos	MORPH=empty
mantel	mantel	NOMcom	MORPH=empty
por	por2	PRE	MORPH=empty
li	il	PROper	MORPH=empty
afubler	afubler	VERinf	MORPH=empty
;	;	PONfbl	MORPH=empty
et	et	CONcoo	MORPH=empty
la	le	DETdef	MORPH=empty
dameisele	damoisele	NOMcom	MORPH=empty
l'	il	PROper	MORPH=empty
esgarde	esgarder	VERcjg	MORPH=empty
,	,	PONfbl	MORPH=empty
qui	qui	PROrel	MORPH=empty
n'	ne1	ADVneg	MORPH=empty
estoit	estre1	VERcjg	MORPH=empty
lante	lent1	ADJqua	MORPH=empty
ne	ne2	CONcoo	MORPH=empty
coarde	cöart	ADJqua	MORPH=empty
de	de	PRE	MORPH=empty
dire	dire	VERinf	MORPH=empty
a	a3	PRE	MORPH=empty
.i.	un	DETndf	MORPH=empty
chevalier	chevalier	NOMcom	MORPH=empty
honte	honte	NOMcom	MORPH=empty
:	:	PONfbl	MORPH=empty
"	"	PONpxx	MORPH=empty
Vasax	vassal	NOMcom	MORPH=empty
,	,	PONfbl	MORPH=empty
fet	faire	VERcjg	MORPH=empty
ele	il	PROper	MORPH=empty
,	,	PONfbl	MORPH=empty
a	a3	PRE	MORPH=empty
vos	vos	PROper	MORPH=empty
que	que3	PROint	MORPH=empty
monte	monter	VERcjg	MORPH=empty
de	de	PRE	MORPH=empty
mon	mon1	DETpos	MORPH=empty
mantel	mantel	NOMcom	MORPH=empty
ne	ne2	CONcoo	MORPH=empty
de	de	PRE	MORPH=empty
ma	mon1	DETpos	MORPH=empty
guinple	guimple	NOMcom	MORPH=empty
?	?	PONfrt	MORPH=empty
Par	par	PRE	MORPH=empty
Deu	Dieu	NOMpro	MORPH=empty
,	,	PONfbl	MORPH=empty
ge	je	PROper	MORPH=empty
ne	ne1	ADVneg	MORPH=empty
sui	estre1	VERcjg	MORPH=empty
pas	pas	ADVneg	MORPH=empty
si	si	ADVgen	MORPH=empty
sinple	simple	ADJqua	MORPH=empty
con	come1	CONsub	MORPH=empty
tu	tu	PROper	MORPH=empty
cuides	cuidier1	VERcjg	MORPH=empty
de	de	PRE	MORPH=empty
la	le	DETdef	MORPH=empty
mitié	moitié	NOMcom	MORPH=empty
.	.	PONfrt	MORPH=empty
Ge	je	PROper	MORPH=empty
n'	ne1	ADVneg	MORPH=empty
ai	avoir	VERcjg	MORPH=empty
voir	voir	ADVgen	MORPH=empty
nule	nul	DETind	MORPH=empty
covoitié	covoitié	NOMcom	MORPH=empty
que	que4	CONsub	MORPH=empty
de	de	PRE	MORPH=empty
moi	je	PROper	MORPH=empty
servir	servir	VERinf	MORPH=empty
t'	tu	PROper	MORPH=empty
antremetes	entremetre	VERcjg	MORPH=empty
,	,	PONfbl	MORPH=empty
car	car	CONcoo	MORPH=empty
tu	tu	PROper	MORPH=empty
n'	ne1	ADVneg	MORPH=empty
as	avoir	VERcjg	MORPH=empty
mie	mie	ADVneg	MORPH=empty
tes	ton4	DETpos	MORPH=empty
mains	main2	NOMcom	MORPH=empty
netes	net2	ADJqua	MORPH=empty
por	por2	PRE	MORPH=empty
tenir	tenir1	VERinf	MORPH=empty
chose	chose	NOMcom	MORPH=empty
que	que2	PROrel	MORPH=empty
ge	je	PROper	MORPH=empty
veste	vestir	VERcjg	MORPH=empty
ne	ne2	CONcoo	MORPH=empty
que	que2	PROrel	MORPH=empty
ge	je	PROper	MORPH=empty
mete	metre2	VERcjg	MORPH=empty
antor	entor	PRE	MORPH=empty
ma	mon1	DETpos	MORPH=empty
teste	teste	NOMcom	MORPH=empty
.	.	PONfrt	MORPH=empty
Doiz	devoir	VERcjg	MORPH=empty
tu	tu	PROper	MORPH=empty
tenir	tenir1	VERinf	MORPH=empty
chose	chose	NOMcom	MORPH=empty
qui	qui	PROrel	MORPH=empty
toche	tochier	VERcjg	MORPH=empty
ne	ne2	CONcoo	MORPH=empty
a	a3	PRE	MORPH=empty
mes	mon1	DETpos	MORPH=empty
ialz	ueil	NOMcom	MORPH=empty
ne	ne2	CONcoo	MORPH=empty
a	a3	PRE	MORPH=empty
ma	mon1	DETpos	MORPH=empty
boche	boche	NOMcom	MORPH=empty
ne	ne2	CONcoo	MORPH=empty
a	a3	PRE	MORPH=empty
mon	mon1	DETpos	MORPH=empty
front	front	NOMcom	MORPH=empty
ne	ne2	CONcoo	MORPH=empty
a	a3	PRE	MORPH=empty
ma	mon1	DETpos	MORPH=empty
face	face	NOMcom	MORPH=empty
?	?	PONfrt	MORPH=empty
Ja	ja	ADVgen	MORPH=empty
au	a3+le	PRE.DETdef	MORPH=empty
fil	fil2	NOMcom	MORPH=empty
Damedeu	Damnedeu	NOMpro	MORPH=empty
ne	ne1	ADVneg	MORPH=empty
place	plaire	VERcjg	MORPH=empty
que	que4	CONsub	MORPH=empty
ge	je	PROper	MORPH=empty
ja	ja	ADVgen	MORPH=empty
aie	avoir	VERcjg	MORPH=empty
an	en1	PRE	MORPH=empty
nule	nul	DETind	MORPH=empty
guise	guise	NOMcom	MORPH=empty
talant	talent	NOMcom	MORPH=empty
de	de	PRE	MORPH=empty
prandre	prendre	VERinf	MORPH=empty
ton	ton4	DETpos	MORPH=empty
servise	servise	NOMcom	MORPH=empty
.	.	PONfrt	MORPH=empty
"	"	PONpxx	MORPH=empty
Ensi	ainsi	ADVgen	MORPH=empty
la	le	DETdef	MORPH=empty
pucele	pucele	NOMcom	MORPH=empty
est	estre1	VERcjg	MORPH=empty
montee	monter	VERppe	MORPH=empty
,	,	PONfbl	MORPH=empty
si	si	ADVgen	MORPH=empty
s'	soi1	PROper	MORPH=empty
est	estre1	VERcjg	MORPH=empty
liee	liier3	VERppe	MORPH=empty
et	et	CONcoo	MORPH=empty
afublee	afubler	VERppe	MORPH=empty
,	,	PONfbl	MORPH=empty
et	et	CONcoo	MORPH=empty
dist	dire	VERcjg	MORPH=empty
:	:	PONfbl	MORPH=empty
"	"	PONpxx	MORPH=empty
Chevaliers	chevalier	NOMcom	MORPH=empty
,	,	PONfbl	MORPH=empty
or	or4	ADVgen	MORPH=empty
alez	aler	VERcjg	MORPH=empty
quel	quel1	DETrel	MORPH=empty
part	part1	NOMcom	MORPH=empty
que	que2	PROrel	MORPH=empty
vos	vos	PROper	MORPH=empty
onques	onque	ADVgen	MORPH=empty
volez	voloir	VERcjg	MORPH=empty
,	,	PONfbl	MORPH=empty
et	et	CONcoo	MORPH=empty
ge	je	PROper	MORPH=empty
vos	vos	PROper	MORPH=empty
sivrai	sivre	VERcjg	MORPH=empty
tote	tot	DETind	MORPH=empty
voie	voie	NOMcom	MORPH=empty
tant	tant	ADVgen	MORPH=empty
que	que4	CONsub	MORPH=empty
por	por2	PRE	MORPH=empty
moi	je	PROper	MORPH=empty
honir	honir	VERinf	MORPH=empty
vos	vos	PROper	MORPH=empty
voie	vëoir	VERcjg	MORPH=empty
.	.	PONfrt	MORPH=empty
Et	et	CONcoo	MORPH=empty
ce	ce1	PROdem	MORPH=empty
ert	estre1	VERcjg	MORPH=empty
ancui	encui	ADVgen	MORPH=empty
,	,	PONfbl	MORPH=empty
se	se	CONsub	MORPH=empty
Deu	Dieu	NOMpro	MORPH=empty
plest	plaire	VERcjg	MORPH=empty
.	.	PONfrt	MORPH=empty
"	"	PONpxx	MORPH=empty
Et	et	CONcoo	MORPH=empty
messire	seignor	NOMcom	MORPH=empty
Gauvains	Gauvain	NOMpro	MORPH=empty
se	soi1	PROper	MORPH=empty
test	taire	VERcjg	MORPH=empty
,	,	PONfbl	MORPH=empty
c'	que4	CONsub	MORPH=empty
onques	onque	ADVgen	MORPH=empty
nes	nëis	ADVgen	MORPH=empty
mot	mot	NOMcom	MORPH=empty
ne	ne1	ADVneg	MORPH=empty
li	il	PROper	MORPH=empty
respont	respondre1	VERcjg	MORPH=empty
.	.	PONfrt	MORPH=empty
Toz	tot	ADVgen	MORPH=empty
honteus	hontos	ADJqua	MORPH=empty
monte	monter	VERcjg	MORPH=empty
,	,	PONfbl	MORPH=empty
si	si	ADVgen	MORPH=empty
s'	soi1	PROper	MORPH=empty
an	en2	PROadv	MORPH=empty
vont	aler	VERcjg	MORPH=empty
,	,	PONfbl	MORPH=empty
si	si	ADVgen	MORPH=empty
s'	soi1	PROper	MORPH=empty
an	en2	PROadv	MORPH=empty
torne	torner	VERcjg	MORPH=empty
le	le	DETdef	MORPH=empty
chief	chief1	NOMcom	MORPH=empty
bessié	baissier	VERppe	MORPH=empty
vers	vers2	PRE	MORPH=empty
le	le	DETdef	MORPH=empty
chasne	chaisne	NOMcom	MORPH=empty
ou	où	PROrel	MORPH=empty
il	il	PROper	MORPH=empty
ot	avoir	VERcjg	MORPH=empty
lessié	laissier	VERppe	MORPH=empty
la	le	DETdef	MORPH=empty
pucele	pucele	NOMcom	MORPH=empty
et	et	CONcoo	MORPH=empty
le	le	DETdef	MORPH=empty
chevalier	chevalier	NOMcom	MORPH=empty
,	,	PONfbl	MORPH=empty
qui	qui	PROrel	MORPH=empty
de	de	PRE	MORPH=empty
mire	mire1	NOMcom	MORPH=empty
eüst	avoir	VERcjg	MORPH=empty
grant	grant	ADJqua	MORPH=empty
mestier	mestier	NOMcom	MORPH=empty
por	por2	PRE	MORPH=empty
ses	son4	DETpos	MORPH=empty
plaies	plaie1	NOMcom	MORPH=empty
que	que2	PROrel	MORPH=empty
il	il	PROper	MORPH=empty
avoit	avoir	VERcjg	MORPH=empty
.	.	PONfrt	MORPH=empty
Et	et	CONcoo	MORPH=empty
messire	seignor	NOMcom	MORPH=empty
Gauvains	Gauvain	NOMpro	MORPH=empty
savoit	savoir	VERcjg	MORPH=empty
plus	plus	ADVgen	MORPH=empty
que	que1	CONsub	MORPH=empty
nus	nul	DETind	MORPH=empty
hom	ome	NOMcom	MORPH=empty
de	de	PRE	MORPH=empty
garir	garir	VERinf	MORPH=empty
plaie	plaie1	NOMcom	MORPH=empty
.	.	PONfrt	MORPH=empty
Une	un	DETndf	MORPH=empty
herbe	erbe	NOMcom	MORPH=empty
voit	vëoir	VERcjg	MORPH=empty
an	en1	PRE	MORPH=empty
une	un	DETndf	MORPH=empty
haie	haie1	NOMcom	MORPH=empty
,	,	PONfbl	MORPH=empty
mout	mout	ADVgen	MORPH=empty
bone	bon	ADJqua	MORPH=empty
por	por2	PRE	MORPH=empty
dolor	dolor	NOMcom	MORPH=empty
tolir	tolir	VERinf	MORPH=empty
de	de	PRE	MORPH=empty
plaie	plaie1	NOMcom	MORPH=empty
,	,	PONfbl	MORPH=empty
et	et	CONcoo	MORPH=empty
il	il	PROper	MORPH=empty
la	il	PROper	MORPH=empty
va	aler	VERcjg	MORPH=empty
coillir	coillir	VERinf	MORPH=empty
.	.	PONfrt	MORPH=empty
L'	le	DETdef	MORPH=empty
erbe	erbe	NOMcom	MORPH=empty
a	avoir	VERcjg	MORPH=empty
coillie	coillir	VERppe	MORPH=empty
,	,	PONfbl	MORPH=empty
si	si	ADVgen	MORPH=empty
s'	soi1	PROper	MORPH=empty
an	en2	PROadv	MORPH=empty
va	aler	VERcjg	MORPH=empty
;	;	PONfbl	MORPH=empty
tant	tant	ADVgen	MORPH=empty
a	avoir	VERcjg	MORPH=empty
alé	aler	VERppe	MORPH=empty
que	que4	CONsub	MORPH=empty
il	il	PROper	MORPH=empty
trova	trover	VERcjg	MORPH=empty
la	le	DETdef	MORPH=empty
pucele	pucele	NOMcom	MORPH=empty
son	son4	DETpos	MORPH=empty
duel	duel	NOMcom	MORPH=empty
menant	mener	VERppa	MORPH=empty
,	,	PONfbl	MORPH=empty
et	et	CONcoo	MORPH=empty
ele	il	PROper	MORPH=empty
li	il	PROper	MORPH=empty
dist	dire	VERcjg	MORPH=empty
maintenant	maintenant	ADVgen	MORPH=empty
qu'	que4	CONsub	MORPH=empty
ele	il	PROper	MORPH=empty
le	il	PROper	MORPH=empty
vit	vëoir	VERcjg	MORPH=empty
:	:	PONfbl	MORPH=empty
"	"	PONpxx	MORPH=empty
Biax	bel1	ADJqua	MORPH=empty
sire	seignor	NOMcom	MORPH=empty
chiers	chier	ADJqua	MORPH=empty
,	,	PONfbl	MORPH=empty
or	or4	ADVgen	MORPH=empty
cuit	cuidier1	VERcjg	MORPH=empty
ge	je	PROper	MORPH=empty
que	que4	CONsub	MORPH=empty
cist	cest	DETdem	MORPH=empty
chevaliers	chevalier	NOMcom	MORPH=empty
soit	estre1	VERcjg	MORPH=empty
morz	morir	VERppe	MORPH=empty
,	,	PONfbl	MORPH=empty
qu'	que4	CONcoo	MORPH=empty
il	il	PROper	MORPH=empty
n'	ne1	ADVneg	MORPH=empty
ot	öir	VERcjg	MORPH=empty
mes	mais1	ADVgen	MORPH=empty
ne	ne2	CONcoo	MORPH=empty
antant	entendre	VERcjg	MORPH=empty
.	.	PONfrt	MORPH=empty
"	"	PONpxx	MORPH=empty
Et	et	CONcoo	MORPH=empty
messire	seignor	NOMcom	MORPH=empty
Gauvains	Gauvain	NOMpro	MORPH=empty
descent	descendre	VERcjg	MORPH=empty
,	,	PONfbl	MORPH=empty
si	si	ADVgen	MORPH=empty
trueve	trover	VERcjg	MORPH=empty
qu'	que4	CONsub	MORPH=empty
il	il	PROper	MORPH=empty
avoit	avoir	VERcjg	MORPH=empty
mout	mout	ADVgen	MORPH=empty
roide	roit1	ADJqua	MORPH=empty
le	le	DETdef	MORPH=empty
pos	pous3	NOMcom	MORPH=empty
et	et	CONcoo	MORPH=empty
n'	ne1	ADVneg	MORPH=empty
avoit	avoir	VERcjg	MORPH=empty
pas	pas	ADVneg	MORPH=empty
trop	trop	ADVgen	MORPH=empty
froide	froit1	ADJqua	MORPH=empty
ne	ne2	CONcoo	MORPH=empty
la	le	DETdef	MORPH=empty
boche	boche	NOMcom	MORPH=empty
ne	ne2	CONcoo	MORPH=empty
la	le	DETdef	MORPH=empty
messele	maissele	NOMcom	MORPH=empty
;	;	PONfbl	MORPH=empty
et	et	CONcoo	MORPH=empty
dist	dire	VERcjg	MORPH=empty
:	:	PONfbl	MORPH=empty
"	"	PONpxx	MORPH=empty
Cil	cel	DETdem	MORPH=empty
chevaliers	chevalier	NOMcom	MORPH=empty
,	,	PONfbl	MORPH=empty
pucele	pucele	NOMcom	MORPH=empty
,	,	PONfbl	MORPH=empty
est	estre1	VERcjg	MORPH=empty
vis	vif	ADJqua	MORPH=empty
,	,	PONfbl	MORPH=empty
tote	tot	ADVgen	MORPH=empty
an	en2	PROadv	MORPH=empty
soiez	estre1	VERcjg	MORPH=empty
certainne	certain	ADJqua	MORPH=empty
,	,	PONfbl	MORPH=empty
qu'	que4	CONcoo	MORPH=empty
il	il	PROper	MORPH=empty
a	avoir	VERcjg	MORPH=empty
boen	bon	ADJqua	MORPH=empty
pos	pous3	NOMcom	MORPH=empty
et	et	CONcoo	MORPH=empty
boene	bon	ADJqua	MORPH=empty
alainne	aleine	NOMcom	MORPH=empty
.	.	PONfrt	MORPH=empty
Et	et	CONcoo	MORPH=empty
se	se	CONsub	MORPH=empty
il	il	PROper	MORPH=empty
n'	ne1	ADVneg	MORPH=empty
a	avoir	VERcjg	MORPH=empty
plaie	plaie1	NOMcom	MORPH=empty
mortel	mortel	ADJqua	MORPH=empty
,	,	PONfbl	MORPH=empty
ge	je	PROper	MORPH=empty
li	il	PROper	MORPH=empty
aport	aporter	VERcjg	MORPH=empty
une	un	DETndf	MORPH=empty
herbe	erbe	NOMcom	MORPH=empty
tel	tel	ADJind	MORPH=empty
qui	qui	PROrel	MORPH=empty
mout	mout	ADVgen	MORPH=empty
,	,	PONfbl	MORPH=empty
ce	ce1	PROdem	MORPH=empty
cuit	cuidier1	VERcjg	MORPH=empty
,	,	PONfbl	MORPH=empty
li	il	PROper	MORPH=empty
aidera	aidier	VERcjg	MORPH=empty
et	et	CONcoo	MORPH=empty
ses	son4	DETpos	MORPH=empty
dolors	dolor	NOMcom	MORPH=empty
li	il	PROper	MORPH=empty
ostera	oster2	VERcjg	MORPH=empty
de	de	PRE	MORPH=empty
ses	son4	DETpos	MORPH=empty
plaies	plaie1	NOMcom	MORPH=empty
une	un	DETndf	MORPH=empty
partie	partie	NOMcom	MORPH=empty
tantost	tantost	ADVgen	MORPH=empty
que	que4	CONsub	MORPH=empty
il	il	PROper	MORPH=empty
l'	il	PROper	MORPH=empty
avra	avoir	VERcjg	MORPH=empty
santie	sentir	VERppe	MORPH=empty
,	,	PONfbl	MORPH=empty
que	que4	CONcoo	MORPH=empty
l'	le	DETdef	MORPH=empty
an	on	PROind	MORPH=empty
ne	ne1	ADVneg	MORPH=empty
set	savoir	VERcjg	MORPH=empty
sor	sor2	PRE	MORPH=empty
plaie	plaie1	NOMcom	MORPH=empty
metre	metre2	VERinf	MORPH=empty
meillor	meillor	ADJqua	MORPH=empty
herbe	erbe	NOMcom	MORPH=empty
,	,	PONfbl	MORPH=empty
ce	ce1	PROdem	MORPH=empty
dit	dire	VERcjg	MORPH=empty
la	le	DETdef	MORPH=empty
letre	letre	NOMcom	MORPH=empty
,	,	PONfbl	MORPH=empty
qui	qui	PROrel	MORPH=empty
tesmoigne	tesmoignier	VERcjg	MORPH=empty
qu'	que4	CONsub	MORPH=empty
ele	il	PROper	MORPH=empty
a	avoir	VERcjg	MORPH=empty
tel	tel	DETind	MORPH=empty
force	force2	NOMcom	MORPH=empty
,	,	PONfbl	MORPH=empty
qui	qui	PROrel	MORPH=empty
la	il	PROper	MORPH=empty
metroit	metre2	VERcjg	MORPH=empty
desor	desor	PRE	MORPH=empty
l'	le	DETdef	MORPH=empty
escorce	escorce	NOMcom	MORPH=empty
d'	de	PRE	MORPH=empty
un	un	DETndf	MORPH=empty
arbre	arbre	NOMcom	MORPH=empty
qui	qui	PROrel	MORPH=empty
fust	estre1	VERcjg	MORPH=empty
ancisiez	enciser	VERppe	MORPH=empty
mes	mais1	ADVgen	MORPH=empty
que	que2	PROrel	MORPH=empty
del	de+le	PRE.DETdef	MORPH=empty
tot	tot	PROind	MORPH=empty
ne	ne1	ADVneg	MORPH=empty
fust	estre1	VERcjg	MORPH=empty
tranchiez	trenchier1	VERppe	MORPH=empty
,	,	PONfbl	MORPH=empty
que	que4	CONcoo	MORPH=empty
la	le	DETdef	MORPH=empty
racine	racine	NOMcom	MORPH=empty
reprandroit	reprendre1	VERcjg	MORPH=empty
et	et	CONcoo	MORPH=empty
li	le	DETdef	MORPH=empty
arbres	arbre	NOMcom	MORPH=empty
tex	tel	ADJind	MORPH=empty
devandroit	devenir	VERcjg	MORPH=empty
qu'	que4	CONsub	MORPH=empty
il	il	PROper	MORPH=empty
porroit	pöoir	VERcjg	MORPH=empty
fuillier	foillier1	VERinf	MORPH=empty
et	et	CONcoo	MORPH=empty
florir	florir	VERinf	MORPH=empty
.	.	PONfrt	MORPH=empty
Puis	puis	ADVgen	MORPH=empty
n'	ne1	ADVneg	MORPH=empty
avroit	avoir	VERcjg	MORPH=empty
garde	garde	NOMcom	MORPH=empty
de	de	PRE	MORPH=empty
morir	morir	VERinf	MORPH=empty
,	,	PONfbl	MORPH=empty
ma	mon1	DETpos	MORPH=empty
dameisele	damoisele	NOMcom	MORPH=empty
,	,	PONfbl	MORPH=empty
vostre	vostre	DETpos	MORPH=empty
amis	ami	NOMcom	MORPH=empty
,	,	PONfbl	MORPH=empty
qui	qui	PROrel	MORPH=empty
ceste	cest	DETdem	MORPH=empty
herbe	erbe	NOMcom	MORPH=empty
li	il	PROper	MORPH=empty
avroit	avoir	VERcjg	MORPH=empty
mis	metre2	VERppe	MORPH=empty
sor	sor2	PRE	MORPH=empty
ses	son4	DETpos	MORPH=empty
plaies	plaie1	NOMcom	MORPH=empty
et	et	CONcoo	MORPH=empty
bien	bien1	ADVgen	MORPH=empty
liee	liier3	VERppe	MORPH=empty
.	.	PONfrt	MORPH=empty
Mes	mais1	CONcoo	MORPH=empty
une	un	DETndf	MORPH=empty
guinple	guimple	NOMcom	MORPH=empty
deliee	deliié	ADJqua	MORPH=empty
por	por2	PRE	MORPH=empty
bien	bien1	ADVgen	MORPH=empty
lier	liier3	VERinf	MORPH=empty
i	i2	PROadv	MORPH=empty
covandroit	covenir	VERcjg	MORPH=empty
.	.	PONfrt	MORPH=empty
Je	je	PROper	MORPH=empty
vos	vos	PROper	MORPH=empty
baillerai	baillier	VERcjg	MORPH=empty
or	or4	ADVgen	MORPH=empty
androit	endroit	ADVgen	MORPH=empty
,	,	PONfbl	MORPH=empty
fet	faire	VERcjg	MORPH=empty
cele	cel	PROdem	MORPH=empty
cui	cui	PROrel	MORPH=empty
il	il	PROimp	MORPH=empty
n'	ne1	ADVneg	MORPH=empty
est	estre1	VERcjg	MORPH=empty
pas	pas	ADVneg	MORPH=empty
grief	grief	ADJqua	MORPH=empty
,	,	PONfbl	MORPH=empty
celi	cel	PROdem	MORPH=empty
meïsmes	mëisme	ADJind	MORPH=empty
de	de	PRE	MORPH=empty
mon	mon1	DETpos	MORPH=empty
chief	chief1	NOMcom	MORPH=empty
,	,	PONfbl	MORPH=empty
qu'	que4	CONcoo	MORPH=empty
autre	autre	PROind	MORPH=empty
n'	ne1	ADVneg	MORPH=empty
ai	avoir	VERcjg	MORPH=empty
ge	je	PROper	MORPH=empty
ci	ci	ADVgen	MORPH=empty
aportee	aporter	VERppe	MORPH=empty
.	.	PONfrt	MORPH=empty
"	"	PONpxx	MORPH=empty
La	le	DETdef	MORPH=empty
guinple	guimple	NOMcom	MORPH=empty
a	avoir	VERcjg	MORPH=empty
de	de	PRE	MORPH=empty
son	son4	DETpos	MORPH=empty
chief	chief1	NOMcom	MORPH=empty
ostee	oster2	VERppe	MORPH=empty
,	,	PONfbl	MORPH=empty
qui	qui	PROrel	MORPH=empty
mout	mout	ADVgen	MORPH=empty
fu	estre1	VERcjg	MORPH=empty
deliee	deliié	ADJqua	MORPH=empty
et	et	CONcoo	MORPH=empty
blanche	blanc	ADJqua	MORPH=empty
;	;	PONfbl	MORPH=empty
et	et	CONcoo	MORPH=empty
messire	seignor	NOMcom	MORPH=empty
Gauvains	Gauvain	NOMpro	MORPH=empty
la	il	PROper	MORPH=empty
tranche	trenchier1	VERcjg	MORPH=empty
,	,	PONfbl	MORPH=empty
qu'	que4	CONcoo	MORPH=empty
ainsi	ainsi	ADVgen	MORPH=empty
fere	faire	VERinf	MORPH=empty
li	il	PROper	MORPH=empty
covenoit	covenir	VERcjg	MORPH=empty
,	,	PONfbl	MORPH=empty
et	et	CONcoo	MORPH=empty
de	de	PRE	MORPH=empty
l'	le	DETdef	MORPH=empty
erbe	erbe	NOMcom	MORPH=empty
que	que2	PROrel	MORPH=empty
il	il	PROper	MORPH=empty
tenoit	tenir1	VERcjg	MORPH=empty
sor	sor2	PRE	MORPH=empty
totes	tot	DETind	MORPH=empty
ses	son4	DETpos	MORPH=empty
plaies	plaie1	NOMcom	MORPH=empty
li	il	PROper	MORPH=empty
lie	liier3	VERcjg	MORPH=empty
,	,	PONfbl	MORPH=empty
et	et	CONcoo	MORPH=empty
la	le	DETdef	MORPH=empty
pucele	pucele	NOMcom	MORPH=empty
li	il	PROper	MORPH=empty
aïe	aidier	VERcjg	MORPH=empty
au	a3+le	PRE.DETdef	MORPH=empty
mialz	mieus	ADVgen	MORPH=empty
qu'	que1	CONsub	MORPH=empty
el	il	PROper	MORPH=empty
set	savoir	VERcjg	MORPH=empty
et	et	CONcoo	MORPH=empty
qu'	que2	PROrel	MORPH=empty
ele	il	PROper	MORPH=empty
puet	pöoir	VERcjg	MORPH=empty
.	.	PONfrt	MORPH=empty
Messire	seignor	NOMcom	MORPH=empty
Gauvains	Gauvain	NOMpro	MORPH=empty
ne	ne1	ADVneg	MORPH=empty
se	soi1	PROper	MORPH=empty
muet	movoir	VERcjg	MORPH=empty
tant	tant	ADVgen	MORPH=empty
que	que4	CONsub	MORPH=empty
li	le	DETdef	MORPH=empty
chevaliers	chevalier	NOMcom	MORPH=empty
sopire	sospirer	VERcjg	MORPH=empty
et	et	CONcoo	MORPH=empty
parole	parler	VERcjg	MORPH=empty
et	et	CONcoo	MORPH=empty
dist	dire	VERcjg	MORPH=empty
:	:	PONfbl	MORPH=empty
"	"	PONpxx	MORPH=empty
Dex	Dieu	NOMpro	MORPH=empty
li	il	PROper	MORPH=empty
mire	merir	VERcjg	MORPH=empty
qui	qui	PROrel	MORPH=empty
la	le	DETdef	MORPH=empty
parole	parole	NOMcom	MORPH=empty
m'	je	PROper	MORPH=empty
a	avoir	VERcjg	MORPH=empty
randue	rendre	VERppe	MORPH=empty
,	,	PONfbl	MORPH=empty
que	que4	CONcoo	MORPH=empty
mout	mout	ADVgen	MORPH=empty
ai	avoir	VERcjg	MORPH=empty
grant	grant	ADJqua	MORPH=empty
peor	pëor	NOMcom	MORPH=empty
eüe	avoir	VERppe	MORPH=empty
de	de	PRE	MORPH=empty
morir	morir	VERinf	MORPH=empty
sanz	sans	PRE	MORPH=empty
confession	confessïon	NOMcom	MORPH=empty
.	.	PONfrt	MORPH=empty
Li	le	DETdef	MORPH=empty
deable	dïable	NOMcom	MORPH=empty
a	a3	PRE	MORPH=empty
procession	processïon	NOMcom	MORPH=empty
estoient	estre1	VERcjg	MORPH=empty
m'	mon1	DETpos	MORPH=empty
ame	ame	NOMcom	MORPH=empty
venu	venir	VERppe	MORPH=empty
querre	querre	VERinf	MORPH=empty
.	.	PONfrt	MORPH=empty
Einz	ainz	ADVgen	MORPH=empty
que	que4	CONsub	MORPH=empty
mes	mon1	DETpos	MORPH=empty
cors	cors1	NOMcom	MORPH=empty
soit	estre1	VERcjg	MORPH=empty
mis	metre2	VERppe	MORPH=empty
an	en1	PRE	MORPH=empty
terre	terre	NOMcom	MORPH=empty
voldroie	voloir	VERcjg	MORPH=empty
mout	mout	ADVgen	MORPH=empty
estre	estre1	VERinf	MORPH=empty
confés	confès	ADJqua	MORPH=empty
.	.	PONfrt	MORPH=empty
Ge	je	PROper	MORPH=empty
sai	savoir	VERcjg	MORPH=empty
.i.	un	DETndf	MORPH=empty
chapelain	chapelain	NOMcom	MORPH=empty
ci	ci	ADVgen	MORPH=empty
pres	près	ADVgen	MORPH=empty
,	,	PONfbl	MORPH=empty
se	se	CONsub	MORPH=empty
j'	je	PROper	MORPH=empty
avoie	avoir	VERcjg	MORPH=empty
sor	sor2	PRE	MORPH=empty
coi	coi2	PROrel	MORPH=empty
monter	monter	VERinf	MORPH=empty
,	,	PONfbl	MORPH=empty
cui	cui	PROrel	MORPH=empty
g'	je	PROper	MORPH=empty
iroie	aler	VERcjg	MORPH=empty
dire	dire	VERinf	MORPH=empty
et	et	CONcoo	MORPH=empty
conter	conter	VERinf	MORPH=empty
mes	mon1	DETpos	MORPH=empty
pechiez	pechié	NOMcom	MORPH=empty
an	en1	PRE	MORPH=empty
confession	confessïon	NOMcom	MORPH=empty
et	et	CONcoo	MORPH=empty
panroie	prendre	VERcjg	MORPH=empty
comenion	comunïon	NOMcom	MORPH=empty
.	.	PONfrt	MORPH=empty
Ja	ja	ADVgen	MORPH=empty
la	le	DETdef	MORPH=empty
mort	mort	NOMcom	MORPH=empty
n'	ne1	ADVneg	MORPH=empty
an	en2	PROadv	MORPH=empty
redoteroie	redoter1	VERcjg	MORPH=empty
puis	puis	ADVgen	MORPH=empty
que	que4	CONsub	MORPH=empty
comeniez	comuniier	VERppe	MORPH=empty
seroie	estre1	VERcjg	MORPH=empty
et	et	CONcoo	MORPH=empty
ma	mon1	DETpos	MORPH=empty
confesse	confesse	NOMcom	MORPH=empty
avroie	avoir	VERcjg	MORPH=empty
prise	prendre	VERppe	MORPH=empty
.	.	PONfrt	MORPH=empty
Mes	mais1	CONcoo	MORPH=empty
or	or4	ADVgen	MORPH=empty
me	je	PROper	MORPH=empty
faites	faire	VERcjg	MORPH=empty
.i.	un	DETndf	MORPH=empty
servise	servise	NOMcom	MORPH=empty
,	,	PONfbl	MORPH=empty
se	se	CONsub	MORPH=empty
il	il	PROimp	MORPH=empty
ne	ne1	ADVneg	MORPH=empty
vos	vos	PROper	MORPH=empty
doit	devoir	VERcjg	MORPH=empty
enuier	enoiier	VERinf	MORPH=empty
:	:	PONfbl	MORPH=empty
le	le	DETdef	MORPH=empty
roncin	roncin	NOMcom	MORPH=empty
a	a3	PRE	MORPH=empty
cel	cel	DETdem	MORPH=empty
escuier	escuier2	NOMcom	MORPH=empty
me	je	PROper	MORPH=empty
donez	doner	VERcjg	MORPH=empty
,	,	PONfbl	MORPH=empty
qui	qui	PROrel	MORPH=empty
la	là	ADVgen	MORPH=empty
vient	venir	VERcjg	MORPH=empty
le	le	DETdef	MORPH=empty
trot	trot	NOMcom	MORPH=empty
.	.	PONfrt	MORPH=empty
"	"	PONpxx	MORPH=empty
Et	et	CONcoo	MORPH=empty
quant	cant1	CONsub	MORPH=empty
messire	seignor	NOMcom	MORPH=empty
Gauvains	Gauvain	NOMpro	MORPH=empty
l'	il	PROper	MORPH=empty
ot	öir	VERcjg	MORPH=empty
,	,	PONfbl	MORPH=empty
si	si	ADVgen	MORPH=empty
se	soi1	PROper	MORPH=empty
trestorne	trestorner	VERcjg	MORPH=empty
et	et	CONcoo	MORPH=empty
voit	vëoir	VERcjg	MORPH=empty
venant	venir	VERppa	MORPH=empty
.i.	un	DETndf	MORPH=empty
escuier	escuier2	NOMcom	MORPH=empty
desavenant	desavenir	VERppa	MORPH=empty
.	.	PONfrt	MORPH=empty
Et	et	CONcoo	MORPH=empty
quex	quel1	PROint	MORPH=empty
fu	estre1	VERcjg	MORPH=empty
il	il	PROper	MORPH=empty
,	,	PONfbl	MORPH=empty
dirai	dire	VERcjg	MORPH=empty
le	il	PROper	MORPH=empty
vos	vos	PROper	MORPH=empty
:	:	PONfbl	MORPH=empty
les	le	DETdef	MORPH=empty
chevox	chevel	NOMcom	MORPH=empty
ot	avoir	VERcjg	MORPH=empty
merlez	mesler	VERppe	MORPH=empty
et	et	CONcoo	MORPH=empty
ros	ros3	ADJqua	MORPH=empty
,	,	PONfbl	MORPH=empty
roides	roit1	ADJqua	MORPH=empty
et	et	CONcoo	MORPH=empty
contremont	contremont	ADVgen	MORPH=empty
dreciez	drecier	VERppe	MORPH=empty
come	come1	CONsub	MORPH=empty
pors	porc	NOMcom	MORPH=empty
qui	qui	PROrel	MORPH=empty
est	estre1	VERcjg	MORPH=empty
hericiez	hericier	VERppe	MORPH=empty
,	,	PONfbl	MORPH=empty
et	et	CONcoo	MORPH=empty
les	le	DETdef	MORPH=empty
sorcix	sorcil	NOMcom	MORPH=empty
ot	avoir	VERcjg	MORPH=empty
autretés	autretel	PROind	MORPH=empty
,	,	PONfbl	MORPH=empty
que	que1	CONsub	MORPH=empty
tot	tot	DETind	MORPH=empty
le	le	DETdef	MORPH=empty
vis	vis1	NOMcom	MORPH=empty
et	et	CONcoo	MORPH=empty
tot	tot	DETind	MORPH=empty
le	le	DETdef	MORPH=empty
nes	nés	NOMcom	MORPH=empty
li	il	PROper	MORPH=empty
covroient	covrir	VERcjg	MORPH=empty
jusqu'	jusque	PRE	MORPH=empty
as	a3+le	PRE.DETdef	MORPH=empty
grenons	grenon	NOMcom	MORPH=empty
,	,	PONfbl	MORPH=empty
que	que2	PROrel	MORPH=empty
il	il	PROper	MORPH=empty
avoit	avoir	VERcjg	MORPH=empty
tortiz	tortiz	ADJqua	MORPH=empty
et	et	CONcoo	MORPH=empty
lons	lonc	ADJqua	MORPH=empty
.	.	PONfrt	MORPH=empty
Boche	boche	NOMcom	MORPH=empty
ot	avoir	VERcjg	MORPH=empty
fandue	fendre	VERppe	MORPH=empty
et	et	CONcoo	MORPH=empty
barbe	barbe	NOMcom	MORPH=empty
lee	lé	ADJqua	MORPH=empty
,	,	PONfbl	MORPH=empty
tondue	tondre1	VERppe	MORPH=empty
et	et	CONcoo	MORPH=empty
puis	puis	ADVgen	MORPH=empty
recercelee	recerceler	VERppe	MORPH=empty
,	,	PONfbl	MORPH=empty
et	et	CONcoo	MORPH=empty
cort	cort2	ADJqua	MORPH=empty
le	le	DETdef	MORPH=empty
col	col	NOMcom	MORPH=empty
et	et	CONcoo	MORPH=empty
le	le	DETdef	MORPH=empty
piz	piz	NOMcom	MORPH=empty
haut	haut	ADJqua	MORPH=empty
.	.	PONfrt	MORPH=empty
Talant	talent	NOMcom	MORPH=empty
a	avoir	VERcjg	MORPH=empty
qu'	que4	CONsub	MORPH=empty
ancontre	encontre1	PRE	MORPH=empty
lui	il	PROper	MORPH=empty
aut	aler	VERcjg	MORPH=empty
messire	seignor	NOMcom	MORPH=empty
Gauvains	Gauvain	NOMpro	MORPH=empty
por	por2	PRE	MORPH=empty
savoir	savoir	VERinf	MORPH=empty
s'	se	CONsub	MORPH=empty
il	il	PROper	MORPH=empty
porroit	pöoir	VERcjg	MORPH=empty
le	le	DETdef	MORPH=empty
roncin	roncin	NOMcom	MORPH=empty
avoir	avoir	VERinf	MORPH=empty
,	,	PONfbl	MORPH=empty
mes	mais1	CONcoo	MORPH=empty
ençois	ainçois	ADVgen	MORPH=empty
au	a3+le	PRE.DETdef	MORPH=empty
chevalier	chevalier	NOMcom	MORPH=empty
dist	dire	VERcjg	MORPH=empty
:	:	PONfbl	MORPH=empty
"	"	PONpxx	MORPH=empty
Sire	seignor	NOMcom	MORPH=empty
,	,	PONfbl	MORPH=empty
se	se	CONsub	MORPH=empty
Damedex	Damnedeu	NOMpro	MORPH=empty
m'	je	PROper	MORPH=empty
aïst	aidier	VERcjg	MORPH=empty
,	,	PONfbl	MORPH=empty
ne	ne1	ADVneg	MORPH=empty
sai	savoir	VERcjg	MORPH=empty
qui	qui	PROrel	MORPH=empty
est	estre1	VERcjg	MORPH=empty
li	le	DETdef	MORPH=empty
escuiers	escuier2	NOMcom	MORPH=empty
,	,	PONfbl	MORPH=empty
einz	ainz	ADVgen	MORPH=empty
vos	vos	PROper	MORPH=empty
donroie	doner	VERcjg	MORPH=empty
.vii.	7	DETcar	MORPH=empty
destriers	destrier1	NOMcom	MORPH=empty
,	,	PONfbl	MORPH=empty
se	se	CONsub	MORPH=empty
ges	je+il	PROper.PROper	MORPH=empty
avoie	avoir	VERcjg	MORPH=empty
ci	ci	ADVgen	MORPH=empty
an	en1	PRE	MORPH=empty
destre	destre	ADJqua	MORPH=empty
,	,	PONfbl	MORPH=empty
que	que4	CONsub	MORPH=empty
son	son4	DETpos	MORPH=empty
cheval	cheval	NOMcom	MORPH=empty
,	,	PONfbl	MORPH=empty
tex	tel	ADJind	MORPH=empty
puet	pöoir	VERcjg	MORPH=empty
il	il	PROper	MORPH=empty
estre	estre1	VERinf	MORPH=empty
.	.	PONfrt	MORPH=empty
Sire	seignor	NOMcom	MORPH=empty
,	,	PONfbl	MORPH=empty
fet	faire	VERcjg	MORPH=empty
il	il	PROper	MORPH=empty
,	,	PONfbl	MORPH=empty
or	or4	ADVgen	MORPH=empty
sachiez	savoir	VERcjg	MORPH=empty
bien	bien1	ADVgen	MORPH=empty
qu'	que4	CONsub	MORPH=empty
il	il	PROper	MORPH=empty
ne	ne1	ADVneg	MORPH=empty
va	aler	VERcjg	MORPH=empty
querant	querre	VERppa	MORPH=empty
nule	nul	DETind	MORPH=empty
rien	rien	NOMcom	MORPH=empty
se	se	CONsub	MORPH=empty
vostre	vostre	DETpos	MORPH=empty
mal	mal1	NOMcom	MORPH=empty
non	non	ADVneg	MORPH=empty
,	,	PONfbl	MORPH=empty
se	se	CONsub	MORPH=empty
il	il	PROper	MORPH=empty
puet	pöoir	VERcjg	MORPH=empty
.	.	PONfrt	MORPH=empty
"	"	PONpxx	MORPH=empty
Et	et	CONcoo	MORPH=empty
messire	seignor	NOMcom	MORPH=empty
Gauvains	Gauvain	NOMpro	MORPH=empty
s'	soi1	PROper	MORPH=empty
esmuet	esmovoir	VERcjg	MORPH=empty
contre	contre	PRE	MORPH=empty
l'	le	DETdef	MORPH=empty
escuier	escuier2	NOMcom	MORPH=empty
qui	qui	PROrel	MORPH=empty
venoit	venir	VERcjg	MORPH=empty
,	,	PONfbl	MORPH=empty
si	si	ADVgen	MORPH=empty
li	il	PROper	MORPH=empty
demande	demander	VERcjg	MORPH=empty
ou	où	PROrel	MORPH=empty
il	il	PROper	MORPH=empty
aloit	aler	VERcjg	MORPH=empty
;	;	PONfbl	MORPH=empty
et	et	CONcoo	MORPH=empty
cil	cel	PROdem	MORPH=empty
qui	qui	PROrel	MORPH=empty
n'	ne1	ADVneg	MORPH=empty
ert	estre1	VERcjg	MORPH=empty
pas	pas	ADVneg	MORPH=empty
debonaire	debonaire	ADJqua	MORPH=empty
li	il	PROper	MORPH=empty
dist	dire	VERcjg	MORPH=empty
:	:	PONfbl	MORPH=empty
"	"	PONpxx	MORPH=empty
Vassax	vassal	NOMcom	MORPH=empty
,	,	PONfbl	MORPH=empty
qu'	que3	PROint	MORPH=empty
as	avoir	VERcjg	MORPH=empty
tu	tu	PROper	MORPH=empty
a	a3	PRE	MORPH=empty
faire	faire	VERinf	MORPH=empty
ou	où	PROrel	MORPH=empty
ge	je	PROper	MORPH=empty
voise	aler	VERcjg	MORPH=empty
ne	ne2	CONcoo	MORPH=empty
don	dont	PROrel	MORPH=empty
je	je	PROper	MORPH=empty
veingne	venir	VERcjg	MORPH=empty
ne	ne2	CONcoo	MORPH=empty
de	de	PRE	MORPH=empty
quel	quel1	DETrel	MORPH=empty
voie	voie	NOMcom	MORPH=empty
que	que2	PROrel	MORPH=empty
ge	je	PROper	MORPH=empty
teingne	tenir1	VERcjg	MORPH=empty
?	?	PONfrt	MORPH=empty
Li	le	DETdef	MORPH=empty
tuens	tuen	ADJpos	MORPH=empty
cors	cors1	NOMcom	MORPH=empty
ait	avoir	VERcjg	MORPH=empty
male	mal1	ADJqua	MORPH=empty
avanture	aventure	NOMcom	MORPH=empty
.	.	PONfrt	MORPH=empty
"	"	PONpxx	MORPH=empty
Messire	seignor	NOMcom	MORPH=empty
Gauvains	Gauvain	NOMpro	MORPH=empty
a	a3	PRE	MORPH=empty
droiture	droiture	NOMcom	MORPH=empty
tantost	tantost	ADVgen	MORPH=empty
li	il	PROper	MORPH=empty
paie	paiier	VERcjg	MORPH=empty
sa	son4	DETpos	MORPH=empty
desserte	deserte2	NOMcom	MORPH=empty
,	,	PONfbl	MORPH=empty
si	si	ADVgen	MORPH=empty
le	il	PROper	MORPH=empty
fiert	ferir	VERcjg	MORPH=empty
de	de	PRE	MORPH=empty
la	le	DETdef	MORPH=empty
paume	paume1	NOMcom	MORPH=empty
overte	ovrir	VERppe	MORPH=empty
,	,	PONfbl	MORPH=empty
a	a3	PRE	MORPH=empty
ce	ce1	PROdem	MORPH=empty
qu'	que4	CONsub	MORPH=empty
il	il	PROper	MORPH=empty
ot	avoir	VERcjg	MORPH=empty
le	le	DETdef	MORPH=empty
braz	braz	NOMcom	MORPH=empty
armé	armer	VERppe	MORPH=empty
et	et	CONcoo	MORPH=empty
del	de+le	PRE.DETdef	MORPH=empty
ferir	ferir	VERinf	MORPH=empty
grant	grant	ADJqua	MORPH=empty
volanté	volenté	NOMcom	MORPH=empty
,	,	PONfbl	MORPH=empty
si	si	ADVgen	MORPH=empty
qu'	que4	CONsub	MORPH=empty
il	il	PROper	MORPH=empty
versse	verser1	VERcjg	MORPH=empty
et	et	CONcoo	MORPH=empty
la	le	DETdef	MORPH=empty
sele	sele	NOMcom	MORPH=empty
vuide	vuidier	VERcjg	MORPH=empty
;	;	PONfbl	MORPH=empty
et	et	CONcoo	MORPH=empty
quant	cant1	CONsub	MORPH=empty
il	il	PROper	MORPH=empty
relever	relever	VERinf	MORPH=empty
se	soi1	PROper	MORPH=empty
cuide	cuidier1	VERcjg	MORPH=empty
,	,	PONfbl	MORPH=empty
si	si	ADVgen	MORPH=empty
rechancele	rechanceler	VERcjg	MORPH=empty
et	et	CONcoo	MORPH=empty
si	si	ADVgen	MORPH=empty
chiet	chëoir	VERcjg	MORPH=empty
jus	jus1	ADVgen	MORPH=empty
et	et	CONcoo	MORPH=empty
se	soi1	PROper	MORPH=empty
pasme	pasmer	VERcjg	MORPH=empty
.ix.	9	DETcar	MORPH=empty
foiz	foiz	NOMcom	MORPH=empty
ou	o3	CONcoo	MORPH=empty
plus	plus	ADVgen	MORPH=empty
.	.	PONfrt	MORPH=empty
Et	et	CONcoo	MORPH=empty
quant	cant1	CONsub	MORPH=empty
il	il	PROper	MORPH=empty
se	soi1	PROper	MORPH=empty
fu	estre1	VERcjg	MORPH=empty
relevez	relever	VERppe	MORPH=empty
,	,	PONfbl	MORPH=empty
si	si	ADVgen	MORPH=empty
dist	dire	VERcjg	MORPH=empty
:	:	PONfbl	MORPH=empty
"	"	PONpxx	MORPH=empty
Vassax	vassal	NOMcom	MORPH=empty
,	,	PONfbl	MORPH=empty
feru	ferir	VERppe	MORPH=empty
m'	je	PROper	MORPH=empty
avez	avoir	VERcjg	MORPH=empty
.	.	PONfrt	MORPH=empty
Voire	voir	ADVgen	MORPH=empty
,	,	PONfbl	MORPH=empty
fet	faire	VERcjg	MORPH=empty
il	il	PROper	MORPH=empty
,	,	PONfbl	MORPH=empty
feru	ferir	VERppe	MORPH=empty
t'	tu	PROper	MORPH=empty
ai	avoir	VERcjg	MORPH=empty
gié	je	PROper	MORPH=empty
,	,	PONfbl	MORPH=empty
mes	mais1	CONcoo	MORPH=empty
ne	ne1	ADVneg	MORPH=empty
t'	tu	PROper	MORPH=empty
ai	avoir	VERcjg	MORPH=empty
gaires	gaire	ADVgen	MORPH=empty
domagié	damagier	VERppe	MORPH=empty
;	;	PONfbl	MORPH=empty
et	et	CONcoo	MORPH=empty
si	si	ADVgen	MORPH=empty
m'	je	PROper	MORPH=empty
an	en2	PROadv	MORPH=empty
poise	peser	VERcjg	MORPH=empty
tote	tot	DETind	MORPH=empty
voie	voie	NOMcom	MORPH=empty
quant	cant1	CONsub	MORPH=empty
t'	tu	PROper	MORPH=empty
ai	avoir	VERcjg	MORPH=empty
feru	ferir	VERppe	MORPH=empty
,	,	PONfbl	MORPH=empty
se	se	CONsub	MORPH=empty
Dex	Dieu	NOMpro	MORPH=empty
me	je	PROper	MORPH=empty
voie	vëoir	VERcjg	MORPH=empty
;	;	PONfbl	MORPH=empty
mes	mais1	CONcoo	MORPH=empty
tu	tu	PROper	MORPH=empty
deïs	dire	VERcjg	MORPH=empty
grant	grant	ADJqua	MORPH=empty
musardie	musardie	NOMcom	MORPH=empty
.	.	PONfrt	MORPH=empty
Or	or4	ADVgen	MORPH=empty
ne	ne1	ADVneg	MORPH=empty
leirai	laiier2	VERcjg	MORPH=empty
,	,	PONfbl	MORPH=empty
fet	faire	VERcjg	MORPH=empty
cil	cel	PROdem	MORPH=empty
,	,	PONfbl	MORPH=empty
nel	ne1+il	ADVneg.PROper	MORPH=empty
die	dire	VERcjg	MORPH=empty
quel	quel1	DETrel	MORPH=empty
desserte	deserte2	NOMcom	MORPH=empty
vos	vos	PROper	MORPH=empty
en	en2	PROadv	MORPH=empty
avroiz	avoir	VERcjg	MORPH=empty
.	.	PONfrt	MORPH=empty
Le	le	DETdef	MORPH=empty
poing	poing	NOMcom	MORPH=empty
et	et	CONcoo	MORPH=empty
le	le	DETdef	MORPH=empty
braz	braz	NOMcom	MORPH=empty
an	en2	PROadv	MORPH=empty
perdroiz	perdre	VERcjg	MORPH=empty
don	dont	PROrel	MORPH=empty
vos	vos	PROper	MORPH=empty
m'	je	PROper	MORPH=empty
avez	avoir	VERcjg	MORPH=empty
le	le	DETdef	MORPH=empty
cop	coup1	NOMcom	MORPH=empty
doné	doner	VERppe	MORPH=empty
,	,	PONfbl	MORPH=empty
que	que4	CONcoo	MORPH=empty
ja	ja	ADVgen	MORPH=empty
ne	ne1	ADVneg	MORPH=empty
vos	vos	PROper	MORPH=empty
ert	estre1	VERcjg	MORPH=empty
pardoné	pardoner	VERppe	MORPH=empty
.	.	PONfrt	MORPH=empty
"	"	PONpxx	MORPH=empty
Andemantre	endementre	ADVgen	MORPH=empty
que	que4	CONsub	MORPH=empty
ce	ce1	PROdem	MORPH=empty
avint	avenant	VERcjg	MORPH=empty
,	,	PONfbl	MORPH=empty
au	a3+le	PRE.DETdef	MORPH=empty
chevalier	chevalier	NOMcom	MORPH=empty
parole	parole	NOMcom	MORPH=empty
vint	venir	VERcjg	MORPH=empty
el	en1+le	PRE.DETdef	MORPH=empty
chief	chief1	NOMcom	MORPH=empty
qu'	que2	PROrel	MORPH=empty
il	il	PROper	MORPH=empty
ot	avoir	VERcjg	MORPH=empty
eü	avoir	VERppe	MORPH=empty
mout	mout	ADVgen	MORPH=empty
vain	vain	ADJqua	MORPH=empty
,	,	PONfbl	MORPH=empty
et	et	CONcoo	MORPH=empty
dit	dire	VERcjg	MORPH=empty
a	a3	PRE	MORPH=empty
monseignor	seignor	NOMcom	MORPH=empty
Gauvain	Gauvain	NOMpro	MORPH=empty
:	:	PONfbl	MORPH=empty
"	"	PONpxx	MORPH=empty
Lessiez	laissier	VERcjg	MORPH=empty
cel	cel	DETdem	MORPH=empty
escuier	escuier2	NOMcom	MORPH=empty
,	,	PONfbl	MORPH=empty
biau	bel1	ADJqua	MORPH=empty
sire	seignor	NOMcom	MORPH=empty
.	.	PONfrt	MORPH=empty
Vos	vos	PROper	MORPH=empty
ne	ne1	ADVneg	MORPH=empty
li	il	PROper	MORPH=empty
orroiz	öir	VERcjg	MORPH=empty
ja	ja	ADVgen	MORPH=empty
rien	rien	PROind	MORPH=empty
dire	dire	VERinf	MORPH=empty
ou	où	PROrel	MORPH=empty
vos	vos	PROper	MORPH=empty
doiez	devoir	VERcjg	MORPH=empty
enor	onor	NOMcom	MORPH=empty
avoir	avoir	VERinf	MORPH=empty
.	.	PONfrt	MORPH=empty
Lessiez	laissier	VERcjg	MORPH=empty
le	il	PROper	MORPH=empty
,	,	PONfbl	MORPH=empty
si	si	ADVgen	MORPH=empty
feroiz	faire	VERcjg	MORPH=empty
savoir	savoir	VERinf	MORPH=empty
,	,	PONfbl	MORPH=empty
mes	mais1	CONcoo	MORPH=empty
son	son4	DETpos	MORPH=empty
roncin	roncin	NOMcom	MORPH=empty
m'	je	PROper	MORPH=empty
an	en2	PROadv	MORPH=empty
amenez	amener	VERppe	MORPH=empty
et	et	CONcoo	MORPH=empty
cele	cel	DETdem	MORPH=empty
pucele	pucele	NOMcom	MORPH=empty
prenez	prendre	VERcjg	MORPH=empty
que	que2	PROrel	MORPH=empty
vos	vos	PROper	MORPH=empty
veez	vëoir	VERcjg	MORPH=empty
ci	ci	ADVgen	MORPH=empty
delez	dalez	PRE	MORPH=empty
moi	je	PROper	MORPH=empty
,	,	PONfbl	MORPH=empty
si	si	ADVgen	MORPH=empty
restraigniez	restreindre	VERcjg	MORPH=empty
son	son4	DETpos	MORPH=empty
palefroi	palefroi	NOMcom	MORPH=empty
,	,	PONfbl	MORPH=empty
puis	puis	ADVgen	MORPH=empty
si	si	ADVgen	MORPH=empty
li	il	PROper	MORPH=empty
aidiez	aidier	VERcjg	MORPH=empty
a	a3	PRE	MORPH=empty
monter	monter	VERinf	MORPH=empty
,	,	PONfbl	MORPH=empty
que	que4	CONcoo	MORPH=empty
ge	je	PROper	MORPH=empty
ne	ne1	ADVneg	MORPH=empty
voel	voloir	VERcjg	MORPH=empty
ci	ci	ADVgen	MORPH=empty
plus	plus	ADVgen	MORPH=empty
ester	ester	VERinf	MORPH=empty
,	,	PONfbl	MORPH=empty
tant	tant	ADVgen	MORPH=empty
que	que4	CONsub	MORPH=empty
ge	je	PROper	MORPH=empty
soie	estre1	VERcjg	MORPH=empty
anhuliez	enoliier	VERppe	MORPH=empty
et	et	CONcoo	MORPH=empty
confés	confès	ADJqua	MORPH=empty
et	et	CONcoo	MORPH=empty
comeniez	comuniier	VERppe	MORPH=empty
;	;	PONfbl	MORPH=empty
einz	ainz	ADVgen	MORPH=empty
m'	je	PROper	MORPH=empty
an	en2	PROadv	MORPH=empty
irai	aler	VERcjg	MORPH=empty
,	,	PONfbl	MORPH=empty
se	se	CONsub	MORPH=empty
j'	je	PROper	MORPH=empty
onques	onque	ADVgen	MORPH=empty
puis	pöoir	VERcjg	MORPH=empty
,	,	PONfbl	MORPH=empty
sor	sor2	PRE	MORPH=empty
le	le	DETdef	MORPH=empty
roncin	roncin	NOMcom	MORPH=empty
et	et	CONcoo	MORPH=empty
querrai	querre	VERcjg	MORPH=empty
puis	puis	ADVgen	MORPH=empty
ou	où	PROrel	MORPH=empty
ge	je	PROper	MORPH=empty
me	je	PROper	MORPH=empty
porrai	pöoir	VERcjg	MORPH=empty
confesser	confesser	VERinf	MORPH=empty
,	,	PONfbl	MORPH=empty
que	que4	CONcoo	MORPH=empty
ge	je	PROper	MORPH=empty
ne	ne1	ADVneg	MORPH=empty
quier	querre	VERcjg	MORPH=empty
ja	ja	ADVgen	MORPH=empty
mes	mais1	ADVgen	MORPH=empty
cesser	cesser	VERinf	MORPH=empty
.	.	PONfrt	MORPH=empty
"	"	PONpxx	MORPH=empty
Tot	tot	ADVgen	MORPH=empty
maintenant	maintenant	ADVgen	MORPH=empty
le	le	DETdef	MORPH=empty
roncin	roncin	NOMcom	MORPH=empty
prant	prendre	VERcjg	MORPH=empty
messire	seignor	NOMcom	MORPH=empty
Gauvains	Gauvain	NOMpro	MORPH=empty
,	,	PONfbl	MORPH=empty
si	si	ADVgen	MORPH=empty
li	il	PROper	MORPH=empty
tant	tendre1	VERcjg	MORPH=empty
,	,	PONfbl	MORPH=empty
au	a3+le	PRE.DETdef	MORPH=empty
chevalier	chevalier	NOMcom	MORPH=empty
,	,	PONfbl	MORPH=empty
cui	cui	PROrel	MORPH=empty
la	le	DETdef	MORPH=empty
veüe	veüe	NOMcom	MORPH=empty
fu	estre1	VERcjg	MORPH=empty
resclarcie	resclarcir	VERppe	MORPH=empty
et	et	CONcoo	MORPH=empty
revenue	revenir	VERppe	MORPH=empty
,	,	PONfbl	MORPH=empty
s'	si	ADVgen	MORPH=empty
a	avoir	VERcjg	MORPH=empty
monseignor	seignor	NOMcom	MORPH=empty
Gauvain	Gauvain	NOMpro	MORPH=empty
veü	vëoir	VERppe	MORPH=empty
,	,	PONfbl	MORPH=empty
lors	lors	ADVgen	MORPH=empty
primes	prim	ADVgen	MORPH=empty
l'	il	PROper	MORPH=empty
a	avoir	VERcjg	MORPH=empty
reconeü	reconoistre	VERppe	MORPH=empty
.	.	PONfrt	MORPH=empty
Et	et	CONcoo	MORPH=empty
messire	seignor	NOMcom	MORPH=empty
Gauvains	Gauvain	NOMpro	MORPH=empty
a	avoir	VERcjg	MORPH=empty
prise	prendre	VERppe	MORPH=empty
la	le	DETdef	MORPH=empty
dameisele	damoisele	NOMcom	MORPH=empty
,	,	PONfbl	MORPH=empty
si	si	ADVgen	MORPH=empty
l'	il	PROper	MORPH=empty
a	avoir	VERcjg	MORPH=empty
mise	metre2	VERppe	MORPH=empty
desor	desor	PRE	MORPH=empty
le	le	DETdef	MORPH=empty
palefroi	palefroi	NOMcom	MORPH=empty
norrois	norois	ADJqua	MORPH=empty
,	,	PONfbl	MORPH=empty
come	come1	CONsub	MORPH=empty
debonaire	debonaire	ADJqua	MORPH=empty
et	et	CONcoo	MORPH=empty
cortois	cortois	ADJqua	MORPH=empty
.	.	PONfrt	MORPH=empty
Andemantres	endementre	ADVgen	MORPH=empty
qu'	que4	CONsub	MORPH=empty
il	il	PROper	MORPH=empty
l'	il	PROper	MORPH=empty
i	i2	PROadv	MORPH=empty
assist	asseoir	VERcjg	MORPH=empty
,	,	PONfbl	MORPH=empty
li	le	DETdef	MORPH=empty
chevaliers	chevalier	NOMcom	MORPH=empty
son	son4	DETpos	MORPH=empty
cheval	cheval	NOMcom	MORPH=empty
prist	prendre	VERcjg	MORPH=empty
et	et	CONcoo	MORPH=empty
monta	monter	VERcjg	MORPH=empty
sus	sus	ADVgen	MORPH=empty
,	,	PONfbl	MORPH=empty
sel	si+il	ADVgen.PROper	MORPH=empty
comança	comencier	VERcjg	MORPH=empty
a	a3	PRE	MORPH=empty
porsaillir	porsalir	VERinf	MORPH=empty
de	de	PRE	MORPH=empty
ça	ça	ADVgen	MORPH=empty
an	en1	PRE	MORPH=empty
ça	ça	ADVgen	MORPH=empty
.	.	PONfrt	MORPH=empty
Et	et	CONcoo	MORPH=empty
messire	seignor	NOMcom	MORPH=empty
Gauvains	Gauvain	NOMpro	MORPH=empty
l'	il	PROper	MORPH=empty
esgarde	esgarder	VERcjg	MORPH=empty
,	,	PONfbl	MORPH=empty
qu'	que4	CONcoo	MORPH=empty
il	il	PROper	MORPH=empty
galopoit	galoper	VERcjg	MORPH=empty
parmi	parmi	PRE	MORPH=empty
l'	le	DETdef	MORPH=empty
angarde	angarde	NOMcom	MORPH=empty
,	,	PONfbl	MORPH=empty
si	si	ADVgen	MORPH=empty
s'	soi1	PROper	MORPH=empty
an	en2	PROadv	MORPH=empty
mervoille	merveillier	VERcjg	MORPH=empty
et	et	CONcoo	MORPH=empty
si	si	ADVgen	MORPH=empty
s'	soi1	PROper	MORPH=empty
an	en2	PROadv	MORPH=empty
rist	rire	VERcjg	MORPH=empty
,	,	PONfbl	MORPH=empty
et	et	CONcoo	MORPH=empty
an	en1	PRE	MORPH=empty
riant	rire	VERppa	MORPH=empty
itant	itant	ADVgen	MORPH=empty
li	il	PROper	MORPH=empty
dist	dire	VERcjg	MORPH=empty
:	:	PONfbl	MORPH=empty
"	"	PONpxx	MORPH=empty
Sire	seignor	NOMcom	MORPH=empty
chevaliers	chevalier	NOMcom	MORPH=empty
,	,	PONfbl	MORPH=empty
par	par	PRE	MORPH=empty
ma	mon1	DETpos	MORPH=empty
foi	foi	NOMcom	MORPH=empty
,	,	PONfbl	MORPH=empty
c'	ce1	PROdem	MORPH=empty
est	estre1	VERcjg	MORPH=empty
granz	grant	ADJqua	MORPH=empty
folie	folie2	NOMcom	MORPH=empty
que	que2	PROrel	MORPH=empty
ge	je	PROper	MORPH=empty
voi	vëoir	VERcjg	MORPH=empty
,	,	PONfbl	MORPH=empty
quant	cant1	CONsub	MORPH=empty
vos	vos	PROper	MORPH=empty
mon	mon1	DETpos	MORPH=empty
cheval	cheval	NOMcom	MORPH=empty
porsailliez	porsalir	VERppe	MORPH=empty
.	.	PONfrt	MORPH=empty
Descendez	descendre	VERcjg	MORPH=empty
jus	jus1	ADVgen	MORPH=empty
,	,	PONfbl	MORPH=empty
sel	si+il	ADVgen.PROper	MORPH=empty
me	je	PROper	MORPH=empty
bailliez	baillier	VERcjg	MORPH=empty
,	,	PONfbl	MORPH=empty
que	que4	CONcoo	MORPH=empty
tost	tost1	ADVgen	MORPH=empty
vos	vos	PROper	MORPH=empty
an	en2	PROadv	MORPH=empty
porroiz	pöoir	VERcjg	MORPH=empty
grever	grever	VERinf	MORPH=empty
et	et	CONcoo	MORPH=empty
voz	vostre	DETpos	MORPH=empty
plaies	plaie1	NOMcom	MORPH=empty
fere	faire	VERinf	MORPH=empty
escrever	escrever	VERinf	MORPH=empty
.	.	PONfrt	MORPH=empty
"	"	PONpxx	MORPH=empty
Et	et	CONcoo	MORPH=empty
il	il	PROper	MORPH=empty
respont	respondre1	VERcjg	MORPH=empty
:	:	PONfbl	MORPH=empty
"	"	PONpxx	MORPH=empty
Gauvains	Gauvain	NOMpro	MORPH=empty
,	,	PONfbl	MORPH=empty
tes	taire	VERcjg	MORPH=empty
t'	tu	PROper	MORPH=empty
an	en2	PROadv	MORPH=empty
.	.	PONfrt	MORPH=empty
pran	prendre	VERcjg	MORPH=empty
le	le	DETdef	MORPH=empty
roncin	roncin	NOMcom	MORPH=empty
,	,	PONfbl	MORPH=empty
si	si	ADVgen	MORPH=empty
feras	faire	VERcjg	MORPH=empty
san	sen2	NOMcom	MORPH=empty
,	,	PONfbl	MORPH=empty
que	que4	CONcoo	MORPH=empty
au	a3+le	PRE.DETdef	MORPH=empty
cheval	cheval	NOMcom	MORPH=empty
as	avoir	VERcjg	MORPH=empty
tu	tu	PROper	MORPH=empty
failli	falir	VERppe	MORPH=empty
,	,	PONfbl	MORPH=empty
que	que4	CONcoo	MORPH=empty
ge	je	PROper	MORPH=empty
l'	il	PROper	MORPH=empty
ai	avoir	VERcjg	MORPH=empty
a	a3	PRE	MORPH=empty
mon	mon1	DETpos	MORPH=empty
oés	ues	NOMcom	MORPH=empty
seisi	saisir	VERppe	MORPH=empty
,	,	PONfbl	MORPH=empty
si	si	ADVgen	MORPH=empty
l'	il	PROper	MORPH=empty
an	en2	PROadv	MORPH=empty
manrai	mener	VERcjg	MORPH=empty
come	come1	CONsub	MORPH=empty
le	le	DETdef	MORPH=empty
mien	mien	PROpos	MORPH=empty
.	.	PONfrt	MORPH=empty
Avoi	avoi	INJ	MORPH=empty
!	!	PONfrt	MORPH=empty
ge	je	PROper	MORPH=empty
ving	venir	VERcjg	MORPH=empty
ça	ça	ADVgen	MORPH=empty
por	por2	PRE	MORPH=empty
ton	ton4	DETpos	MORPH=empty
bien	bien2	NOMcom	MORPH=empty
,	,	PONfbl	MORPH=empty
et	et	CONcoo	MORPH=empty
tu	tu	PROper	MORPH=empty
me	je	PROper	MORPH=empty
feroies	faire	VERcjg	MORPH=empty
tel	tel	DETind	MORPH=empty
mal	mal1	NOMcom	MORPH=empty
!	!	PONfrt	MORPH=empty
N'	ne1	ADVneg	MORPH=empty
an	en2	PROadv	MORPH=empty
mener	mener	VERinf	MORPH=empty
mie	mie	ADVneg	MORPH=empty
mon	mon1	DETpos	MORPH=empty
cheval	cheval	NOMcom	MORPH=empty
,	,	PONfbl	MORPH=empty
que	que4	CONcoo	MORPH=empty
tu	tu	PROper	MORPH=empty
feroies	faire	VERcjg	MORPH=empty
traïson	träison	NOMcom	MORPH=empty
.	.	PONfrt	MORPH=empty
Gauvains	Gauvain	NOMpro	MORPH=empty
,	,	PONfbl	MORPH=empty
par	par	PRE	MORPH=empty
itel	itel	DETind	MORPH=empty
mesprison	mesprison	NOMcom	MORPH=empty
,	,	PONfbl	MORPH=empty
que	que2	PROrel	MORPH=empty
qu'	que2	PROrel	MORPH=empty
il	il	PROimp	MORPH=empty
m'	je	PROper	MORPH=empty
an	en2	PROadv	MORPH=empty
deüst	devoir	VERcjg	MORPH=empty
avenir	avenant	VERinf	MORPH=empty
,	,	PONfbl	MORPH=empty
voldroie	voloir	VERcjg	MORPH=empty
ores	or4	ADVgen	MORPH=empty
ton	ton4	DETpos	MORPH=empty
cuer	cuer2	NOMcom	MORPH=empty
tenir	tenir1	VERinf	MORPH=empty
de	de	PRE	MORPH=empty
ton	ton4	DETpos	MORPH=empty
vantre	ventre1	NOMcom	MORPH=empty
an	en1	PRE	MORPH=empty
mes	mon1	DETpos	MORPH=empty
.ii.	2	ADJcar	MORPH=empty
mains	main2	NOMcom	MORPH=empty
.	.	PONfrt	MORPH=empty
Or	or4	ADVgen	MORPH=empty
oi	avoir	VERcjg	MORPH=empty
ge	je	PROper	MORPH=empty
,	,	PONfbl	MORPH=empty
ce	ce1	PROdem	MORPH=empty
respont	respondre1	VERcjg	MORPH=empty
Gauvains	Gauvain	NOMpro	MORPH=empty
,	,	PONfbl	MORPH=empty
.i.	un	DETndf	MORPH=empty
proverbe	proverbe	NOMcom	MORPH=empty
que	que2	PROrel	MORPH=empty
l'	le	DETdef	MORPH=empty
an	on	PROind	MORPH=empty
retret	retraire	VERcjg	MORPH=empty
,	,	PONfbl	MORPH=empty
que	que2	PROrel	MORPH=empty
l'	le	DETdef	MORPH=empty
an	on	PROind	MORPH=empty
dit	dire	VERcjg	MORPH=empty
:	:	PONfbl	MORPH=empty
de	de	PRE	MORPH=empty
bien	bien1	ADVgen	MORPH=empty
fet	faire	VERppe	MORPH=empty
,	,	PONfbl	MORPH=empty
col	col	NOMcom	MORPH=empty
fret	fraindre	VERppe	MORPH=empty
.	.	PONfrt	MORPH=empty
Mes	mais1	CONcoo	MORPH=empty
ge	je	PROper	MORPH=empty
voldroie	voloir	VERcjg	MORPH=empty
mout	mout	ADVgen	MORPH=empty
savoir	savoir	VERinf	MORPH=empty
por	por2	PRE	MORPH=empty
coi	coi2	PROrel	MORPH=empty
tu	tu	PROper	MORPH=empty
voldroies	voloir	VERcjg	MORPH=empty
avoir	avoir	VERinf	MORPH=empty
mon	mon1	DETpos	MORPH=empty
cuer	cuer2	NOMcom	MORPH=empty
et	et	CONcoo	MORPH=empty
mon	mon1	DETpos	MORPH=empty
cheval	cheval	NOMcom	MORPH=empty
me	je	PROper	MORPH=empty
tox	tolir	VERcjg	MORPH=empty
,	,	PONfbl	MORPH=empty
n'	ne2	CONcoo	MORPH=empty
onques	onque	ADVgen	MORPH=empty
mesfere	mesfaire	VERinf	MORPH=empty
ne	ne1	ADVneg	MORPH=empty
te	tu	PROper	MORPH=empty
vox	voloir	VERcjg	MORPH=empty
ne	ne2	CONcoo	MORPH=empty
ne	ne1	ADVneg	MORPH=empty
fis	faire	VERcjg	MORPH=empty
an	en1	PRE	MORPH=empty
tote	tot	DETind	MORPH=empty
ma	mon1	DETpos	MORPH=empty
vie	vie1	NOMcom	MORPH=empty
.	.	PONfrt	MORPH=empty
Ice	ice1	PROdem	MORPH=empty
ne	ne1	ADVneg	MORPH=empty
cuidoie	cuidier1	VERcjg	MORPH=empty
ge	je	PROper	MORPH=empty
mie	mie	ADVneg	MORPH=empty
avoir	avoir	VERinf	MORPH=empty
anvers	envers2	PRE	MORPH=empty
toi	tu	PROper	MORPH=empty
desservi	deservir	VERppe	MORPH=empty
;	;	PONfbl	MORPH=empty
einz	ainc	ADVgen	MORPH=empty
mes	mais1	ADVgen	MORPH=empty
,	,	PONfbl	MORPH=empty
que	que2	PROrel	MORPH=empty
sache	savoir	VERcjg	MORPH=empty
,	,	PONfbl	MORPH=empty
ne	ne1	ADVneg	MORPH=empty
te	tu	PROper	MORPH=empty
vi	vëoir	VERcjg	MORPH=empty
.	.	PONfrt	MORPH=empty
Si	si	ADVgen	MORPH=empty
as	avoir	VERcjg	MORPH=empty
,	,	PONfbl	MORPH=empty
Gauvains	Gauvain	NOMpro	MORPH=empty
,	,	PONfbl	MORPH=empty
tu	tu	PROper	MORPH=empty
me	je	PROper	MORPH=empty
veïs	vëoir	VERcjg	MORPH=empty
la	là	ADVgen	MORPH=empty
ou	où	PROrel	MORPH=empty
grant	grant	ADJqua	MORPH=empty
honte	honte	NOMcom	MORPH=empty
me	je	PROper	MORPH=empty
feïs	faire	VERcjg	MORPH=empty
.	.	PONfrt	MORPH=empty
Ne	ne1	ADVneg	MORPH=empty
te	tu	PROper	MORPH=empty
sovient	sovenir	VERcjg	MORPH=empty
il	il	PROper	MORPH=empty
de	de	PRE	MORPH=empty
celui	cel	PROdem	MORPH=empty
cui	cui	PROrel	MORPH=empty
tu	tu	PROper	MORPH=empty
feïs	faire	VERcjg	MORPH=empty
si	si	ADVgen	MORPH=empty
grant	grant	ADJqua	MORPH=empty
enui	enui	NOMcom	MORPH=empty
que	que4	CONsub	MORPH=empty
tu	tu	PROper	MORPH=empty
feïs	faire	VERcjg	MORPH=empty
oltre	outre1	PRE	MORPH=empty
son	son4	DETpos	MORPH=empty
pois	pois2	NOMcom	MORPH=empty
mangier	mangier	VERinf	MORPH=empty
avoec	avuec	PRE	MORPH=empty
les	le	DETdef	MORPH=empty
chiens	chien	NOMcom	MORPH=empty
.i.	1	DETcar	MORPH=empty
mois	mois2	NOMcom	MORPH=empty
,	,	PONfbl	MORPH=empty
mains	main2	NOMcom	MORPH=empty
liees	liier3	VERppe	MORPH=empty
derriers	derrier(e)	PRE	MORPH=empty
le	le	DETdef	MORPH=empty
dos	dos	NOMcom	MORPH=empty
?	?	PONfrt	MORPH=empty
Saches	savoir	VERcjg	MORPH=empty
que	que4	CONsub	MORPH=empty
tu	tu	PROper	MORPH=empty
feïs	faire	VERcjg	MORPH=empty
que	que4	CONsub	MORPH=empty
fos	fol3	NOMcom	MORPH=empty
,	,	PONfbl	MORPH=empty
que	que4	CONsub	MORPH=empty
or	or4	ADVgen	MORPH=empty
androit	endroit	ADVgen	MORPH=empty
grant	grant	ADJqua	MORPH=empty
honte	honte	NOMcom	MORPH=empty
i	i2	PROadv	MORPH=empty
as	avoir	VERcjg	MORPH=empty
.	.	PONfrt	MORPH=empty
Es	estre1	VERcjg	MORPH=empty
tu	tu	PROper	MORPH=empty
ce	ce1	PROdem	MORPH=empty
donc	donc	ADVgen	MORPH=empty
,	,	PONfbl	MORPH=empty
Greorreas	Greoreas	NOMpro	MORPH=empty
,	,	PONfbl	MORPH=empty
qui	qui	PROrel	MORPH=empty
la	le	DETdef	MORPH=empty
dameisele	damoisele	NOMcom	MORPH=empty
preïs	prendre	VERcjg	MORPH=empty
par	par	PRE	MORPH=empty
force	force2	NOMcom	MORPH=empty
et	et	CONcoo	MORPH=empty
ton	ton4	DETpos	MORPH=empty
boen	bon	ADJqua	MORPH=empty
an	en2	PROadv	MORPH=empty
feïs	faire	VERcjg	MORPH=empty
?	?	PONfrt	MORPH=empty
Porquant	por2	ADVgen	MORPH=empty
mout	mout	ADVgen	MORPH=empty
bien	bien1	ADVgen	MORPH=empty
savoies	savoir	VERcjg	MORPH=empty
tu	tu	PROper	MORPH=empty
qu'	que4	CONsub	MORPH=empty
an	en1	PRE	MORPH=empty
la	le	DETdef	MORPH=empty
terre	terre	NOMcom	MORPH=empty
le	le	DETdef	MORPH=empty
roi	roi2	NOMcom	MORPH=empty
Artu	Artu	NOMpro	MORPH=empty
sont	estre1	VERcjg	MORPH=empty
puceles	pucele	NOMcom	MORPH=empty
asseürees	assëurer	VERppe	MORPH=empty
.	.	PONfrt	MORPH=empty
Li	le	DETdef	MORPH=empty
rois	roi2	NOMcom	MORPH=empty
lor	il	PROper	MORPH=empty
a	avoir	VERcjg	MORPH=empty
trives	trieue	NOMcom	MORPH=empty
donees	doner	VERppe	MORPH=empty
,	,	PONfbl	MORPH=empty
qui	qui	PROrel	MORPH=empty
les	il	PROper	MORPH=empty
garde	garder	VERcjg	MORPH=empty
et	et	CONcoo	MORPH=empty
qui	qui	PROrel	MORPH=empty
les	il	PROper	MORPH=empty
conduit	conduire	VERcjg	MORPH=empty
.	.	PONfrt	MORPH=empty
Ne	ne2	CONcoo	MORPH=empty
ge	je	PROper	MORPH=empty
ne	ne1	ADVneg	MORPH=empty
pans	penser	VERcjg	MORPH=empty
ne	ne2	CONcoo	MORPH=empty
ge	je	PROper	MORPH=empty
ne	ne1	ADVneg	MORPH=empty
cuit	cuidier1	VERcjg	MORPH=empty
que	que4	CONsub	MORPH=empty
tu	tu	PROper	MORPH=empty
por	por2	PRE	MORPH=empty
ce	ce2	DETdem	MORPH=empty
mesfet	mesfait	NOMcom	MORPH=empty
me	je	PROper	MORPH=empty
haces	häir	VERcjg	MORPH=empty
ne	ne2	CONcoo	MORPH=empty
que	que4	CONsub	MORPH=empty
por	por2	PRE	MORPH=empty
ce	ce1	PROdem	MORPH=empty
nul	nul	DETind	MORPH=empty
mal	mal1	NOMcom	MORPH=empty
me	je	PROper	MORPH=empty
faces	faire	VERcjg	MORPH=empty
,	,	PONfbl	MORPH=empty
que	que4	CONcoo	MORPH=empty
gel	je+il	PROper.PROper	MORPH=empty
fis	faire	VERcjg	MORPH=empty
por	por2	PRE	MORPH=empty
leal	lëal	ADJqua	MORPH=empty
justise	justice	NOMcom	MORPH=empty
,	,	PONfbl	MORPH=empty
qui	qui	PROrel	MORPH=empty
est	estre1	VERcjg	MORPH=empty
establie	establir	VERppe	MORPH=empty
et	et	CONcoo	MORPH=empty
asise	asseoir	VERppe	MORPH=empty
par	par	PRE	MORPH=empty
tote	tot	DETind	MORPH=empty
la	le	DETdef	MORPH=empty
terre	terre	NOMcom	MORPH=empty
le	le	DETdef	MORPH=empty
roi	roi2	NOMcom	MORPH=empty
.	.	PONfrt	MORPH=empty
Gauvains	Gauvain	NOMpro	MORPH=empty
,	,	PONfbl	MORPH=empty
tu	tu	PROper	MORPH=empty
la	il	PROper	MORPH=empty
preïs	prendre	VERcjg	MORPH=empty
de	de	PRE	MORPH=empty
moi	je	PROper	MORPH=empty
,	,	PONfbl	MORPH=empty
la	le	DETdef	MORPH=empty
justise	justice	NOMcom	MORPH=empty
,	,	PONfbl	MORPH=empty
bien	bien1	ADVgen	MORPH=empty
m'	je	PROper	MORPH=empty
an	en2	PROadv	MORPH=empty
sovient	sovenir	VERcjg	MORPH=empty
;	;	PONfbl	MORPH=empty
s'	si	ADVgen	MORPH=empty
est	estre1	VERcjg	MORPH=empty
or	or4	ADVgen	MORPH=empty
ensi	ainsi	ADVgen	MORPH=empty
qu'	que4	CONsub	MORPH=empty
il	il	PROper	MORPH=empty
t'	tu	PROper	MORPH=empty
an	en2	PROadv	MORPH=empty
covient	covenir	VERcjg	MORPH=empty
a	a3	PRE	MORPH=empty
sofrir	sofrir	VERinf	MORPH=empty
ce	ce1	PROdem	MORPH=empty
que	que2	PROrel	MORPH=empty
ge	je	PROper	MORPH=empty
ferai	faire	VERcjg	MORPH=empty
,	,	PONfbl	MORPH=empty
que	que4	CONcoo	MORPH=empty
le	le	DETdef	MORPH=empty
gringalet	Gringalet	NOMcom	MORPH=empty
an	en2	PROadv	MORPH=empty
manrai	mener	VERcjg	MORPH=empty
,	,	PONfbl	MORPH=empty
de	de	PRE	MORPH=empty
plus	plus	ADVgen	MORPH=empty
ne	ne1	ADVneg	MORPH=empty
me	je	PROper	MORPH=empty
puis	pöoir	VERcjg	MORPH=empty
or	or4	ADVgen	MORPH=empty
vangier	vengier	VERinf	MORPH=empty
.	.	PONfrt	MORPH=empty
Au	a3+le	PRE.DETdef	MORPH=empty
roncin	roncin	NOMcom	MORPH=empty
le	il	PROper	MORPH=empty
t'	tu	PROper	MORPH=empty
estuet	estovoir1	VERcjg	MORPH=empty
changier	changier	VERinf	MORPH=empty
don	dont	PROrel	MORPH=empty
l'	le	DETdef	MORPH=empty
escuier	escuier2	NOMcom	MORPH=empty
as	avoir	VERcjg	MORPH=empty
abatu	abatre	VERppe	MORPH=empty
,	,	PONfbl	MORPH=empty
qu'	que4	CONcoo	MORPH=empty
altre	autre	DETind	MORPH=empty
eschange	eschange	NOMcom	MORPH=empty
n'	ne1	ADVneg	MORPH=empty
an	en2	PROadv	MORPH=empty
avras	avoir	VERcjg	MORPH=empty
tu	tu	PROper	MORPH=empty
.	.	PONfrt	MORPH=empty
"	"	PONpxx	MORPH=empty
Atant	atant	ADVgen	MORPH=empty
Greorreas	Greoreas	NOMpro	MORPH=empty
le	il	PROper	MORPH=empty
lesse	laissier	VERcjg	MORPH=empty
et	et	CONcoo	MORPH=empty
aprés	après	PRE	MORPH=empty
s'	son4	DETpos	MORPH=empty
amie	ami	NOMcom	MORPH=empty
s'	soi1	PROper	MORPH=empty
eslesse	eslaissier	VERcjg	MORPH=empty
,	,	PONfbl	MORPH=empty
qui	qui	PROrel	MORPH=empty
s'	soi1	PROper	MORPH=empty
an	en2	PROadv	MORPH=empty
aloit	aler	VERcjg	MORPH=empty
grant	grant	ADJqua	MORPH=empty
anbleüre	amblëure	NOMcom	MORPH=empty
,	,	PONfbl	MORPH=empty
et	et	CONcoo	MORPH=empty
il	il	PROper	MORPH=empty
la	il	PROper	MORPH=empty
silt	sivre	VERcjg	MORPH=empty
grant	grant	ADJqua	MORPH=empty
aleüre	alëure	NOMcom	MORPH=empty
;	;	PONfbl	MORPH=empty
et	et	CONcoo	MORPH=empty
la	le	DETdef	MORPH=empty
male	mal1	ADJqua	MORPH=empty
pucele	pucele	NOMcom	MORPH=empty
rit	rire	VERcjg	MORPH=empty
et	et	CONcoo	MORPH=empty
a	a3	PRE	MORPH=empty
monseignor	seignor	NOMcom	MORPH=empty
Gauvain	Gauvain	NOMpro	MORPH=empty
dit	dire	VERcjg	MORPH=empty
:	:	PONfbl	MORPH=empty
"	"	PONpxx	MORPH=empty
Vasax	vassal	NOMcom	MORPH=empty
,	,	PONfbl	MORPH=empty
vasax	vassal	NOMcom	MORPH=empty
,	,	PONfbl	MORPH=empty
que	que3	PROint	MORPH=empty
feroiz	faire	VERcjg	MORPH=empty
vos	vos	PROper	MORPH=empty
?	?	PONfrt	MORPH=empty
Or	or4	ADVgen	MORPH=empty
poez	pöoir	VERcjg	MORPH=empty
vos	vos	PROper	MORPH=empty
dire	dire	VERinf	MORPH=empty
a	a3	PRE	MORPH=empty
estros	estros	NOMcom	MORPH=empty
que	que4	CONsub	MORPH=empty
max	mal1	ADJqua	MORPH=empty
musarz	musart	ADJqua	MORPH=empty
n'	ne1	ADVneg	MORPH=empty
est	estre1	VERcjg	MORPH=empty
mie	mie	ADVneg	MORPH=empty
morz	morir	VERppe	MORPH=empty
.	.	PONfrt	MORPH=empty
Bien	bien1	ADVgen	MORPH=empty
sai	savoir	VERcjg	MORPH=empty
que	que4	CONsub	MORPH=empty
miens	mien	ADJpos	MORPH=empty
an	en2	PROadv	MORPH=empty
est	estre1	VERcjg	MORPH=empty
li	le	DETdef	MORPH=empty
torz	tort2	NOMcom	MORPH=empty
de	de	PRE	MORPH=empty
vos	vos	PROper	MORPH=empty
sivre	sivre	VERinf	MORPH=empty
,	,	PONfbl	MORPH=empty
se	se	CONsub	MORPH=empty
Dex	Dieu	NOMpro	MORPH=empty
me	je	PROper	MORPH=empty
gart	garder	VERcjg	MORPH=empty
!	!	PONfrt	MORPH=empty
Ja	ja	ADVgen	MORPH=empty
ne	ne1	ADVneg	MORPH=empty
torneroiz	torner	VERcjg	MORPH=empty
cele	cel	DETdem	MORPH=empty
part	part1	NOMcom	MORPH=empty
que	que4	CONsub	MORPH=empty
ge	je	PROper	MORPH=empty
volantiers	volentiers	ADVgen	MORPH=empty
ne	ne1	ADVneg	MORPH=empty
vos	vos	PROper	MORPH=empty
sigue	sivre	VERcjg	MORPH=empty
.	.	PONfrt	MORPH=empty
Et	et	CONcoo	MORPH=empty
car	car	ADVgen	MORPH=empty
fust	estre1	VERcjg	MORPH=empty
or	or4	ADVgen	MORPH=empty
li	le	DETdef	MORPH=empty
roncins	roncin	NOMcom	MORPH=empty
igue	ive	NOMcom	MORPH=empty
qu'	que2	PROrel	MORPH=empty
a	a3	PRE	MORPH=empty
l'	le	DETdef	MORPH=empty
escuier	escuier2	NOMcom	MORPH=empty
tolu	tolir	VERppe	MORPH=empty
avez	avoir	VERcjg	MORPH=empty
!	!	PONfrt	MORPH=empty
Ge	je	PROper	MORPH=empty
le	il	PROper	MORPH=empty
voldroie	voloir	VERcjg	MORPH=empty
,	,	PONfbl	MORPH=empty
ce	ce1	PROdem	MORPH=empty
savez	savoir	VERcjg	MORPH=empty
,	,	PONfbl	MORPH=empty
por	por2	PRE	MORPH=empty
ce	ce1	PROdem	MORPH=empty
que	que4	CONsub	MORPH=empty
plus	plus	ADVgen	MORPH=empty
avreiez	avoir	VERcjg	MORPH=empty
honte	honte	NOMcom	MORPH=empty
.	.	PONfrt	MORPH=empty
"	"	PONpxx	MORPH=empty
Tantost	tantost	ADVgen	MORPH=empty
messire	seignor	NOMcom	MORPH=empty
Gauvains	Gauvain	NOMpro	MORPH=empty
monte	monter	VERcjg	MORPH=empty
sor	sor2	PRE	MORPH=empty
le	le	DETdef	MORPH=empty
roncin	roncin	NOMcom	MORPH=empty
trotant	troter	VERppa	MORPH=empty
et	et	CONcoo	MORPH=empty
sot	sot	ADJqua	MORPH=empty
con	come1	CONsub	MORPH=empty
cil	cel	PROdem	MORPH=empty
qui	qui	PROrel	MORPH=empty
mialz	mieus	ADVgen	MORPH=empty
fere	faire	VERinf	MORPH=empty
ne	ne1	ADVneg	MORPH=empty
pot	pöoir	VERcjg	MORPH=empty
.	.	PONfrt	MORPH=empty
El	en1+le	PRE.DETdef	MORPH=empty
roncin	roncin	NOMcom	MORPH=empty
ot	avoir	VERcjg	MORPH=empty
mout	mout	ADVgen	MORPH=empty
leide	lait1	ADJqua	MORPH=empty
beste	beste	NOMcom	MORPH=empty
:	:	PONfbl	MORPH=empty
gresle	graisle	NOMcom	MORPH=empty
le	le	DETdef	MORPH=empty
col	col	NOMcom	MORPH=empty
,	,	PONfbl	MORPH=empty
grosse	gros	ADJqua	MORPH=empty
la	le	DETdef	MORPH=empty
teste	teste	NOMcom	MORPH=empty
,	,	PONfbl	MORPH=empty
larges	large	ADJqua	MORPH=empty
oroilles	oreille	NOMcom	MORPH=empty
et	et	CONcoo	MORPH=empty
pandanz	pendre	VERppa	MORPH=empty
;	;	PONfbl	MORPH=empty
et	et	CONcoo	MORPH=empty
de	de	PRE	MORPH=empty
vellesce	vieillece	NOMcom	MORPH=empty
ot	avoir	VERcjg	MORPH=empty
tex	tel	ADJind	MORPH=empty
les	le	DETdef	MORPH=empty
danz	dent2	NOMcom	MORPH=empty
que	que4	CONsub	MORPH=empty
l'	le	DETdef	MORPH=empty
une	un	DETndf	MORPH=empty
levre	levre	NOMcom	MORPH=empty
de	de	PRE	MORPH=empty
la	le	DETdef	MORPH=empty
boche	boche	NOMcom	MORPH=empty
de	de	PRE	MORPH=empty
.ii.	2	PROcar	MORPH=empty
doie	doi	NOMcom	MORPH=empty
a	a3	PRE	MORPH=empty
l'	le	DETdef	MORPH=empty
autre	autre	PROind	MORPH=empty
ne	ne1	ADVneg	MORPH=empty
toche	tochier	VERcjg	MORPH=empty
.	.	PONfrt	MORPH=empty
Li	le	DETdef	MORPH=empty
roncins	roncin	NOMcom	MORPH=empty
fu	estre1	VERcjg	MORPH=empty
meigres	maigre	ADJqua	MORPH=empty
et	et	CONcoo	MORPH=empty
durs	dur	ADJqua	MORPH=empty
,	,	PONfbl	MORPH=empty
les	le	DETdef	MORPH=empty
ialz	ueil	NOMcom	MORPH=empty
ot	avoir	VERcjg	MORPH=empty
trobles	torble1	ADJqua	MORPH=empty
et	et	CONcoo	MORPH=empty
oscurs	oscur	ADJqua	MORPH=empty
,	,	PONfbl	MORPH=empty
s'	si	ADVgen	MORPH=empty
ot	avoir	VERcjg	MORPH=empty
meigre	maigre	ADJqua	MORPH=empty
crope	crope	NOMcom	MORPH=empty
et	et	CONcoo	MORPH=empty
longue	lonc	ADJqua	MORPH=empty
eschine	eschine	NOMcom	MORPH=empty
;	;	PONfbl	MORPH=empty
les	le	DETdef	MORPH=empty
regnes	resne2	NOMcom	MORPH=empty
et	et	CONcoo	MORPH=empty
la	le	DETdef	MORPH=empty
chevecine	chevecine	NOMcom	MORPH=empty
del	de+le	PRE.DETdef	MORPH=empty
frain	frein	NOMcom	MORPH=empty
furent	estre1	VERcjg	MORPH=empty
d'	de	PRE	MORPH=empty
une	un	DETndf	MORPH=empty
cordele	cordele	NOMcom	MORPH=empty
;	;	PONfbl	MORPH=empty
sanz	sans	PRE	MORPH=empty
coverture	coverture	NOMcom	MORPH=empty
fu	estre1	VERcjg	MORPH=empty
la	le	DETdef	MORPH=empty
sele	sele	NOMcom	MORPH=empty
,	,	PONfbl	MORPH=empty
les	le	DETdef	MORPH=empty
piez	pié	NOMcom	MORPH=empty
grapeus	crapos	ADJqua	MORPH=empty
,	,	PONfbl	MORPH=empty
les	le	DETdef	MORPH=empty
costez	costé	NOMcom	MORPH=empty
lons	lonc	ADJqua	MORPH=empty
,	,	PONfbl	MORPH=empty
toz	tot	ADVgen	MORPH=empty
depeciez	depecier	VERppe	MORPH=empty
as	a3+le	PRE.DETdef	MORPH=empty
esperons	esperon	NOMcom	MORPH=empty
;	;	PONfbl	MORPH=empty
les	le	DETdef	MORPH=empty
estriés	estrieu	NOMcom	MORPH=empty
lons	lonc	ADJqua	MORPH=empty
et	et	CONcoo	MORPH=empty
foibles	foible	ADJqua	MORPH=empty
trueve	trover	VERcjg	MORPH=empty
car	car	CONcoo	MORPH=empty
pieç	piece	NOMcom	MORPH=empty
a	avoir	VERcjg	MORPH=empty
n'	ne1	ADVneg	MORPH=empty
avoit	avoir	VERcjg	MORPH=empty
esté	estre1	VERppe	MORPH=empty
nueve	nuef2	ADJqua	MORPH=empty
,	,	PONfbl	MORPH=empty
si	si	ADVgen	MORPH=empty
que	que4	CONsub	MORPH=empty
afichier	afichier	VERinf	MORPH=empty
ne	ne1	ADVneg	MORPH=empty
s'	soi1	PROper	MORPH=empty
i	i2	PROadv	MORPH=empty
ose	oser	VERcjg	MORPH=empty
.	.	PONfrt	MORPH=empty
"	"	PONpxx	MORPH=empty
Ha	ha	INJ	MORPH=empty
!	!	PONfrt	MORPH=empty
certes	certes	ADVgen	MORPH=empty
,	,	PONfbl	MORPH=empty
or	or4	ADVgen	MORPH=empty
va	aler	VERcjg	MORPH=empty
bien	bien1	ADVgen	MORPH=empty
la	le	DETdef	MORPH=empty
chose	chose	NOMcom	MORPH=empty
,	,	PONfbl	MORPH=empty
fet	faire	VERcjg	MORPH=empty
la	le	DETdef	MORPH=empty
pucele	pucele	NOMcom	MORPH=empty
ranponeuse	ramponos	ADJqua	MORPH=empty
.	.	PONfrt	MORPH=empty
Or	or4	ADVgen	MORPH=empty
serai	estre1	VERcjg	MORPH=empty
ge	je	PROper	MORPH=empty
liee	lié1	ADJqua	MORPH=empty
et	et	CONcoo	MORPH=empty
joieuse	joios	ADJqua	MORPH=empty
d'	de	PRE	MORPH=empty
aler	aler	VERinf	MORPH=empty
quel	quel1	DETrel	MORPH=empty
part	part1	NOMcom	MORPH=empty
que	que2	PROrel	MORPH=empty
vos	vos	PROper	MORPH=empty
voldroiz	voloir	VERcjg	MORPH=empty
,	,	PONfbl	MORPH=empty
c'	que4	CONsub	MORPH=empty
or	or4	ADVgen	MORPH=empty
est	estre1	VERcjg	MORPH=empty
il	il	PROper	MORPH=empty
bien	bien1	ADVgen	MORPH=empty
reisons	raison	NOMcom	MORPH=empty
et	et	CONcoo	MORPH=empty
droiz	droit	ADJqua	MORPH=empty
que	que4	CONsub	MORPH=empty
ge	je	PROper	MORPH=empty
vos	vos	PROper	MORPH=empty
sive	sivre	VERcjg	MORPH=empty
volantiers	volentiers	ADVgen	MORPH=empty
.viii.	8	DETcar	MORPH=empty
jorz	jor	NOMcom	MORPH=empty
ou	o3	CONcoo	MORPH=empty
.xv.	15	PROcar	MORPH=empty
toz	tot	ADVgen	MORPH=empty
antiers	entier	ADJqua	MORPH=empty
ou	o3	CONcoo	MORPH=empty
.iii.	3	DETcar	MORPH=empty
semainnes	semaine	NOMcom	MORPH=empty
ou	o3	CONcoo	MORPH=empty
.i.	1	DETcar	MORPH=empty
mois	mois2	NOMcom	MORPH=empty
.	.	PONfrt	MORPH=empty
Or	or4	ADVgen	MORPH=empty
estes	estre1	VERcjg	MORPH=empty
vos	vos	PROper	MORPH=empty
bien	bien1	ADVgen	MORPH=empty
a	a3	PRE	MORPH=empty
hernois	harnois	NOMcom	MORPH=empty
,	,	PONfbl	MORPH=empty
or	or4	ADVgen	MORPH=empty
seez	sëoir	VERcjg	MORPH=empty
vos	vos	PROper	MORPH=empty
sor	sor2	PRE	MORPH=empty
boen	bon	ADJqua	MORPH=empty
destrier	destrier1	NOMcom	MORPH=empty
,	,	PONfbl	MORPH=empty
or	or4	ADVgen	MORPH=empty
sanblez	sembler	VERcjg	MORPH=empty
vos	vos	PROper	MORPH=empty
bien	bien1	ADVgen	MORPH=empty
chevalier	chevalier	NOMcom	MORPH=empty
qui	qui	PROrel	MORPH=empty
pucele	pucele	NOMcom	MORPH=empty
doie	devoir	VERcjg	MORPH=empty
conduire	conduire	VERinf	MORPH=empty
.	.	PONfrt	MORPH=empty
Or	or4	ADVgen	MORPH=empty
primes	prim	ADVgen	MORPH=empty
me	je	PROper	MORPH=empty
voel	voloir	VERcjg	MORPH=empty
ge	je	PROper	MORPH=empty
deduire	deduire	VERinf	MORPH=empty
de	de	PRE	MORPH=empty
veoir	vëoir	VERinf	MORPH=empty
voz	vostre	DETpos	MORPH=empty
maleürtez	malëurté	NOMcom	MORPH=empty
.	.	PONfrt	MORPH=empty
Vostre	vostre	DETpos	MORPH=empty
roncin	roncin	NOMcom	MORPH=empty
.i.	un	DETndf	MORPH=empty
po	poi	PROind	MORPH=empty
hurtez	hurter	VERcjg	MORPH=empty
des	de+le	PRE.DETdef	MORPH=empty
esperons	esperon	NOMcom	MORPH=empty
,	,	PONfbl	MORPH=empty
si	si	ADVgen	MORPH=empty
l'	il	PROper	MORPH=empty
essaiez	essaiier	VERcjg	MORPH=empty
,	,	PONfbl	MORPH=empty
ne	ne2	CONcoo	MORPH=empty
ja	ja	ADVgen	MORPH=empty
ne	ne1	ADVneg	MORPH=empty
vos	vos	PROper	MORPH=empty
an	en2	PROadv	MORPH=empty
esmaiez	esmaiier	VERcjg	MORPH=empty
,	,	PONfbl	MORPH=empty
qu'	que4	CONcoo	MORPH=empty
il	il	PROper	MORPH=empty
est	estre1	VERcjg	MORPH=empty
mout	mout	ADVgen	MORPH=empty
roides	roit1	ADJqua	MORPH=empty
et	et	CONcoo	MORPH=empty
movanz	movoir	VERppa	MORPH=empty
.	.	PONfrt	MORPH=empty
Ge	je	PROper	MORPH=empty
vos	vos	PROper	MORPH=empty
sivrai	sivre	VERcjg	MORPH=empty
,	,	PONfbl	MORPH=empty
qu'	que4	CONcoo	MORPH=empty
il	il	PROimp	MORPH=empty
est	estre1	VERcjg	MORPH=empty
covanz	covent1	NOMcom	MORPH=empty
que	que4	CONsub	MORPH=empty
ge	je	PROper	MORPH=empty
ne	ne1	ADVneg	MORPH=empty
vos	vos	PROper	MORPH=empty
lesserai	laissier	VERcjg	MORPH=empty
ja	ja	ADVgen	MORPH=empty
tant	tant	ADVgen	MORPH=empty
que	que4	CONsub	MORPH=empty
honte	honte	NOMcom	MORPH=empty
vos	vos	PROper	MORPH=empty
avandra	avenant	VERcjg	MORPH=empty
.	.	PONfrt	MORPH=empty
Por	por2	PRE	MORPH=empty
voir	voir	ADJqua	MORPH=empty
que	que4	CONsub	MORPH=empty
vos	vos	PROper	MORPH=empty
n'	ne1	ADVneg	MORPH=empty
i	i2	PROadv	MORPH=empty
faudroiz	falir	VERcjg	MORPH=empty
mie	mie	ADVneg	MORPH=empty
.	.	PONfrt	MORPH=empty
"	"	PONpxx	MORPH=empty
Et	et	CONcoo	MORPH=empty
il	il	PROper	MORPH=empty
li	il	PROper	MORPH=empty
respont	respondre1	VERcjg	MORPH=empty
:	:	PONfbl	MORPH=empty
"	"	PONpxx	MORPH=empty
Bele	bel1	ADJqua	MORPH=empty
amie	ami	NOMcom	MORPH=empty
,	,	PONfbl	MORPH=empty
vos	vos	PROper	MORPH=empty
diroiz	dire	VERcjg	MORPH=empty
ce	ce1	PROdem	MORPH=empty
que	que2	PROrel	MORPH=empty
boen	bon	ADJqua	MORPH=empty
vos	vos	PROper	MORPH=empty
iert	estre1	VERcjg	MORPH=empty
,	,	PONfbl	MORPH=empty
mes	mais1	CONcoo	MORPH=empty
a	a3	PRE	MORPH=empty
dameisele	damoisele	NOMcom	MORPH=empty
n'	ne1	ADVneg	MORPH=empty
afiert	aferir	VERcjg	MORPH=empty
que	que4	CONsub	MORPH=empty
ele	il	PROper	MORPH=empty
soit	estre1	VERcjg	MORPH=empty
si	si	ADVgen	MORPH=empty
mesdisanz	mesdire	VERppa	MORPH=empty
puis	puis	ADVgen	MORPH=empty
que	que4	CONsub	MORPH=empty
ele	il	PROper	MORPH=empty
a	avoir	VERcjg	MORPH=empty
passé	passer1	VERppe	MORPH=empty
.x.	10	DETcar	MORPH=empty
anz	an	NOMcom	MORPH=empty
;	;	PONfbl	MORPH=empty
einz	ainz	ADVgen	MORPH=empty
doit	devoir	VERcjg	MORPH=empty
estre	estre1	VERinf	MORPH=empty
bien	bien1	ADVgen	MORPH=empty
anseigniee	enseignier	VERppe	MORPH=empty
et	et	CONcoo	MORPH=empty
cortoise	cortois	ADJqua	MORPH=empty
et	et	CONcoo	MORPH=empty
bien	bien1	ADVgen	MORPH=empty
afeitiee	afaitier	VERppe	MORPH=empty
.	.	PONfrt	MORPH=empty
Chevaliers	chevalier	NOMcom	MORPH=empty
par	par	PRE	MORPH=empty
male	mal1	ADJqua	MORPH=empty
avanture	aventure	NOMcom	MORPH=empty
,	,	PONfbl	MORPH=empty
de	de	PRE	MORPH=empty
vostre	vostre	DETpos	MORPH=empty
anseignement	enseignement	NOMcom	MORPH=empty
n'	ne1	ADVneg	MORPH=empty
ai	avoir	VERcjg	MORPH=empty
cure	cure	NOMcom	MORPH=empty
,	,	PONfbl	MORPH=empty
mes	mais1	ADVgen	MORPH=empty
alez	aler	VERcjg	MORPH=empty
et	et	CONcoo	MORPH=empty
si	si	ADVgen	MORPH=empty
vos	vos	PROper	MORPH=empty
teisiez	taire	VERcjg	MORPH=empty
,	,	PONfbl	MORPH=empty
c'	que4	CONsub	MORPH=empty
or	or4	ADVgen	MORPH=empty
estes	estre1	VERcjg	MORPH=empty
vos	vos	PROper	MORPH=empty
bien	bien1	ADVgen	MORPH=empty
aeisiez	aaisier	VERppe	MORPH=empty
si	si	ADVgen	MORPH=empty
con	come1	CONsub	MORPH=empty
ge	je	PROper	MORPH=empty
voloie	voloir	VERcjg	MORPH=empty
veoir	vëoir	VERinf	MORPH=empty
.	.	PONfrt	MORPH=empty
"	"	PONpxx	MORPH=empty
Ensi	ainsi	ADVgen	MORPH=empty
chevauche	chevauchier	VERcjg	MORPH=empty
jusqu'	jusque	PRE	MORPH=empty
au	a3+le	PRE.DETdef	MORPH=empty
soir	soir	NOMcom	MORPH=empty
et	et	CONcoo	MORPH=empty
si	si	ADVgen	MORPH=empty
se	soi1	PROper	MORPH=empty
teisent	taire	VERcjg	MORPH=empty
amedui	ambedos	PROcar	MORPH=empty
.	.	PONfrt	MORPH=empty
Cil	cel	PROdem	MORPH=empty
s'	soi1	PROper	MORPH=empty
an	en2	PROadv	MORPH=empty
va	aler	VERcjg	MORPH=empty
,	,	PONfbl	MORPH=empty
et	et	CONcoo	MORPH=empty
cele	cel	PROdem	MORPH=empty
aprés	après	PRE	MORPH=empty
lui	il	PROper	MORPH=empty
,	,	PONfbl	MORPH=empty
qui	qui	PROrel	MORPH=empty
ne	ne1	ADVneg	MORPH=empty
set	savoir	VERcjg	MORPH=empty
pas	pas	ADVneg	MORPH=empty
qu'	que2	PROrel	MORPH=empty
il	il	PROper	MORPH=empty
puisse	pöoir	VERcjg	MORPH=empty
feire	faire	VERinf	MORPH=empty
de	de	PRE	MORPH=empty
son	son4	DETpos	MORPH=empty
roncin	roncin	NOMcom	MORPH=empty
don	dont	PROrel	MORPH=empty
ne	ne1	ADVneg	MORPH=empty
puet	pöoir	VERcjg	MORPH=empty
treire	traire	VERinf	MORPH=empty
cors	cors2	NOMcom	MORPH=empty
ne	ne2	CONcoo	MORPH=empty
galoz	galop	NOMcom	MORPH=empty
por	por2	PRE	MORPH=empty
nule	nul	DETind	MORPH=empty
painne	peine	NOMcom	MORPH=empty
.	.	PONfrt	MORPH=empty
Voelle	voloir	VERcjg	MORPH=empty
il	il	PROper	MORPH=empty
ou	o3	CONcoo	MORPH=empty
non	non	ADVneg	MORPH=empty
,	,	PONfbl	MORPH=empty
le	le	DETdef	MORPH=empty
pas	pas	NOMcom	MORPH=empty
le	il	PROper	MORPH=empty
mainne	mener	VERcjg	MORPH=empty
;	;	PONfbl	MORPH=empty
et	et	CONcoo	MORPH=empty
s'	se	CONsub	MORPH=empty
il	il	PROper	MORPH=empty
des	de+le	PRE.DETdef	MORPH=empty
esperons	esperon	NOMcom	MORPH=empty
le	il	PROper	MORPH=empty
bat	batre	VERcjg	MORPH=empty
,	,	PONfbl	MORPH=empty
et	et	CONcoo	MORPH=empty
an	en1	PRE	MORPH=empty
.i.	un	DETndf	MORPH=empty
si	si	ADVgen	MORPH=empty
dur	dur	ADJqua	MORPH=empty
trot	trot	NOMcom	MORPH=empty
l'	il	PROper	MORPH=empty
anbat	embatre	VERcjg	MORPH=empty
que	que4	CONsub	MORPH=empty
si	si	ADVgen	MORPH=empty
li	il	PROper	MORPH=empty
hoche	hochier	VERcjg	MORPH=empty
la	le	DETdef	MORPH=empty
coraille	coraille	NOMcom	MORPH=empty
qu'	que4	CONsub	MORPH=empty
il	il	PROper	MORPH=empty
ne	ne1	ADVneg	MORPH=empty
puet	pöoir	VERcjg	MORPH=empty
sofrir	sofrir	VERinf	MORPH=empty
que	que4	CONsub	MORPH=empty
il	il	PROper	MORPH=empty
aille	aler	VERcjg	MORPH=empty
plus	plus	ADVgen	MORPH=empty
que	que1	CONsub	MORPH=empty
le	le	DETdef	MORPH=empty
pas	pas	NOMcom	MORPH=empty
an	en1	PRE	MORPH=empty
nule	nul	DETind	MORPH=empty
fin	fin1	NOMcom	MORPH=empty
.	.	PONfrt	MORPH=empty
Ensi	ainsi	ADVgen	MORPH=empty
s'	soi1	PROper	MORPH=empty
an	en2	PROadv	MORPH=empty
va	aler	VERcjg	MORPH=empty
sor	sor2	PRE	MORPH=empty
le	le	DETdef	MORPH=empty
roncin	roncin	NOMcom	MORPH=empty
par	par	PRE	MORPH=empty
forez	forest	NOMcom	MORPH=empty
gastes	gast1	ADJqua	MORPH=empty
et	et	CONcoo	MORPH=empty
sostainnes	soutain2	ADJqua	MORPH=empty
tant	tant	ADVgen	MORPH=empty
que	que4	CONsub	MORPH=empty
il	il	PROper	MORPH=empty
vint	venir	VERcjg	MORPH=empty
a	a3	PRE	MORPH=empty
terres	terre	NOMcom	MORPH=empty
plainnes	plain	ADJqua	MORPH=empty
sor	sor2	PRE	MORPH=empty
une	un	DETndf	MORPH=empty
riviere	riviere	NOMcom	MORPH=empty
parfonde	parfont	ADJqua	MORPH=empty
,	,	PONfbl	MORPH=empty
et	et	CONcoo	MORPH=empty
fu	estre1	VERcjg	MORPH=empty
lee	lé	ADJqua	MORPH=empty
que	que4	CONsub	MORPH=empty
nule	nul	DETind	MORPH=empty
fonde	fonde1	NOMcom	MORPH=empty
de	de	PRE	MORPH=empty
mangonel	mangonel	NOMcom	MORPH=empty
ne	ne2	CONcoo	MORPH=empty
de	de	PRE	MORPH=empty
perriere	perriere2	NOMcom	MORPH=empty
ne	ne1	ADVneg	MORPH=empty
gitast	jeter	VERcjg	MORPH=empty
oltre	outre1	PRE	MORPH=empty
la	le	DETdef	MORPH=empty
riviere	riviere	NOMcom	MORPH=empty
ne	ne2	CONcoo	MORPH=empty
arbaleste	arbaleste	NOMcom	MORPH=empty
n'	ne1	ADVneg	MORPH=empty
i	i2	PROadv	MORPH=empty
tressist	traire	VERcjg	MORPH=empty
.	.	PONfrt	MORPH=empty
De	de	PRE	MORPH=empty
l'	le	DETdef	MORPH=empty
autre	autre	ADJind	MORPH=empty
part	part1	NOMcom	MORPH=empty
de	de	PRE	MORPH=empty
l'	le	DETdef	MORPH=empty
eve	aigue	NOMcom	MORPH=empty
sist	sëoir	VERcjg	MORPH=empty
uns	un	DETndf	MORPH=empty
chastiax	chastel	NOMcom	MORPH=empty
trop	trop	ADVgen	MORPH=empty
bien	bien1	ADVgen	MORPH=empty
conpassez	compasser	VERppe	MORPH=empty
,	,	PONfbl	MORPH=empty
trop	trop	ADVgen	MORPH=empty
forz	fort	ADJqua	MORPH=empty
et	et	CONcoo	MORPH=empty
trop	trop	ADVgen	MORPH=empty
riches	riche	ADJqua	MORPH=empty
asez	assez	ADVgen	MORPH=empty
,	,	PONfbl	MORPH=empty
ja	ja	ADVgen	MORPH=empty
ne	ne1	ADVneg	MORPH=empty
quier	querre	VERcjg	MORPH=empty
que	que4	CONsub	MORPH=empty
mantir	mentir	VERcjg	MORPH=empty
m'	je	PROper	MORPH=empty
an	en2	PROadv	MORPH=empty
loise	loisir1	VERcjg	MORPH=empty
.	.	PONfrt	MORPH=empty
Li	le	DETdef	MORPH=empty
chastiax	chastel	NOMcom	MORPH=empty
sist	sëoir	VERcjg	MORPH=empty
sor	sor2	PRE	MORPH=empty
la	le	DETdef	MORPH=empty
faloise	falise	NOMcom	MORPH=empty
et	et	CONcoo	MORPH=empty
fu	estre1	VERcjg	MORPH=empty
fermez	fermer	VERppe	MORPH=empty
par	par	PRE	MORPH=empty
tel	tel	DETind	MORPH=empty
richesce	richece	NOMcom	MORPH=empty
c'	que4	CONsub	MORPH=empty
onques	onque	ADVgen	MORPH=empty
si	si	ADVgen	MORPH=empty
riche	riche	ADJqua	MORPH=empty
forteresce	forterece	NOMcom	MORPH=empty
ne	ne1	ADVneg	MORPH=empty
virent	vëoir	VERcjg	MORPH=empty
oel	ueil	NOMcom	MORPH=empty
d'	de	PRE	MORPH=empty
ome	ome	NOMcom	MORPH=empty
qui	qui	PROrel	MORPH=empty
vive	vivre1	VERcjg	MORPH=empty
,	,	PONfbl	MORPH=empty
que	que4	CONcoo	MORPH=empty
sor	sor2	PRE	MORPH=empty
une	un	DETndf	MORPH=empty
roche	roche3	NOMcom	MORPH=empty
naïve	näif	ADJqua	MORPH=empty
avoit	avoir	VERcjg	MORPH=empty
.i.	un	DETndf	MORPH=empty
palés	palais2	NOMcom	MORPH=empty
bien	bien1	ADVgen	MORPH=empty
asis	asseoir	VERppe	MORPH=empty
,	,	PONfbl	MORPH=empty
qui	qui	PROrel	MORPH=empty
estoit	estre1	VERcjg	MORPH=empty
toz	tot	ADVgen	MORPH=empty
de	de	PRE	MORPH=empty
marbre	marbre	NOMcom	MORPH=empty
bis	bis	ADJqua	MORPH=empty
.	.	PONfrt	MORPH=empty
Ot	avoir	VERcjg	MORPH=empty
bien	bien1	ADVgen	MORPH=empty
.v.	5	PROcar	MORPH=empty
.c.	100	PROcar	MORPH=empty
,	,	PONfbl	MORPH=empty
et	et	CONcoo	MORPH=empty
cent	cent	PROcar	MORPH=empty
covertes	covrir	VERppe	MORPH=empty
,	,	PONfbl	MORPH=empty
el	en1+le	PRE.DETdef	MORPH=empty
palés	palais2	NOMcom	MORPH=empty
fenestres	fenestre	NOMcom	MORPH=empty
overtes	ovrir	VERppe	MORPH=empty
,	,	PONfbl	MORPH=empty
de	de	PRE	MORPH=empty
dames	dame	NOMcom	MORPH=empty
et	et	CONcoo	MORPH=empty
de	de	PRE	MORPH=empty
dameiseles	damoisele	NOMcom	MORPH=empty
qui	qui	PROrel	MORPH=empty
esgardoient	esgarder	VERcjg	MORPH=empty
devant	devant	PRE	MORPH=empty
eles	il	PROper	MORPH=empty
les	le	DETdef	MORPH=empty
prez	pré	NOMcom	MORPH=empty
et	et	CONcoo	MORPH=empty
les	le	DETdef	MORPH=empty
vergiers	vergier1	NOMcom	MORPH=empty
floriz	florir	VERppe	MORPH=empty
.	.	PONfrt	MORPH=empty
Les	le	DETdef	MORPH=empty
dameiseles	damoisele	NOMcom	MORPH=empty
de	de	PRE	MORPH=empty
samiz	samit	NOMcom	MORPH=empty
furent	estre1	VERcjg	MORPH=empty
vestues	vestir	VERppe	MORPH=empty
,	,	PONfbl	MORPH=empty
les	le	DETdef	MORPH=empty
plusors	plusor	PROind	MORPH=empty
;	;	PONfbl	MORPH=empty
bliauz	blïaut	NOMcom	MORPH=empty
de	de	PRE	MORPH=empty
diverses	divers	DETind	MORPH=empty
colors	color	NOMcom	MORPH=empty
et	et	CONcoo	MORPH=empty
dras	drap	NOMcom	MORPH=empty
de	de	PRE	MORPH=empty
soie	soie2	NOMcom	MORPH=empty
a	a3	PRE	MORPH=empty
or	or1	NOMcom	MORPH=empty
batuz	batre	VERppe	MORPH=empty
avoient	avoir	VERcjg	MORPH=empty
les	le	DETdef	MORPH=empty
plusors	plusor	PROind	MORPH=empty
vestuz	vestir	VERppe	MORPH=empty
.	.	PONfrt	MORPH=empty
Ensi	ainsi	ADVgen	MORPH=empty
les	le	DETdef	MORPH=empty
puceles	pucele	NOMcom	MORPH=empty
s'	soi1	PROper	MORPH=empty
esturent	ester	VERcjg	MORPH=empty
as	a3+le	PRE.DETdef	MORPH=empty
fenestres	fenestre	NOMcom	MORPH=empty
et	et	CONcoo	MORPH=empty
si	si	ADVgen	MORPH=empty
parurent	paroir	VERcjg	MORPH=empty
lor	lor2	DETpos	MORPH=empty
chief	chief1	NOMcom	MORPH=empty
luisant	luisir	VERppa	MORPH=empty
et	et	CONcoo	MORPH=empty
lor	lor2	DETpos	MORPH=empty
gent	gent2	ADJqua	MORPH=empty
cors	cors1	NOMcom	MORPH=empty
si	si	ADVgen	MORPH=empty
qu'	que4	CONsub	MORPH=empty
an	on	PROind	MORPH=empty
les	il	PROper	MORPH=empty
veoit	vëoir	VERcjg	MORPH=empty
par	par	PRE	MORPH=empty
defors	defors	ADVgen	MORPH=empty
des	des2	PRE	MORPH=empty
les	le	DETdef	MORPH=empty
ceintures	ceinture	NOMcom	MORPH=empty
en	en1	PRE	MORPH=empty
amont	amont	ADVgen	MORPH=empty
.	.	PONfrt	MORPH=empty
Et	et	CONcoo	MORPH=empty
la	le	DETdef	MORPH=empty
plus	plus	ADVgen	MORPH=empty
male	mal1	ADJqua	MORPH=empty
riens	rien	NOMcom	MORPH=empty
del	de+le	PRE.DETdef	MORPH=empty
mont	monde1	NOMcom	MORPH=empty
que	que2	PROrel	MORPH=empty
messire	seignor	NOMcom	MORPH=empty
Gauvains	Gauvain	NOMpro	MORPH=empty
menoit	mener	VERcjg	MORPH=empty
vint	venir	VERcjg	MORPH=empty
a	a3	PRE	MORPH=empty
la	le	DETdef	MORPH=empty
riviere	riviere	NOMcom	MORPH=empty
tot	tot	ADVgen	MORPH=empty
droit	droit	ADJqua	MORPH=empty
,	,	PONfbl	MORPH=empty
puis	puis	ADVgen	MORPH=empty
si	si	ADVgen	MORPH=empty
s'	soi1	PROper	MORPH=empty
areste	arester	VERcjg	MORPH=empty
et	et	CONcoo	MORPH=empty
si	si	ADVgen	MORPH=empty
descent	descendre	VERcjg	MORPH=empty
del	de+le	PRE.DETdef	MORPH=empty
petit	petit	ADJqua	MORPH=empty
palefroi	palefroi	NOMcom	MORPH=empty
baucent	baucenc	ADJqua	MORPH=empty
.	.	PONfrt	MORPH=empty
Et	et	CONcoo	MORPH=empty
a	a3	PRE	MORPH=empty
la	le	DETdef	MORPH=empty
rive	rive	NOMcom	MORPH=empty
ot	avoir	VERcjg	MORPH=empty
une	un	DETndf	MORPH=empty
nef	nef2	NOMcom	MORPH=empty
qui	qui	PROrel	MORPH=empty
fu	estre1	VERcjg	MORPH=empty
fermee	fermer	VERppe	MORPH=empty
a	a3	PRE	MORPH=empty
une	un	DETndf	MORPH=empty
clef	clef	NOMcom	MORPH=empty
et	et	CONcoo	MORPH=empty
estachiee	estachier	VERppe	MORPH=empty
a	a3	PRE	MORPH=empty
un	un	DETndf	MORPH=empty
perron	perron	NOMcom	MORPH=empty
.	.	PONfrt	MORPH=empty
An	en1	PRE	MORPH=empty
la	le	DETdef	MORPH=empty
nef	nef2	NOMcom	MORPH=empty
ot	avoir	VERcjg	MORPH=empty
.i.	un	DETndf	MORPH=empty
aviron	aviron2	NOMcom	MORPH=empty
.	.	PONfrt	MORPH=empty
La	le	DETdef	MORPH=empty
dameisele	damoisele	NOMcom	MORPH=empty
an	en1	PRE	MORPH=empty
la	le	DETdef	MORPH=empty
nef	nef2	NOMcom	MORPH=empty
antre	entrer	VERcjg	MORPH=empty
,	,	PONfbl	MORPH=empty
qui	qui	PROrel	MORPH=empty
felon	felon	ADJqua	MORPH=empty
cuer	cuer2	NOMcom	MORPH=empty
avoit	avoir	VERcjg	MORPH=empty
el	en1+le	PRE.DETdef	MORPH=empty
vantre	ventre1	NOMcom	MORPH=empty
,	,	PONfbl	MORPH=empty
et	et	CONcoo	MORPH=empty
aprés	après	PRE	MORPH=empty
li	il	PROper	MORPH=empty
ses	son4	DETpos	MORPH=empty
palefroiz	palefroi	NOMcom	MORPH=empty
,	,	PONfbl	MORPH=empty
qui	qui	PROrel	MORPH=empty
autel	autel1	PROind	MORPH=empty
ot	avoir	VERcjg	MORPH=empty
fet	faire	VERppe	MORPH=empty
mainte	maint	DETind	MORPH=empty
foiz	foiz	NOMcom	MORPH=empty
.	.	PONfrt	MORPH=empty
"	"	PONpxx	MORPH=empty
Vassax	vassal	NOMcom	MORPH=empty
,	,	PONfbl	MORPH=empty
fet	faire	VERcjg	MORPH=empty
ele	il	PROper	MORPH=empty
,	,	PONfbl	MORPH=empty
descendez	descendre	VERcjg	MORPH=empty
et	et	CONcoo	MORPH=empty
aprés	après	PRE	MORPH=empty
moi	je	PROper	MORPH=empty
ceanz	çaienz	ADVgen	MORPH=empty
antrez	entrer	VERcjg	MORPH=empty
atot	atot	PRE	MORPH=empty
vostre	vostre	DETpos	MORPH=empty
cheval	cheval	NOMcom	MORPH=empty
roncin	roncin	NOMcom	MORPH=empty
,	,	PONfbl	MORPH=empty
qui	qui	PROrel	MORPH=empty
plus	plus	ADVgen	MORPH=empty
est	estre1	VERcjg	MORPH=empty
meigres	maigre	ADJqua	MORPH=empty
d'	de	PRE	MORPH=empty
un	un	DETndf	MORPH=empty
poucin	poucin	NOMcom	MORPH=empty
,	,	PONfbl	MORPH=empty
et	et	CONcoo	MORPH=empty
desaencrez	desäancrer	VERcjg	MORPH=empty
ce	ce2	DETdem	MORPH=empty
chalan	chalant	NOMcom	MORPH=empty
,	,	PONfbl	MORPH=empty
que	que4	CONcoo	MORPH=empty
ja	ja	ADVgen	MORPH=empty
anterroiz	entrer	VERcjg	MORPH=empty
an	en1	PRE	MORPH=empty
mal	mal1	ADJqua	MORPH=empty
an	an	NOMcom	MORPH=empty
se	se	CONsub	MORPH=empty
tost	tost1	ADVgen	MORPH=empty
ceste	cest	DETdem	MORPH=empty
eve	aigue	NOMcom	MORPH=empty
ne	ne1	ADVneg	MORPH=empty
passez	passer1	VERcjg	MORPH=empty
ou	o3	CONcoo	MORPH=empty
se	se	CONsub	MORPH=empty
tost	tost1	ADVgen	MORPH=empty
foïr	fuir	VERinf	MORPH=empty
ne	ne1	ADVneg	MORPH=empty
poez	pöoir	VERcjg	MORPH=empty
.	.	PONfrt	MORPH=empty
Avoi	avoi	INJ	MORPH=empty
,	,	PONfbl	MORPH=empty
dameisele	damoisele	NOMcom	MORPH=empty
,	,	PONfbl	MORPH=empty
por	por2	PRE	MORPH=empty
coi	coi2	PROint	MORPH=empty
?	?	PONfrt	MORPH=empty
Ne	ne1	ADVneg	MORPH=empty
veez	vëoir	VERcjg	MORPH=empty
vos	vos	PROper	MORPH=empty
ce	ce1	PROdem	MORPH=empty
que	que2	PROrel	MORPH=empty
ge	je	PROper	MORPH=empty
voi	vëoir	VERcjg	MORPH=empty
,	,	PONfbl	MORPH=empty
fet	faire	VERcjg	MORPH=empty
ele	il	PROper	MORPH=empty
?	?	PONfrt	MORPH=empty
Se	se	CONsub	MORPH=empty
le	il	PROper	MORPH=empty
veïez	vëoir	VERcjg	MORPH=empty
,	,	PONfbl	MORPH=empty
chevaliers	chevalier	NOMcom	MORPH=empty
,	,	PONfbl	MORPH=empty
mout	mout	ADVgen	MORPH=empty
tost	tost1	ADVgen	MORPH=empty
fuireiez	fuir	VERcjg	MORPH=empty
.	.	PONfrt	MORPH=empty
"	"	PONpxx	MORPH=empty
Messire	seignor	NOMcom	MORPH=empty
Gauvains	Gauvain	NOMpro	MORPH=empty
maintenant	maintenant	ADVgen	MORPH=empty
torne	torner	VERcjg	MORPH=empty
sa	son4	DETpos	MORPH=empty
chiere	chiere	NOMcom	MORPH=empty
et	et	CONcoo	MORPH=empty
voit	vëoir	VERcjg	MORPH=empty
venant	venir	VERppa	MORPH=empty
.i.	un	DETndf	MORPH=empty
chevalier	chevalier	NOMcom	MORPH=empty
parmi	parmi	PRE	MORPH=empty
la	le	DETdef	MORPH=empty
lande	lande1	NOMcom	MORPH=empty
,	,	PONfbl	MORPH=empty
trestot	trestot	ADVgen	MORPH=empty
armé	armer	VERppe	MORPH=empty
,	,	PONfbl	MORPH=empty
et	et	CONcoo	MORPH=empty
si	si	ADVgen	MORPH=empty
demande	demander	VERcjg	MORPH=empty
a	a3	PRE	MORPH=empty
la	le	DETdef	MORPH=empty
pucele	pucele	NOMcom	MORPH=empty
:	:	PONfbl	MORPH=empty
"	"	PONpxx	MORPH=empty
Or	or4	ADVgen	MORPH=empty
ne	ne1	ADVneg	MORPH=empty
vos	vos	PROper	MORPH=empty
griet	grever	VERcjg	MORPH=empty
,	,	PONfbl	MORPH=empty
dites	dire	VERcjg	MORPH=empty
moi	je	PROper	MORPH=empty
qui	qui	PROrel	MORPH=empty
est	estre1	VERcjg	MORPH=empty
cil	cel	PROdem	MORPH=empty
qui	qui	PROrel	MORPH=empty
siet	sëoir	VERcjg	MORPH=empty
sor	sor2	PRE	MORPH=empty
mon	mon1	DETpos	MORPH=empty
cheval	cheval	NOMcom	MORPH=empty
que	que2	PROrel	MORPH=empty
me	je	PROper	MORPH=empty
toli	tolir	VERcjg	MORPH=empty
li	le	DETdef	MORPH=empty
traïtres	träitor	NOMcom	MORPH=empty
cui	cui	PROrel	MORPH=empty
ge	je	PROper	MORPH=empty
gari	garir	VERcjg	MORPH=empty
de	de	PRE	MORPH=empty
ses	son4	DETpos	MORPH=empty
plaies	plaie1	NOMcom	MORPH=empty
gehui	jehui	ADVgen	MORPH=empty
matin	matin1	ADVgen	MORPH=empty
?	?	PONfrt	MORPH=empty
Gel	je+il	PROper.PROper	MORPH=empty
te	tu	PROper	MORPH=empty
dirai	dire	VERcjg	MORPH=empty
,	,	PONfbl	MORPH=empty
par	par	PRE	MORPH=empty
saint	saint	ADJqua	MORPH=empty
Martin	Martin	NOMpro	MORPH=empty
,	,	PONfbl	MORPH=empty
fet	faire	VERcjg	MORPH=empty
la	le	DETdef	MORPH=empty
pucele	pucele	NOMcom	MORPH=empty
lieemant	lieement	ADVgen	MORPH=empty
,	,	PONfbl	MORPH=empty
mes	mais1	ADVgen	MORPH=empty
saiches	savoir	VERcjg	MORPH=empty
bien	bien1	ADVgen	MORPH=empty
veraiemant	veraiement	ADVgen	MORPH=empty
que	que4	CONsub	MORPH=empty
ja	ja	ADVgen	MORPH=empty
por	por2	PRE	MORPH=empty
rien	rien	PROind	MORPH=empty
nel	ne1+il	ADVneg.PROper	MORPH=empty
te	tu	PROper	MORPH=empty
deïsse	dire	VERcjg	MORPH=empty
se	se	CONsub	MORPH=empty
point	point	NOMcom	MORPH=empty
de	de	PRE	MORPH=empty
ton	ton4	DETpos	MORPH=empty
bien	bien2	NOMcom	MORPH=empty
i	i2	PROadv	MORPH=empty
veïsse	vëoir	VERcjg	MORPH=empty
.	.	PONfrt	MORPH=empty
Mes	mais1	CONcoo	MORPH=empty
por	por2	PRE	MORPH=empty
ce	ce1	PROdem	MORPH=empty
que	que4	CONsub	MORPH=empty
ge	je	PROper	MORPH=empty
sui	estre1	VERcjg	MORPH=empty
seüre	sëur2	ADJqua	MORPH=empty
qu'	que4	CONsub	MORPH=empty
il	il	PROper	MORPH=empty
vient	venir	VERcjg	MORPH=empty
por	por2	PRE	MORPH=empty
ta	ton4	DETpos	MORPH=empty
male	mal1	ADJqua	MORPH=empty
avanture	aventure	NOMcom	MORPH=empty
,	,	PONfbl	MORPH=empty
ne	ne1	ADVneg	MORPH=empty
le	il	PROper	MORPH=empty
te	tu	PROper	MORPH=empty
celerai	celer1	VERcjg	MORPH=empty
ge	je	PROper	MORPH=empty
pas	pas	ADVneg	MORPH=empty
.	.	PONfrt	MORPH=empty
Ce	ce1	PROdem	MORPH=empty
est	estre1	VERcjg	MORPH=empty
li	le	DETdef	MORPH=empty
niés	nevo	NOMcom	MORPH=empty
Greorreas	Greoreas	NOMpro	MORPH=empty
,	,	PONfbl	MORPH=empty
qu'	que2	PROrel	MORPH=empty
il	il	PROper	MORPH=empty
anvoie	envoiier	VERcjg	MORPH=empty
ça	ça	ADVgen	MORPH=empty
aprés	après	PRE	MORPH=empty
toi	tu	PROper	MORPH=empty
,	,	PONfbl	MORPH=empty
et	et	CONcoo	MORPH=empty
si	si	ADVgen	MORPH=empty
te	tu	PROper	MORPH=empty
dirai	dire	VERcjg	MORPH=empty
bien	bien1	ADVgen	MORPH=empty
por	por2	PRE	MORPH=empty
coi	coi2	PROrel	MORPH=empty
,	,	PONfbl	MORPH=empty
puis	puis	ADVgen	MORPH=empty
que	que4	CONsub	MORPH=empty
tu	tu	PROper	MORPH=empty
le	il	PROper	MORPH=empty
m'	je	PROper	MORPH=empty
as	avoir	VERcjg	MORPH=empty
demandé	demander	VERppe	MORPH=empty
.	.	PONfrt	MORPH=empty
Ses	son4	DETpos	MORPH=empty
oncles	oncle	NOMcom	MORPH=empty
li	il	PROper	MORPH=empty
a	avoir	VERcjg	MORPH=empty
comandé	comander	VERppe	MORPH=empty
qu'	que4	CONsub	MORPH=empty
il	il	PROper	MORPH=empty
te	tu	PROper	MORPH=empty
sive	sivre	VERcjg	MORPH=empty
tant	tant	ADVgen	MORPH=empty
qu'	que4	CONsub	MORPH=empty
il	il	PROper	MORPH=empty
t'	tu	PROper	MORPH=empty
ait	avoir	VERcjg	MORPH=empty
mort	morir	VERppe	MORPH=empty
et	et	CONcoo	MORPH=empty
ta	ton4	DETpos	MORPH=empty
teste	teste	NOMcom	MORPH=empty
an	en1	PRE	MORPH=empty
presant	present2	NOMcom	MORPH=empty
li	il	PROper	MORPH=empty
port	porter	VERcjg	MORPH=empty
.	.	PONfrt	MORPH=empty
Por	por2	PRE	MORPH=empty
ce	ce1	PROdem	MORPH=empty
te	tu	PROper	MORPH=empty
lo	löer1	VERcjg	MORPH=empty
ge	je	PROper	MORPH=empty
a	a3	PRE	MORPH=empty
descendre	descendre	VERinf	MORPH=empty
,	,	PONfbl	MORPH=empty
se	se	CONsub	MORPH=empty
tu	tu	PROper	MORPH=empty
la	le	DETdef	MORPH=empty
mort	mort	NOMcom	MORPH=empty
ne	ne1	ADVneg	MORPH=empty
viax	voloir	VERcjg	MORPH=empty
atandre	atendre	VERinf	MORPH=empty
.	.	PONfrt	MORPH=empty
Antre	entrer	VERcjg	MORPH=empty
ceanz	çaienz	ADVgen	MORPH=empty
et	et	CONcoo	MORPH=empty
si	si	ADVgen	MORPH=empty
t'	tu	PROper	MORPH=empty
an	en2	PROadv	MORPH=empty
fui	fuir	VERcjg	MORPH=empty
.	.	PONfrt	MORPH=empty
Certes	certes	ADVgen	MORPH=empty
ja	ja	ADVgen	MORPH=empty
ne	ne1	ADVneg	MORPH=empty
fuirai	fuir	VERcjg	MORPH=empty
por	por2	PRE	MORPH=empty
lui	il	PROper	MORPH=empty
,	,	PONfbl	MORPH=empty
dameisele	damoisele	NOMcom	MORPH=empty
,	,	PONfbl	MORPH=empty
ençois	ainçois	ADVgen	MORPH=empty
l'	il	PROper	MORPH=empty
atandrai	atendre	VERcjg	MORPH=empty
.	.	PONfrt	MORPH=empty
Ja	ja	ADVgen	MORPH=empty
mes	mais1	ADVgen	MORPH=empty
certes	certes	ADVgen	MORPH=empty
nel	ne1+il	ADVneg.PROper	MORPH=empty
te	tu	PROper	MORPH=empty
dirai	dire	VERcjg	MORPH=empty
,	,	PONfbl	MORPH=empty
fet	faire	VERcjg	MORPH=empty
la	le	DETdef	MORPH=empty
pucele	pucele	NOMcom	MORPH=empty
,	,	PONfbl	MORPH=empty
ençois	ainçois	ADVgen	MORPH=empty
m'	je	PROper	MORPH=empty
an	en2	PROadv	MORPH=empty
tais	taire	VERcjg	MORPH=empty
,	,	PONfbl	MORPH=empty
que	que4	CONcoo	MORPH=empty
biax	bel1	ADJqua	MORPH=empty
poindres	poindre	VERinf	MORPH=empty
et	et	CONcoo	MORPH=empty
biax	bel1	ADJqua	MORPH=empty
eslais	eslais	NOMcom	MORPH=empty
feroiz	faire	VERcjg	MORPH=empty
ja	ja	ADVgen	MORPH=empty
devant	devant	PRE	MORPH=empty
les	le	DETdef	MORPH=empty
puceles	pucele	NOMcom	MORPH=empty
.	.	PONfrt	MORPH=empty
Por	por2	PRE	MORPH=empty
vos	vos	PROper	MORPH=empty
lor	il	PROper	MORPH=empty
abelist	abel1ir	VERcjg	MORPH=empty
li	le	DETdef	MORPH=empty
estres	estre2	NOMcom	MORPH=empty
et	et	CONcoo	MORPH=empty
por	por2	PRE	MORPH=empty
vos	vos	PROper	MORPH=empty
venues	venir	VERppe	MORPH=empty
i	i2	PROadv	MORPH=empty
sont	estre1	VERcjg	MORPH=empty
.	.	PONfrt	MORPH=empty
Ja	ja	ADVgen	MORPH=empty
androit	endroit	ADVgen	MORPH=empty
grant	grant	ADJqua	MORPH=empty
joie	joie	NOMcom	MORPH=empty
feront	faire	VERcjg	MORPH=empty
quant	cant1	CONsub	MORPH=empty
el	il	PROper	MORPH=empty
vos	vos	PROper	MORPH=empty
verront	vëoir	VERcjg	MORPH=empty
trebuchier	trebuchier	VERinf	MORPH=empty
!	!	PONfrt	MORPH=empty
Mout	mout	ADVgen	MORPH=empty
sanblez	sembler	VERcjg	MORPH=empty
or	or4	ADVgen	MORPH=empty
bien	bien1	ADVgen	MORPH=empty
chevalier	chevalier	NOMcom	MORPH=empty
qui	qui	PROrel	MORPH=empty
a	a3	PRE	MORPH=empty
autre	autre	PROind	MORPH=empty
doie	devoir	VERcjg	MORPH=empty
joster	joster	VERinf	MORPH=empty
,	,	PONfbl	MORPH=empty
que	que2	PROrel	MORPH=empty
que	que2	PROrel	MORPH=empty
il	il	PROper	MORPH=empty
vos	vos	PROper	MORPH=empty
doie	devoir	VERcjg	MORPH=empty
coster	coster1	VERinf	MORPH=empty
.	.	PONfrt	MORPH=empty
Pucele	pucele	NOMcom	MORPH=empty
,	,	PONfbl	MORPH=empty
ja	ja	ADVgen	MORPH=empty
n'	ne1	ADVneg	MORPH=empty
i	i2	PROadv	MORPH=empty
ganchirai	guenchir	VERcjg	MORPH=empty
,	,	PONfbl	MORPH=empty
mes	mais1	CONcoo	MORPH=empty
a	a3	PRE	MORPH=empty
l'	le	DETdef	MORPH=empty
ancontre	encontre2	NOMcom	MORPH=empty
li	il	PROper	MORPH=empty
irai	aler	VERcjg	MORPH=empty
.	.	PONfrt	MORPH=empty
Et	et	CONcoo	MORPH=empty
se	se	CONsub	MORPH=empty
ge	je	PROper	MORPH=empty
recovrer	recovrer	VERinf	MORPH=empty
pooie	pöoir	VERcjg	MORPH=empty
mon	mon1	DETpos	MORPH=empty
cheval	cheval	NOMcom	MORPH=empty
,	,	PONfbl	MORPH=empty
mout	mout	ADVgen	MORPH=empty
liez	lié1	ADJqua	MORPH=empty
an	en2	PROadv	MORPH=empty
seroie	estre1	VERcjg	MORPH=empty
.	.	PONfrt	MORPH=empty
"	"	PONpxx	MORPH=empty
Tantost	tantost	ADVgen	MORPH=empty
vers	vers2	PRE	MORPH=empty
la	le	DETdef	MORPH=empty
lande	lande1	NOMcom	MORPH=empty
s'	soi1	PROper	MORPH=empty
an	en2	PROadv	MORPH=empty
torne	torner	VERcjg	MORPH=empty
et	et	CONcoo	MORPH=empty
le	le	DETdef	MORPH=empty
chief	chief1	NOMcom	MORPH=empty
de	de	PRE	MORPH=empty
son	son4	DETpos	MORPH=empty
cheval	cheval	NOMcom	MORPH=empty
torne	torner	VERcjg	MORPH=empty
vers	vers2	PRE	MORPH=empty
celui	cel	PROdem	MORPH=empty
qui	qui	PROrel	MORPH=empty
par	par	PRE	MORPH=empty
le	le	DETdef	MORPH=empty
sablon	sablon	NOMcom	MORPH=empty
venoit	venir	VERcjg	MORPH=empty
poingnant	poindre	VERppa	MORPH=empty
a	a3	PRE	MORPH=empty
esperon	esperon	NOMcom	MORPH=empty
.	.	PONfrt	MORPH=empty
Et	et	CONcoo	MORPH=empty
messire	seignor	NOMcom	MORPH=empty
Gauvains	Gauvain	NOMpro	MORPH=empty
l'	il	PROper	MORPH=empty
atant	atendre	VERcjg	MORPH=empty
,	,	PONfbl	MORPH=empty
si	si	ADVgen	MORPH=empty
s'	soi1	PROper	MORPH=empty
afiche	afichier	VERcjg	MORPH=empty
si	si	ADVgen	MORPH=empty
duremant	durement	ADVgen	MORPH=empty
sor	sor2	PRE	MORPH=empty
les	le	DETdef	MORPH=empty
estriés	estrieu	NOMcom	MORPH=empty
que	que4	CONsub	MORPH=empty
il	il	PROper	MORPH=empty
an	en2	PROadv	MORPH=empty
ront	rompre	VERcjg	MORPH=empty
le	le	DETdef	MORPH=empty
senestre	senestre	ADJqua	MORPH=empty
tot	tot	ADVgen	MORPH=empty
an	en1	PRE	MORPH=empty
reont	rëont	NOMcom	MORPH=empty
,	,	PONfbl	MORPH=empty
et	et	CONcoo	MORPH=empty
il	il	PROper	MORPH=empty
a	avoir	VERcjg	MORPH=empty
le	le	DETdef	MORPH=empty
destre	destre	ADJqua	MORPH=empty
guerpi	guerpir	VERppe	MORPH=empty
,	,	PONfbl	MORPH=empty
s'	si	ADVgen	MORPH=empty
atant	atendre	VERcjg	MORPH=empty
le	le	DETdef	MORPH=empty
chevalier	chevalier	NOMcom	MORPH=empty
ensi	ainsi	ADVgen	MORPH=empty
,	,	PONfbl	MORPH=empty
c'	que4	CONsub	MORPH=empty
onques	onque	ADVgen	MORPH=empty
li	le	DETdef	MORPH=empty
roncins	roncin	NOMcom	MORPH=empty
ne	ne1	ADVneg	MORPH=empty
se	soi1	PROper	MORPH=empty
muet	movoir	VERcjg	MORPH=empty
,	,	PONfbl	MORPH=empty
n'	ne2	CONcoo	MORPH=empty
esperoner	esperoner	VERinf	MORPH=empty
tant	tant	ADVgen	MORPH=empty
ne	ne1	ADVneg	MORPH=empty
le	il	PROper	MORPH=empty
puet	pöoir	VERcjg	MORPH=empty
que	que4	CONsub	MORPH=empty
il	il	PROper	MORPH=empty
se	soi1	PROper	MORPH=empty
voelle	voloir	VERcjg	MORPH=empty
removoir	removoir	VERinf	MORPH=empty
.	.	PONfrt	MORPH=empty
"	"	PONpxx	MORPH=empty
Ha	ha	INJ	MORPH=empty
!	!	PONfrt	MORPH=empty
Dex	Dieu	NOMpro	MORPH=empty
,	,	PONfbl	MORPH=empty
fet	faire	VERcjg	MORPH=empty
il	il	PROper	MORPH=empty
,	,	PONfbl	MORPH=empty
con	come1	CONsub	MORPH=empty
mal	mal1	ADJqua	MORPH=empty
seoir	sëoir	VERinf	MORPH=empty
fet	faire	VERcjg	MORPH=empty
sor	sor2	PRE	MORPH=empty
roncin	roncin	NOMcom	MORPH=empty
a	a3	PRE	MORPH=empty
chevalier	chevalier	NOMcom	MORPH=empty
qant	cant1	CONsub	MORPH=empty
il	il	PROper	MORPH=empty
vialt	voloir	VERcjg	MORPH=empty
d'	de	PRE	MORPH=empty
armes	arme	NOMcom	MORPH=empty
esploitier	esploitier	VERinf	MORPH=empty
!	!	PONfrt	MORPH=empty
"	"	PONpxx	MORPH=empty
Et	et	CONcoo	MORPH=empty
tote	tot	DETind	MORPH=empty
voies	voie	NOMcom	MORPH=empty
vers	vers2	PRE	MORPH=empty
lui	il	PROper	MORPH=empty
broiche	brochier	VERcjg	MORPH=empty
sor	sor2	PRE	MORPH=empty
le	le	DETdef	MORPH=empty
cheval	cheval	NOMcom	MORPH=empty
qui	qui	PROrel	MORPH=empty
pas	pas	ADVneg	MORPH=empty
ne	ne1	ADVneg	MORPH=empty
cloiche	clochier2	VERcjg	MORPH=empty
li	le	DETdef	MORPH=empty
chevaliers	chevalier	NOMcom	MORPH=empty
,	,	PONfbl	MORPH=empty
et	et	CONcoo	MORPH=empty
tel	tel	PROind	MORPH=empty
li	il	PROper	MORPH=empty
done	doner	VERcjg	MORPH=empty
de	de	PRE	MORPH=empty
sa	son4	DETpos	MORPH=empty
lance	lance	NOMcom	MORPH=empty
que	que4	CONsub	MORPH=empty
ele	il	PROper	MORPH=empty
arçone	arçoner	VERcjg	MORPH=empty
et	et	CONcoo	MORPH=empty
peçoie	peçoiier	VERcjg	MORPH=empty
tot	tot	ADVgen	MORPH=empty
an	en1	PRE	MORPH=empty
travers	travers	NOMcom	MORPH=empty
,	,	PONfbl	MORPH=empty
si	si	ADVgen	MORPH=empty
remaint	remanoir	VERcjg	MORPH=empty
an	en1	PRE	MORPH=empty
l'	le	DETdef	MORPH=empty
escu	escu	NOMcom	MORPH=empty
li	le	DETdef	MORPH=empty
fers	fer	NOMcom	MORPH=empty
.	.	PONfrt	MORPH=empty
Et	et	CONcoo	MORPH=empty
messire	seignor	NOMcom	MORPH=empty
Gauvains	Gauvain	NOMpro	MORPH=empty
l'	il	PROper	MORPH=empty
asane	assener	VERcjg	MORPH=empty
an	en1	PRE	MORPH=empty
son	son4	DETpos	MORPH=empty
escu	escu	NOMcom	MORPH=empty
enmi	enmi	PRE	MORPH=empty
la	le	DETdef	MORPH=empty
pane	pene	NOMcom	MORPH=empty
,	,	PONfbl	MORPH=empty
si	si	ADVgen	MORPH=empty
hurte	hurter	VERcjg	MORPH=empty
si	si	ADVgen	MORPH=empty
que	que4	CONsub	MORPH=empty
il	il	PROper	MORPH=empty
li	il	PROper	MORPH=empty
passe	passer1	VERcjg	MORPH=empty
l'	le	DETdef	MORPH=empty
escu	escu	NOMcom	MORPH=empty
et	et	CONcoo	MORPH=empty
le	le	DETdef	MORPH=empty
hauberc	hauberc	NOMcom	MORPH=empty
li	il	PROper	MORPH=empty
quasse	casser	VERcjg	MORPH=empty
;	;	PONfbl	MORPH=empty
si	si	ADVgen	MORPH=empty
l'	il	PROper	MORPH=empty
abat	abatre	VERcjg	MORPH=empty
el	en1+le	PRE.DETdef	MORPH=empty
sablon	sablon	NOMcom	MORPH=empty
menu	menu	ADJqua	MORPH=empty
et	et	CONcoo	MORPH=empty
tant	tendre1	VERcjg	MORPH=empty
la	le	DETdef	MORPH=empty
main	main2	NOMcom	MORPH=empty
,	,	PONfbl	MORPH=empty
s'	si	ADVgen	MORPH=empty
a	avoir	VERcjg	MORPH=empty
retenu	retenir	VERppe	MORPH=empty
le	le	DETdef	MORPH=empty
cheval	cheval	NOMcom	MORPH=empty
et	et	CONcoo	MORPH=empty
saut	salir2	VERcjg	MORPH=empty
an	en1	PRE	MORPH=empty
la	le	DETdef	MORPH=empty
sele	sele	NOMcom	MORPH=empty
.	.	PONfrt	MORPH=empty
Ceste	cest	DETdem	MORPH=empty
avanture	aventure	NOMcom	MORPH=empty
li	il	PROper	MORPH=empty
fu	estre1	VERcjg	MORPH=empty
bele	bel1	ADJqua	MORPH=empty
,	,	PONfbl	MORPH=empty
s'	si	ADVgen	MORPH=empty
an	en2	PROadv	MORPH=empty
ot	avoir	VERcjg	MORPH=empty
tel	tel	DETind	MORPH=empty
joie	joie	NOMcom	MORPH=empty
an	en1	PRE	MORPH=empty
son	son4	DETpos	MORPH=empty
coraige	corage	NOMcom	MORPH=empty
c'	que4	CONsub	MORPH=empty
onques	onque	ADVgen	MORPH=empty
an	en1	PRE	MORPH=empty
trestot	trestot	DETind	MORPH=empty
son	son4	DETpos	MORPH=empty
aaige	ëage	NOMcom	MORPH=empty
ne	ne1	ADVneg	MORPH=empty
fu	estre1	VERcjg	MORPH=empty
si	si	ADVgen	MORPH=empty
liez	lié1	ADJqua	MORPH=empty
de	de	PRE	MORPH=empty
tant	tant	ADVgen	MORPH=empty
d'	de	PRE	MORPH=empty
afaire	afaire2	NOMcom	MORPH=empty
.	.	PONfrt	MORPH=empty
A	a3	PRE	MORPH=empty
la	le	DETdef	MORPH=empty
pucele	pucele	NOMcom	MORPH=empty
s'	soi1	PROper	MORPH=empty
an	en2	PROadv	MORPH=empty
repaire	repairier	VERcjg	MORPH=empty
,	,	PONfbl	MORPH=empty
que	que2	PROrel	MORPH=empty
il	il	PROper	MORPH=empty
avoit	avoir	VERcjg	MORPH=empty
la	là	ADVgen	MORPH=empty
amenee	amener	VERppe	MORPH=empty
,	,	PONfbl	MORPH=empty
mes	mais1	CONcoo	MORPH=empty
il	il	PROper	MORPH=empty
ne	ne1	ADVneg	MORPH=empty
l'	il	PROper	MORPH=empty
a	avoir	VERcjg	MORPH=empty
mie	mie	ADVneg	MORPH=empty
trovee	trover	VERppe	MORPH=empty
,	,	PONfbl	MORPH=empty
ne	ne2	CONcoo	MORPH=empty
de	de	PRE	MORPH=empty
la	le	DETdef	MORPH=empty
nef	nef2	NOMcom	MORPH=empty
ne	ne2	CONcoo	MORPH=empty
de	de	PRE	MORPH=empty
celi	cel	PROdem	MORPH=empty
,	,	PONfbl	MORPH=empty
mes	mais1	CONcoo	MORPH=empty
ce	ce1	PROdem	MORPH=empty
mout	mout	ADVgen	MORPH=empty
li	il	PROper	MORPH=empty
desabeli	desabel1ir	VERcjg	MORPH=empty
que	que4	CONsub	MORPH=empty
il	il	PROper	MORPH=empty
ensi	ainsi	ADVgen	MORPH=empty
l'	il	PROper	MORPH=empty
avoit	avoir	VERcjg	MORPH=empty
perdue	perdre	VERppe	MORPH=empty
,	,	PONfbl	MORPH=empty
si	si	ADVgen	MORPH=empty
ne	ne1	ADVneg	MORPH=empty
set	savoir	VERcjg	MORPH=empty
qu'	que2	PROrel	MORPH=empty
ele	il	PROper	MORPH=empty
est	estre1	VERcjg	MORPH=empty
devenue	devenir	VERppe	MORPH=empty
.	.	PONfrt	MORPH=empty
Que	que2	PROrel	MORPH=empty
qu'	que2	PROrel	MORPH=empty
il	il	PROper	MORPH=empty
pansoit	penser	VERcjg	MORPH=empty
a	a3	PRE	MORPH=empty
la	le	DETdef	MORPH=empty
pucele	pucele	NOMcom	MORPH=empty
,	,	PONfbl	MORPH=empty
si	si	ADVgen	MORPH=empty
vit	vëoir	VERcjg	MORPH=empty
venir	venir	VERinf	MORPH=empty
une	un	DETndf	MORPH=empty
nacele	nacele	NOMcom	MORPH=empty
que	que2	PROrel	MORPH=empty
uns	un	DETndf	MORPH=empty
notoniers	notonier	NOMcom	MORPH=empty
amenoit	amener	VERcjg	MORPH=empty
,	,	PONfbl	MORPH=empty
qui	qui	PROrel	MORPH=empty
de	de	PRE	MORPH=empty
vers	vers2	PRE	MORPH=empty
le	le	DETdef	MORPH=empty
chastel	chastel	NOMcom	MORPH=empty
venoit	venir	VERcjg	MORPH=empty
;	;	PONfbl	MORPH=empty
et	et	CONcoo	MORPH=empty
quant	cant1	CONsub	MORPH=empty
il	il	PROper	MORPH=empty
fu	estre1	VERcjg	MORPH=empty
venuz	venir	VERppe	MORPH=empty
au	a3+le	PRE.DETdef	MORPH=empty
port	port2	NOMcom	MORPH=empty
,	,	PONfbl	MORPH=empty
si	si	ADVgen	MORPH=empty
dist	dire	VERcjg	MORPH=empty
:	:	PONfbl	MORPH=empty
"	"	PONpxx	MORPH=empty
Sire	seignor	NOMcom	MORPH=empty
,	,	PONfbl	MORPH=empty
ge	je	PROper	MORPH=empty
vos	vos	PROper	MORPH=empty
aport	aporter	VERcjg	MORPH=empty
saluz	salu	NOMcom	MORPH=empty
de	de	PRE	MORPH=empty
par	par	PRE	MORPH=empty
ces	ce2	DETdem	MORPH=empty
dameiseles	damoisele	NOMcom	MORPH=empty
,	,	PONfbl	MORPH=empty
et	et	CONcoo	MORPH=empty
avoec	avuec	PRE	MORPH=empty
ce	ce1	PROdem	MORPH=empty
vos	vos	PROper	MORPH=empty
mandent	mander	VERcjg	MORPH=empty
eles	il	PROper	MORPH=empty
que	que4	CONsub	MORPH=empty
vos	vos	PROper	MORPH=empty
mon	mon1	DETpos	MORPH=empty
fié	fief	NOMcom	MORPH=empty
ne	ne1	ADVneg	MORPH=empty
me	je	PROper	MORPH=empty
toilliez	tolir	VERcjg	MORPH=empty
:	:	PONfbl	MORPH=empty
randez	rendre	VERcjg	MORPH=empty
le	il	PROper	MORPH=empty
moi	je	PROper	MORPH=empty
,	,	PONfbl	MORPH=empty
se	se	CONsub	MORPH=empty
vos	vos	PROper	MORPH=empty
daigniez	deignier	VERcjg	MORPH=empty
.	.	PONfrt	MORPH=empty
"	"	PONpxx	MORPH=empty
Et	et	CONcoo	MORPH=empty
il	il	PROper	MORPH=empty
respont	respondre1	VERcjg	MORPH=empty
:	:	PONfbl	MORPH=empty
"	"	PONpxx	MORPH=empty
Dex	Dieu	NOMpro	MORPH=empty
beneïe	benëir	VERcjg	MORPH=empty
tote	tot	ADVgen	MORPH=empty
ansanble	ensemble	ADVgen	MORPH=empty
la	le	DETdef	MORPH=empty
conpaignie	compagnie	NOMcom	MORPH=empty
des	de+le	PRE.DETdef	MORPH=empty
dameiseles	damoisele	NOMcom	MORPH=empty
et	et	CONcoo	MORPH=empty
puis	puis	ADVgen	MORPH=empty
toi	tu	PROper	MORPH=empty
.	.	PONfrt	MORPH=empty
Tu	tu	PROper	MORPH=empty
ne	ne1	ADVneg	MORPH=empty
perdras	perdre	VERcjg	MORPH=empty
ja	ja	ADVgen	MORPH=empty
rien	rien	PROind	MORPH=empty
par	par	PRE	MORPH=empty
moi	je	PROper	MORPH=empty
ou	où	PROrel	MORPH=empty
tu	tu	PROper	MORPH=empty
puisses	pöoir	VERcjg	MORPH=empty
clamer	clamer	VERinf	MORPH=empty
droiture	droiture	NOMcom	MORPH=empty
.	.	PONfrt	MORPH=empty
De	de	PRE	MORPH=empty
toi	tu	PROper	MORPH=empty
tort	tort2	NOMcom	MORPH=empty
faire	faire	VERinf	MORPH=empty
n'	ne1	ADVneg	MORPH=empty
ai	avoir	VERcjg	MORPH=empty
ge	je	PROper	MORPH=empty
cure	cure	NOMcom	MORPH=empty
.	.	PONfrt	MORPH=empty
Mes	mais1	CONcoo	MORPH=empty
quel	quel1	DETint	MORPH=empty
fié	fief	NOMcom	MORPH=empty
me	je	PROper	MORPH=empty
demandes	demander	VERcjg	MORPH=empty
tu	tu	PROper	MORPH=empty
?	?	PONfrt	MORPH=empty
Sire	seignor	NOMcom	MORPH=empty
,	,	PONfbl	MORPH=empty
vos	vos	PROper	MORPH=empty
avez	avoir	VERcjg	MORPH=empty
abatu	abatre	VERppe	MORPH=empty
a	a3	PRE	MORPH=empty
cest	cest	DETdem	MORPH=empty
port	port2	NOMcom	MORPH=empty
ci	ci	ADVgen	MORPH=empty
.i.	un	DETndf	MORPH=empty
chevalier	chevalier	NOMcom	MORPH=empty
don	dont	PROrel	MORPH=empty
ge	je	PROper	MORPH=empty
doi	devoir	VERcjg	MORPH=empty
avoir	avoir	VERinf	MORPH=empty
le	le	DETdef	MORPH=empty
destrier	destrier1	NOMcom	MORPH=empty
.	.	PONfrt	MORPH=empty
S'	se	CONsub	MORPH=empty
anvers	envers2	PRE	MORPH=empty
moi	je	PROper	MORPH=empty
ne	ne1	ADVneg	MORPH=empty
volez	voloir	VERcjg	MORPH=empty
mesprandre	mesprendre	VERinf	MORPH=empty
,	,	PONfbl	MORPH=empty
le	le	DETdef	MORPH=empty
destrier	destrier1	NOMcom	MORPH=empty
me	je	PROper	MORPH=empty
devez	devoir	VERcjg	MORPH=empty
vos	vos	PROper	MORPH=empty
randre	rendre	VERinf	MORPH=empty
.	.	PONfrt	MORPH=empty
"	"	PONpxx	MORPH=empty
Et	et	CONcoo	MORPH=empty
il	il	PROper	MORPH=empty
respont	respondre1	VERcjg	MORPH=empty
:	:	PONfbl	MORPH=empty
"	"	PONpxx	MORPH=empty
Amis	ami	NOMcom	MORPH=empty
,	,	PONfbl	MORPH=empty
cist	cest	DETdem	MORPH=empty
fiés	fief	NOMcom	MORPH=empty
me	je	PROper	MORPH=empty
seroit	estre1	VERcjg	MORPH=empty
ja	ja	ADVgen	MORPH=empty
a	a3	PRE	MORPH=empty
randre	rendre	VERinf	MORPH=empty
griés	grief	ADJqua	MORPH=empty
,	,	PONfbl	MORPH=empty
qu'	que4	CONcoo	MORPH=empty
a	a3	PRE	MORPH=empty
pié	pié	NOMcom	MORPH=empty
aler	aler	VERinf	MORPH=empty
m'	je	PROper	MORPH=empty
an	en2	PROadv	MORPH=empty
covandroit	covenir	VERcjg	MORPH=empty
.	.	PONfrt	MORPH=empty
Avoi	avoi	INJ	MORPH=empty
!	!	PONfrt	MORPH=empty
chevaliers	chevalier	NOMcom	MORPH=empty
,	,	PONfbl	MORPH=empty
or	or4	ADVgen	MORPH=empty
androit	endroit	ADVgen	MORPH=empty
vos	vos	PROper	MORPH=empty
tienent	tenir1	VERcjg	MORPH=empty
mout	mout	ADVgen	MORPH=empty
a	a3	PRE	MORPH=empty
desleal	deslëal	ADJqua	MORPH=empty
et	et	CONcoo	MORPH=empty
mout	mout	ADVgen	MORPH=empty
le	il	PROper	MORPH=empty
tienent	tenir1	VERcjg	MORPH=empty
a	a3	PRE	MORPH=empty
grant	grant	ADJqua	MORPH=empty
mal	mal1	NOMcom	MORPH=empty
ces	ce2	DETdem	MORPH=empty
puceles	pucele	NOMcom	MORPH=empty
que	que2	PROrel	MORPH=empty
vos	vos	PROper	MORPH=empty
veez	vëoir	VERcjg	MORPH=empty
,	,	PONfbl	MORPH=empty
qant	cant1	CONsub	MORPH=empty
vos	vos	PROper	MORPH=empty
mon	mon1	DETpos	MORPH=empty
fié	fief	NOMcom	MORPH=empty
ne	ne1	ADVneg	MORPH=empty
me	je	PROper	MORPH=empty
randez	rendre	VERcjg	MORPH=empty
,	,	PONfbl	MORPH=empty
c'	que4	CONsub	MORPH=empty
onques	onque	ADVgen	MORPH=empty
n'	ne1	ADVneg	MORPH=empty
avint	avenant	VERcjg	MORPH=empty
ne	ne2	CONcoo	MORPH=empty
fet	faire	VERppe	MORPH=empty
ne	ne1	ADVneg	MORPH=empty
fu	estre1	VERcjg	MORPH=empty
qu'	que4	CONsub	MORPH=empty
a	a3	PRE	MORPH=empty
cest	cest	DETdem	MORPH=empty
port	port2	NOMcom	MORPH=empty
eüst	avoir	VERcjg	MORPH=empty
abatu	abatre	VERppe	MORPH=empty
chevalier	chevalier	NOMcom	MORPH=empty
,	,	PONfbl	MORPH=empty
por	por2	PRE	MORPH=empty
coi	coi2	PROrel	MORPH=empty
gel	je+il	PROper.PROper	MORPH=empty
seüsse	savoir	VERcjg	MORPH=empty
,	,	PONfbl	MORPH=empty
que	que4	CONsub	MORPH=empty
ge	je	PROper	MORPH=empty
le	le	DETdef	MORPH=empty
cheval	cheval	NOMcom	MORPH=empty
n'	ne1	ADVneg	MORPH=empty
an	en2	PROadv	MORPH=empty
eüsse	avoir	VERcjg	MORPH=empty
.	.	PONfrt	MORPH=empty
Ou	o3	CONcoo	MORPH=empty
,	,	PONfbl	MORPH=empty
se	se	CONsub	MORPH=empty
ge	je	PROper	MORPH=empty
le	le	DETdef	MORPH=empty
cheval	cheval	NOMcom	MORPH=empty
ne	ne1	ADVneg	MORPH=empty
oi	avoir	VERcjg	MORPH=empty
,	,	PONfbl	MORPH=empty
au	a3+le	PRE.DETdef	MORPH=empty
chevalier	chevalier	NOMcom	MORPH=empty
faillir	falir	VERinf	MORPH=empty
ne	ne1	ADVneg	MORPH=empty
poi	pöoir	VERcjg	MORPH=empty
.	.	PONfrt	MORPH=empty
"	"	PONpxx	MORPH=empty
Et	et	CONcoo	MORPH=empty
messire	seignor	NOMcom	MORPH=empty
Gauvains	Gauvain	NOMpro	MORPH=empty
li	il	PROper	MORPH=empty
dit	dire	VERcjg	MORPH=empty
:	:	PONfbl	MORPH=empty
"	"	PONpxx	MORPH=empty
Amis	ami	NOMcom	MORPH=empty
,	,	PONfbl	MORPH=empty
prenez	prendre	VERcjg	MORPH=empty
sanz	sans	PRE	MORPH=empty
contredit	contredit	NOMcom	MORPH=empty
le	le	DETdef	MORPH=empty
chevalier	chevalier	NOMcom	MORPH=empty
et	et	CONcoo	MORPH=empty
si	si	ADVgen	MORPH=empty
l'	il	PROper	MORPH=empty
aiez	avoir	VERcjg	MORPH=empty
.	.	PONfrt	MORPH=empty
N'	ne1	ADVneg	MORPH=empty
est	estre1	VERcjg	MORPH=empty
pas	pas	ADVneg	MORPH=empty
ancor	encore	ADVgen	MORPH=empty
si	si	ADVgen	MORPH=empty
maheigniez	mahaignier	VERppe	MORPH=empty
,	,	PONfbl	MORPH=empty
fet	faire	VERcjg	MORPH=empty
li	le	DETdef	MORPH=empty
notoniers	notonier	NOMcom	MORPH=empty
,	,	PONfbl	MORPH=empty
par	par	PRE	MORPH=empty
ma	mon1	DETpos	MORPH=empty
foi	foi	NOMcom	MORPH=empty
;	;	PONfbl	MORPH=empty
vos	vos	PROper	MORPH=empty
meïsmes	mëisme	ADJind	MORPH=empty
,	,	PONfbl	MORPH=empty
si	si	ADVgen	MORPH=empty
con	come1	CONsub	MORPH=empty
ge	je	PROper	MORPH=empty
croi	croire	VERcjg	MORPH=empty
,	,	PONfbl	MORPH=empty
avreiez	avoir	VERcjg	MORPH=empty
mout	mout	ADVgen	MORPH=empty
a	a3	PRE	MORPH=empty
fere	faire	VERinf	MORPH=empty
au	a3+le	PRE.DETdef	MORPH=empty
prandre	prendre	VERinf	MORPH=empty
,	,	PONfbl	MORPH=empty
se	se	CONsub	MORPH=empty
vos	vos	PROper	MORPH=empty
i	i2	PROadv	MORPH=empty
oseiez	oser	VERcjg	MORPH=empty
antandre	entendre	VERinf	MORPH=empty
.	.	PONfrt	MORPH=empty
Et	et	CONcoo	MORPH=empty
neporquant	neporcant	ADVgen	MORPH=empty
,	,	PONfbl	MORPH=empty
se	se	CONsub	MORPH=empty
tant	tant	ADVgen	MORPH=empty
valez	valoir	VERcjg	MORPH=empty
,	,	PONfbl	MORPH=empty
panre	prendre	VERinf	MORPH=empty
et	et	CONcoo	MORPH=empty
amener	amener	VERinf	MORPH=empty
le	il	PROper	MORPH=empty
m'	je	PROper	MORPH=empty
alez	aler	VERcjg	MORPH=empty
,	,	PONfbl	MORPH=empty
si	si	ADVgen	MORPH=empty
seroiz	estre1	VERcjg	MORPH=empty
quites	quite	ADJqua	MORPH=empty
de	de	PRE	MORPH=empty
mon	mon1	DETpos	MORPH=empty
fié	fief	NOMcom	MORPH=empty
.	.	PONfrt	MORPH=empty
Amis	ami	NOMcom	MORPH=empty
,	,	PONfbl	MORPH=empty
se	se	CONsub	MORPH=empty
ge	je	PROper	MORPH=empty
descent	descendre	VERcjg	MORPH=empty
a	a3	PRE	MORPH=empty
pié	pié	NOMcom	MORPH=empty
,	,	PONfbl	MORPH=empty
porrai	pöoir	VERcjg	MORPH=empty
me	je	PROper	MORPH=empty
ge	je	PROper	MORPH=empty
fier	fïer	VERinf	MORPH=empty
an	en1	PRE	MORPH=empty
toi	tu	PROper	MORPH=empty
de	de	PRE	MORPH=empty
mon	mon1	DETpos	MORPH=empty
cheval	cheval	NOMcom	MORPH=empty
garder	garder	VERinf	MORPH=empty
a	a3	PRE	MORPH=empty
foi	foi	NOMcom	MORPH=empty
?	?	PONfrt	MORPH=empty
Oïl	öil	ADVgen	MORPH=empty
,	,	PONfbl	MORPH=empty
fet	faire	VERcjg	MORPH=empty
il	il	PROper	MORPH=empty
,	,	PONfbl	MORPH=empty
seüremant	sëurement	ADVgen	MORPH=empty
.	.	PONfrt	MORPH=empty
Jel	je+il	PROper.PROper	MORPH=empty
vos	vos	PROper	MORPH=empty
garderai	garder	VERcjg	MORPH=empty
lëaumant	lëaument	ADVgen	MORPH=empty
et	et	CONcoo	MORPH=empty
volantiers	volentiers	ADVgen	MORPH=empty
le	il	PROper	MORPH=empty
vos	vos	PROper	MORPH=empty
randrai	rendre	VERcjg	MORPH=empty
,	,	PONfbl	MORPH=empty
que	que4	CONcoo	MORPH=empty
ja	ja	ADVgen	MORPH=empty
vers	vers2	PRE	MORPH=empty
vos	vos	PROper	MORPH=empty
n'	ne1	ADVneg	MORPH=empty
an	en2	PROadv	MORPH=empty
mesprandrai	mesprendre	VERcjg	MORPH=empty
de	de	PRE	MORPH=empty
rien	rien	PROind	MORPH=empty
tant	tant	ADVgen	MORPH=empty
con	come1	CONsub	MORPH=empty
ge	je	PROper	MORPH=empty
soie	estre1	VERcjg	MORPH=empty
vis	vif	ADJqua	MORPH=empty
.	.	PONfrt	MORPH=empty
Je	je	PROper	MORPH=empty
le	il	PROper	MORPH=empty
vos	vos	PROper	MORPH=empty
creant	crëanter	VERcjg	MORPH=empty
et	et	CONcoo	MORPH=empty
plevis	plevir	VERcjg	MORPH=empty
.	.	PONfrt	MORPH=empty
Et	et	CONcoo	MORPH=empty
je	je	PROper	MORPH=empty
,	,	PONfbl	MORPH=empty
fet	faire	VERcjg	MORPH=empty
il	il	PROper	MORPH=empty
,	,	PONfbl	MORPH=empty
le	il	PROper	MORPH=empty
te	tu	PROper	MORPH=empty
recroi	recroire	VERcjg	MORPH=empty
sor	sor2	PRE	MORPH=empty
ta	ton4	DETpos	MORPH=empty
fiance	fïance	NOMcom	MORPH=empty
et	et	CONcoo	MORPH=empty
sor	sor2	PRE	MORPH=empty
ta	ton4	DETpos	MORPH=empty
foi	foi	NOMcom	MORPH=empty
.	.	PONfrt	MORPH=empty
"	"	PONpxx	MORPH=empty
Tantost	tantost	ADVgen	MORPH=empty
de	de	PRE	MORPH=empty
son	son4	DETpos	MORPH=empty
cheval	cheval	NOMcom	MORPH=empty
descent	descendre	VERcjg	MORPH=empty
,	,	PONfbl	MORPH=empty
si	si	ADVgen	MORPH=empty
li	il	PROper	MORPH=empty
comande	comander	VERcjg	MORPH=empty
,	,	PONfbl	MORPH=empty
et	et	CONcoo	MORPH=empty
cil	cel	PROdem	MORPH=empty
le	il	PROper	MORPH=empty
prant	prendre	VERcjg	MORPH=empty
,	,	PONfbl	MORPH=empty
qui	qui	PROrel	MORPH=empty
dit	dire	VERcjg	MORPH=empty
qu'	que4	CONsub	MORPH=empty
a	a3	PRE	MORPH=empty
foi	foi	NOMcom	MORPH=empty
li	il	PROper	MORPH=empty
gardera	garder	VERcjg	MORPH=empty
.	.	PONfrt	MORPH=empty
Et	et	CONcoo	MORPH=empty
messire	seignor	NOMcom	MORPH=empty
Gauvains	Gauvain	NOMpro	MORPH=empty
s'	soi1	PROper	MORPH=empty
an	en2	PROadv	MORPH=empty
va	aler	VERcjg	MORPH=empty
,	,	PONfbl	MORPH=empty
l'	le	DETdef	MORPH=empty
espee	espee	NOMcom	MORPH=empty
treite	traire	VERppe	MORPH=empty
,	,	PONfbl	MORPH=empty
vers	vers2	PRE	MORPH=empty
celui	cel	PROdem	MORPH=empty
qui	qui	PROrel	MORPH=empty
n'	ne1	ADVneg	MORPH=empty
a	avoir	VERcjg	MORPH=empty
mestier	mestier	NOMcom	MORPH=empty
de	de	PRE	MORPH=empty
plus	plus	ADVgen	MORPH=empty
d'	de	PRE	MORPH=empty
enui	enui	NOMcom	MORPH=empty
,	,	PONfbl	MORPH=empty
qu'	que4	CONcoo	MORPH=empty
il	il	PROper	MORPH=empty
estoit	estre1	VERcjg	MORPH=empty
si	si	ADVgen	MORPH=empty
navrez	navrer	VERppe	MORPH=empty
el	en1+le	PRE.DETdef	MORPH=empty
flanc	flanc	NOMcom	MORPH=empty
que	que4	CONsub	MORPH=empty
mout	mout	ADVgen	MORPH=empty
avoit	avoir	VERcjg	MORPH=empty
perdu	perdre	VERppe	MORPH=empty
del	de+le	PRE.DETdef	MORPH=empty
sanc	sanc	NOMcom	MORPH=empty
.	.	PONfrt	MORPH=empty
Et	et	CONcoo	MORPH=empty
messire	seignor	NOMcom	MORPH=empty
Gauvains	Gauvain	NOMpro	MORPH=empty
li	il	PROper	MORPH=empty
passe	passer1	VERcjg	MORPH=empty
:	:	PONfbl	MORPH=empty
"	"	PONpxx	MORPH=empty
Sire	seignor	NOMcom	MORPH=empty
,	,	PONfbl	MORPH=empty
ne	ne1	ADVneg	MORPH=empty
sai	savoir	VERcjg	MORPH=empty
que	que2	PROrel	MORPH=empty
vos	vos	PROper	MORPH=empty
celasse	celer1	VERcjg	MORPH=empty
,	,	PONfbl	MORPH=empty
fet	faire	VERcjg	MORPH=empty
cil	cel	PROdem	MORPH=empty
qui	qui	PROrel	MORPH=empty
mout	mout	ADVgen	MORPH=empty
fu	estre1	VERcjg	MORPH=empty
esmaiez	esmaiier	VERppe	MORPH=empty
,	,	PONfbl	MORPH=empty
car	car	CONcoo	MORPH=empty
ge	je	PROper	MORPH=empty
sui	estre1	VERcjg	MORPH=empty
duremant	durement	ADVgen	MORPH=empty
plaiez	plaiier	VERppe	MORPH=empty
,	,	PONfbl	MORPH=empty
que	que4	CONcoo	MORPH=empty
de	de	PRE	MORPH=empty
pis	pis1	ADVgen	MORPH=empty
faire	faire	VERinf	MORPH=empty
n'	ne1	ADVneg	MORPH=empty
ai	avoir	VERcjg	MORPH=empty
mestier	mestier	NOMcom	MORPH=empty
.	.	PONfrt	MORPH=empty
Del	de+le	PRE.DETdef	MORPH=empty
sanc	sanc	NOMcom	MORPH=empty
ai	avoir	VERcjg	MORPH=empty
perdu	perdre	VERppe	MORPH=empty
.i.	1	DETcar	MORPH=empty
setier	sestier	NOMcom	MORPH=empty
,	,	PONfbl	MORPH=empty
si	si	ADVgen	MORPH=empty
me	je	PROper	MORPH=empty
met	metre2	VERcjg	MORPH=empty
an	en1	PRE	MORPH=empty
vostre	vostre	DETpos	MORPH=empty
merci	merci	NOMcom	MORPH=empty
.	.	PONfrt	MORPH=empty
Or	or4	ADVgen	MORPH=empty
levez	lever	VERcjg	MORPH=empty
donc	donc	ADVgen	MORPH=empty
,	,	PONfbl	MORPH=empty
fet	faire	VERcjg	MORPH=empty
il	il	PROper	MORPH=empty
,	,	PONfbl	MORPH=empty
de	de	PRE	MORPH=empty
ci	ci	ADVgen	MORPH=empty
.	.	PONfrt	MORPH=empty
"	"	PONpxx	MORPH=empty
Et	et	CONcoo	MORPH=empty
cil	cel	PROdem	MORPH=empty
se	soi1	PROper	MORPH=empty
lieve	lever	VERcjg	MORPH=empty
a	a3	PRE	MORPH=empty
quelque	quel1	DETind	MORPH=empty
painne	peine	NOMcom	MORPH=empty
,	,	PONfbl	MORPH=empty
et	et	CONcoo	MORPH=empty
messire	seignor	NOMcom	MORPH=empty
Gauvains	Gauvain	NOMpro	MORPH=empty
l'	il	PROper	MORPH=empty
an	en2	PROadv	MORPH=empty
mainne	mener	VERcjg	MORPH=empty
au	a3+le	PRE.DETdef	MORPH=empty
notonier	notonier	NOMcom	MORPH=empty
,	,	PONfbl	MORPH=empty
qui	qui	PROrel	MORPH=empty
l'	il	PROper	MORPH=empty
an	en2	PROadv	MORPH=empty
mercie	mercïer	VERcjg	MORPH=empty
.	.	PONfrt	MORPH=empty
Et	et	CONcoo	MORPH=empty
messire	seignor	NOMcom	MORPH=empty
Gauvains	Gauvain	NOMpro	MORPH=empty
li	il	PROper	MORPH=empty
prie	priier	VERcjg	MORPH=empty
qu'	que4	CONsub	MORPH=empty
il	il	PROper	MORPH=empty
li	il	PROper	MORPH=empty
die	dire	VERcjg	MORPH=empty
d'	de	PRE	MORPH=empty
une	un	DETndf	MORPH=empty
pucele	pucele	NOMcom	MORPH=empty
,	,	PONfbl	MORPH=empty
se	se	CONsub	MORPH=empty
il	il	PROper	MORPH=empty
an	en2	PROadv	MORPH=empty
set	savoir	VERcjg	MORPH=empty
nule	nul	DETind	MORPH=empty
novele	novele	NOMcom	MORPH=empty
,	,	PONfbl	MORPH=empty
que	que2	PROrel	MORPH=empty
il	il	PROper	MORPH=empty
avoit	avoir	VERcjg	MORPH=empty
la	là	ADVgen	MORPH=empty
amenee	amener	VERppe	MORPH=empty
,	,	PONfbl	MORPH=empty
quel	quel1	DETrel	MORPH=empty
part	part1	NOMcom	MORPH=empty
ele	il	PROper	MORPH=empty
an	en2	PROadv	MORPH=empty
estoit	estre1	VERcjg	MORPH=empty
alee	aler	VERppe	MORPH=empty
.	.	PONfrt	MORPH=empty
Et	et	CONcoo	MORPH=empty
il	il	PROper	MORPH=empty
dist	dire	VERcjg	MORPH=empty
:	:	PONfbl	MORPH=empty
"	"	PONpxx	MORPH=empty
Sire	seignor	NOMcom	MORPH=empty
,	,	PONfbl	MORPH=empty
ne	ne1	ADVneg	MORPH=empty
vos	vos	PROper	MORPH=empty
chaille	chaloir	VERcjg	MORPH=empty
de	de	PRE	MORPH=empty
la	le	DETdef	MORPH=empty
pucele	pucele	NOMcom	MORPH=empty
ou	où	PROrel	MORPH=empty
que	que2	PROrel	MORPH=empty
ele	il	PROper	MORPH=empty
aille	aler	VERcjg	MORPH=empty
,	,	PONfbl	MORPH=empty
que	que4	CONcoo	MORPH=empty
pucele	pucele	NOMcom	MORPH=empty
n'	ne1	ADVneg	MORPH=empty
est	estre1	VERcjg	MORPH=empty
ele	il	PROper	MORPH=empty
pas	pas	ADVneg	MORPH=empty
,	,	PONfbl	MORPH=empty
einz	ainz	ADVgen	MORPH=empty
est	estre1	VERcjg	MORPH=empty
pire	pejor	ADJqua	MORPH=empty
que	que1	CONsub	MORPH=empty
Sathenas	Satanas	NOMpro	MORPH=empty
,	,	PONfbl	MORPH=empty
car	car	CONcoo	MORPH=empty
a	a3	PRE	MORPH=empty
cest	cest	DETdem	MORPH=empty
port	port2	NOMcom	MORPH=empty
a	avoir	VERcjg	MORPH=empty
fet	faire	VERppe	MORPH=empty
tranchier	trenchier1	VERinf	MORPH=empty
maintes	maint	DETind	MORPH=empty
testes	teste	NOMcom	MORPH=empty
a	a3	PRE	MORPH=empty
chevalier	chevalier	NOMcom	MORPH=empty
.	.	PONfrt	MORPH=empty
Mes	mais1	CONcoo	MORPH=empty
se	se	CONsub	MORPH=empty
croire	croire	VERinf	MORPH=empty
me	je	PROper	MORPH=empty
voleiez	voloir	VERcjg	MORPH=empty
,	,	PONfbl	MORPH=empty
hui	ui	ADVgen	MORPH=empty
mes	mais1	ADVgen	MORPH=empty
herbergier	herbergier	VERinf	MORPH=empty
vanreiez	venir	VERcjg	MORPH=empty
an	en1	PRE	MORPH=empty
tel	tel	DETind	MORPH=empty
ostel	ostel	NOMcom	MORPH=empty
con	come1	CONsub	MORPH=empty
est	estre1	VERcjg	MORPH=empty
li	le	DETdef	MORPH=empty
miens	mien	PROpos	MORPH=empty
,	,	PONfbl	MORPH=empty
que	que4	CONcoo	MORPH=empty
ne	ne1	ADVneg	MORPH=empty
seroit	estre1	VERcjg	MORPH=empty
pas	pas	ADVneg	MORPH=empty
vostre	vostre	DETpos	MORPH=empty
biens	bien2	NOMcom	MORPH=empty
de	de	PRE	MORPH=empty
demorer	demorer	VERinf	MORPH=empty
a	a3	PRE	MORPH=empty
cest	cest	DETdem	MORPH=empty
rivaige	rivage2	NOMcom	MORPH=empty
,	,	PONfbl	MORPH=empty
que	que4	CONcoo	MORPH=empty
c'	ce1	PROdem	MORPH=empty
est	estre1	VERcjg	MORPH=empty
une	un	DETndf	MORPH=empty
terre	terre	NOMcom	MORPH=empty
sauvaige	sauvage	ADJqua	MORPH=empty
tote	tot	ADVgen	MORPH=empty
plainne	plein	ADJqua	MORPH=empty
de	de	PRE	MORPH=empty
granz	grant	ADJqua	MORPH=empty
mervoilles	merveille	NOMcom	MORPH=empty
.	.	PONfrt	MORPH=empty
Amis	ami	NOMcom	MORPH=empty
,	,	PONfbl	MORPH=empty
quant	cant1	CONsub	MORPH=empty
tu	tu	PROper	MORPH=empty
le	il	PROper	MORPH=empty
me	je	PROper	MORPH=empty
consoilles	conseillier1	VERcjg	MORPH=empty
,	,	PONfbl	MORPH=empty
a	a3	PRE	MORPH=empty
ton	ton4	DETpos	MORPH=empty
consoil	conseil	NOMcom	MORPH=empty
me	je	PROper	MORPH=empty
voel	voloir	VERcjg	MORPH=empty
tenir	tenir1	VERinf	MORPH=empty
,	,	PONfbl	MORPH=empty
que	que2	PROrel	MORPH=empty
que	que2	PROrel	MORPH=empty
il	il	PROimp	MORPH=empty
m'	je	PROper	MORPH=empty
an	en2	PROadv	MORPH=empty
doie	devoir	VERcjg	MORPH=empty
avenir	avenant	VERinf	MORPH=empty
.	.	PONfrt	MORPH=empty
"	"	PONpxx	MORPH=empty
Au	a3+le	PRE.DETdef	MORPH=empty
los	los1	NOMcom	MORPH=empty
au	a3+le	PRE.DETdef	MORPH=empty
notonier	notonier	NOMcom	MORPH=empty
le	il	PROper	MORPH=empty
fet	faire	VERcjg	MORPH=empty
,	,	PONfbl	MORPH=empty
que	que4	CONsub	MORPH=empty
son	son4	DETpos	MORPH=empty
cheval	cheval	NOMcom	MORPH=empty
aprés	après	PRE	MORPH=empty
lui	il	PROper	MORPH=empty
tret	traire	VERcjg	MORPH=empty
.	.	PONfrt	MORPH=empty
An	en1	PRE	MORPH=empty
la	le	DETdef	MORPH=empty
nef	nef2	NOMcom	MORPH=empty
antrent	entrer	VERcjg	MORPH=empty
,	,	PONfbl	MORPH=empty
si	si	ADVgen	MORPH=empty
s'	soi1	PROper	MORPH=empty
an	en2	PROadv	MORPH=empty
vont	aler	VERcjg	MORPH=empty
,	,	PONfbl	MORPH=empty
a	a3	PRE	MORPH=empty
l'	le	DETdef	MORPH=empty
autre	autre	ADJind	MORPH=empty
rive	rive	NOMcom	MORPH=empty
venu	venir	VERppe	MORPH=empty
sont	estre1	VERcjg	MORPH=empty
.	.	PONfrt	MORPH=empty
Pres	près	ADVgen	MORPH=empty
de	de	PRE	MORPH=empty
l'	le	DETdef	MORPH=empty
eve	aigue	NOMcom	MORPH=empty
fu	estre1	VERcjg	MORPH=empty
li	le	DETdef	MORPH=empty
ostex	ostel	NOMcom	MORPH=empty
au	a3+le	PRE.DETdef	MORPH=empty
notonier	notonier	NOMcom	MORPH=empty
,	,	PONfbl	MORPH=empty
et	et	CONcoo	MORPH=empty
si	si	ADVgen	MORPH=empty
fu	estre1	VERcjg	MORPH=empty
tex	tel	ADJind	MORPH=empty
que	que4	CONsub	MORPH=empty
descendre	descendre	VERinf	MORPH=empty
i	i2	PROadv	MORPH=empty
poïst	pöoir	VERcjg	MORPH=empty
uns	un	DETndf	MORPH=empty
cuens	conte1	NOMcom	MORPH=empty
,	,	PONfbl	MORPH=empty
si	si	ADVgen	MORPH=empty
fu	estre1	VERcjg	MORPH=empty
mout	mout	ADVgen	MORPH=empty
aeisiez	aaisier	VERppe	MORPH=empty
et	et	CONcoo	MORPH=empty
buens	bon	ADJqua	MORPH=empty
.	.	PONfrt	MORPH=empty
Li	le	DETdef	MORPH=empty
notoniers	notonier	NOMcom	MORPH=empty
son	son4	DETpos	MORPH=empty
oste	oste	NOMcom	MORPH=empty
an	en2	PROadv	MORPH=empty
meinne	mener	VERcjg	MORPH=empty
et	et	CONcoo	MORPH=empty
son	son4	DETpos	MORPH=empty
prison	prison	NOMcom	MORPH=empty
;	;	PONfbl	MORPH=empty
grant	grant	ADJqua	MORPH=empty
joie	joie	NOMcom	MORPH=empty
an	en2	PROadv	MORPH=empty
meinne	mener	VERcjg	MORPH=empty
,	,	PONfbl	MORPH=empty
si	si	ADVgen	MORPH=empty
grant	grant	ADJqua	MORPH=empty
joie	joie	NOMcom	MORPH=empty
con	come1	CONsub	MORPH=empty
il	il	PROper	MORPH=empty
plus	plus	ADVgen	MORPH=empty
puet	pöoir	VERcjg	MORPH=empty
.	.	PONfrt	MORPH=empty
De	de	PRE	MORPH=empty
quanque	cantque	PROrel	MORPH=empty
a	a3	PRE	MORPH=empty
prodome	pro	NOMcom	MORPH=empty
estuet	estovoir1	VERcjg	MORPH=empty
fu	estre1	VERcjg	MORPH=empty
messire	seignor	NOMcom	MORPH=empty
Gauvains	Gauvain	NOMpro	MORPH=empty
serviz	servir	VERppe	MORPH=empty
:	:	PONfbl	MORPH=empty
ploviers	plovier	NOMcom	MORPH=empty
et	et	CONcoo	MORPH=empty
feisanz	faisan	NOMcom	MORPH=empty
et	et	CONcoo	MORPH=empty
perdriz	perdriz	NOMcom	MORPH=empty
et	et	CONcoo	MORPH=empty
veneison	venoison	NOMcom	MORPH=empty
ot	avoir	VERcjg	MORPH=empty
au	a3+le	PRE.DETdef	MORPH=empty
soper	soper	VERinf	MORPH=empty
,	,	PONfbl	MORPH=empty
et	et	CONcoo	MORPH=empty
li	le	DETdef	MORPH=empty
vin	vin	NOMcom	MORPH=empty
furent	estre1	VERcjg	MORPH=empty
fort	fort	ADJqua	MORPH=empty
et	et	CONcoo	MORPH=empty
cler	cler	ADJqua	MORPH=empty
,	,	PONfbl	MORPH=empty
blanc	blanc	ADJqua	MORPH=empty
et	et	CONcoo	MORPH=empty
vermoil	vermeil1	ADJqua	MORPH=empty
,	,	PONfbl	MORPH=empty
novel	novel	ADJqua	MORPH=empty
et	et	CONcoo	MORPH=empty
viez	viez	ADJqua	MORPH=empty
.	.	PONfrt	MORPH=empty
De	de	PRE	MORPH=empty
son	son4	DETpos	MORPH=empty
prisonier	prisonier	NOMcom	MORPH=empty
fu	estre1	VERcjg	MORPH=empty
mout	mout	ADVgen	MORPH=empty
liez	lié1	ADJqua	MORPH=empty
li	le	DETdef	MORPH=empty
mariniers	marinier	NOMcom	MORPH=empty
,	,	PONfbl	MORPH=empty
et	et	CONcoo	MORPH=empty
de	de	PRE	MORPH=empty
son	son4	DETpos	MORPH=empty
oste	oste	NOMcom	MORPH=empty
.	.	PONfrt	MORPH=empty
Qant	cant1	CONsub	MORPH=empty
ont	avoir	VERcjg	MORPH=empty
mangié	mangier	VERppe	MORPH=empty
,	,	PONfbl	MORPH=empty
et	et	CONcoo	MORPH=empty
an	on	PROind	MORPH=empty
lor	il	PROper	MORPH=empty
oste	oster2	VERcjg	MORPH=empty
la	le	DETdef	MORPH=empty
table	table	NOMcom	MORPH=empty
et	et	CONcoo	MORPH=empty
il	il	PROper	MORPH=empty
levent	laver	VERcjg	MORPH=empty
lor	lor2	DETpos	MORPH=empty
mains	main2	NOMcom	MORPH=empty
.	.	PONfrt	MORPH=empty
La	le	DETdef	MORPH=empty
nuit	nuit	NOMcom	MORPH=empty
ot	avoir	VERcjg	MORPH=empty
messire	seignor	NOMcom	MORPH=empty
Gauvains	Gauvain	NOMpro	MORPH=empty
ostel	ostel	NOMcom	MORPH=empty
et	et	CONcoo	MORPH=empty
oste	oste	NOMcom	MORPH=empty
a	a3	PRE	MORPH=empty
sa	son4	DETpos	MORPH=empty
devise	devise	NOMcom	MORPH=empty
,	,	PONfbl	MORPH=empty
qu'	que4	CONcoo	MORPH=empty
il	il	PROper	MORPH=empty
prist	prendre	VERcjg	MORPH=empty
mout	mout	ADVgen	MORPH=empty
an	en1	PRE	MORPH=empty
gré	gré2	NOMcom	MORPH=empty
le	le	DETdef	MORPH=empty
servise	servise	NOMcom	MORPH=empty
au	a3+le	PRE.DETdef	MORPH=empty
notonier	notonier	NOMcom	MORPH=empty
et	et	CONcoo	MORPH=empty
mout	mout	ADVgen	MORPH=empty
li	il	PROper	MORPH=empty
plot	plaire	VERcjg	MORPH=empty
.	.	PONfrt	MORPH=empty
L'	le	DETdef	MORPH=empty
andemain	endemain	NOMcom	MORPH=empty
,	,	PONfbl	MORPH=empty
si	si	ADVgen	MORPH=empty
tost	tost1	ADVgen	MORPH=empty
con	come1	CONsub	MORPH=empty
il	il	PROper	MORPH=empty
pot	pöoir	VERcjg	MORPH=empty
veoir	vëoir	VERinf	MORPH=empty
que	que4	CONsub	MORPH=empty
li	le	DETdef	MORPH=empty
jorz	jor	NOMcom	MORPH=empty
aparut	aparoir	VERcjg	MORPH=empty
,	,	PONfbl	MORPH=empty
si	si	ADVgen	MORPH=empty
se	soi1	PROper	MORPH=empty
leva	lever	VERcjg	MORPH=empty
si	si	ADVgen	MORPH=empty
con	come1	CONsub	MORPH=empty
il	il	PROper	MORPH=empty
dut	devoir	VERcjg	MORPH=empty
,	,	PONfbl	MORPH=empty
qu'	que4	CONcoo	MORPH=empty
acostumé	acostumer	VERppe	MORPH=empty
l'	il	PROper	MORPH=empty
avoit	avoir	VERcjg	MORPH=empty
ensi	ainsi	ADVgen	MORPH=empty
;	;	PONfbl	MORPH=empty
et	et	CONcoo	MORPH=empty
li	le	DETdef	MORPH=empty
notoniers	notonier	NOMcom	MORPH=empty
avoec	avuec	PRE	MORPH=empty
li	il	PROper	MORPH=empty
se	soi1	PROper	MORPH=empty
leva	lever	VERcjg	MORPH=empty
por	por2	PRE	MORPH=empty
amor	amor	NOMcom	MORPH=empty
de	de	PRE	MORPH=empty
lui	il	PROper	MORPH=empty
,	,	PONfbl	MORPH=empty
et	et	CONcoo	MORPH=empty
furent	estre1	VERcjg	MORPH=empty
apoié	apoiier	VERppe	MORPH=empty
andui	ambedos	PROcar	MORPH=empty
as	a3+le	PRE.DETdef	MORPH=empty
fenestres	fenestre	NOMcom	MORPH=empty
d'	de	PRE	MORPH=empty
une	un	DETndf	MORPH=empty
tornele	tornele1	NOMcom	MORPH=empty
.	.	PONfrt	MORPH=empty
La	le	DETdef	MORPH=empty
contree	contree	NOMcom	MORPH=empty
,	,	PONfbl	MORPH=empty
qui	qui	PROrel	MORPH=empty
mout	mout	ADVgen	MORPH=empty
fu	estre1	VERcjg	MORPH=empty
bele	bel1	ADJqua	MORPH=empty
,	,	PONfbl	MORPH=empty
esgarda	esgarder	VERcjg	MORPH=empty
messire	seignor	NOMcom	MORPH=empty
Gauvains	Gauvain	NOMpro	MORPH=empty
et	et	CONcoo	MORPH=empty
vit	vëoir	VERcjg	MORPH=empty
les	le	DETdef	MORPH=empty
forez	forest	NOMcom	MORPH=empty
et	et	CONcoo	MORPH=empty
les	le	DETdef	MORPH=empty
plains	plain	ADJqua	MORPH=empty
et	et	CONcoo	MORPH=empty
le	le	DETdef	MORPH=empty
chastel	chastel	NOMcom	MORPH=empty
sor	sor2	PRE	MORPH=empty
la	le	DETdef	MORPH=empty
faloise	falise	NOMcom	MORPH=empty
.	.	PONfrt	MORPH=empty
"	"	PONpxx	MORPH=empty
Ostes	oste	NOMcom	MORPH=empty
,	,	PONfbl	MORPH=empty
fet	faire	VERcjg	MORPH=empty
il	il	PROper	MORPH=empty
,	,	PONfbl	MORPH=empty
s'	se	CONsub	MORPH=empty
il	il	PROimp	MORPH=empty
ne	ne1	ADVneg	MORPH=empty
vos	vos	PROper	MORPH=empty
poise	peser	VERcjg	MORPH=empty
,	,	PONfbl	MORPH=empty
demander	demander	VERinf	MORPH=empty
vos	vos	PROper	MORPH=empty
voel	voloir	VERcjg	MORPH=empty
et	et	CONcoo	MORPH=empty
anquerre	enquerre	VERinf	MORPH=empty
qui	qui	PROrel	MORPH=empty
est	estre1	VERcjg	MORPH=empty
sires	seignor	NOMcom	MORPH=empty
de	de	PRE	MORPH=empty
ceste	cest	DETdem	MORPH=empty
terre	terre	NOMcom	MORPH=empty
et	et	CONcoo	MORPH=empty
de	de	PRE	MORPH=empty
cest	cest	DETdem	MORPH=empty
chastel	chastel	NOMcom	MORPH=empty
ci	ci	ADVgen	MORPH=empty
alués	aluec	ADVgen	MORPH=empty
.	.	PONfrt	MORPH=empty
"	"	PONpxx	MORPH=empty
Et	et	CONcoo	MORPH=empty
li	le	DETdef	MORPH=empty
ostes	oste	NOMcom	MORPH=empty
li	il	PROper	MORPH=empty
respont	respondre1	VERcjg	MORPH=empty
lués	luès	ADVgen	MORPH=empty
:	:	PONfbl	MORPH=empty
"	"	PONpxx	MORPH=empty
Sire	seignor	NOMcom	MORPH=empty
,	,	PONfbl	MORPH=empty
nel	ne1+il	ADVneg.PROper	MORPH=empty
sai	savoir	VERcjg	MORPH=empty
.	.	PONfrt	MORPH=empty
Vos	vos	PROper	MORPH=empty
nel	ne1+il	ADVneg.PROper	MORPH=empty
savez	savoir	VERcjg	MORPH=empty
?	?	PONfrt	MORPH=empty
C'	ce1	PROdem	MORPH=empty
est	estre1	VERcjg	MORPH=empty
mervoille	merveille	NOMcom	MORPH=empty
,	,	PONfbl	MORPH=empty
que	que2	PROrel	MORPH=empty
dit	dire	VERppe	MORPH=empty
m'	je	PROper	MORPH=empty
avez	avoir	VERcjg	MORPH=empty
que	que4	CONsub	MORPH=empty
del	de+le	PRE.DETdef	MORPH=empty
chastel	chastel	NOMcom	MORPH=empty
estes	estre1	VERcjg	MORPH=empty
sergenz	serjant	NOMcom	MORPH=empty
et	et	CONcoo	MORPH=empty
s'	si	ADVgen	MORPH=empty
an	en2	PROadv	MORPH=empty
avez	avoir	VERcjg	MORPH=empty
rantes	rente	NOMcom	MORPH=empty
mout	mout	ADVgen	MORPH=empty
granz	grant	ADJqua	MORPH=empty
,	,	PONfbl	MORPH=empty
ne	ne2	CONcoo	MORPH=empty
ne	ne1	ADVneg	MORPH=empty
savez	savoir	VERcjg	MORPH=empty
qui	qui	PROrel	MORPH=empty
an	en2	PROadv	MORPH=empty
est	estre1	VERcjg	MORPH=empty
sire	seignor	NOMcom	MORPH=empty
!	!	PONfrt	MORPH=empty
Por	por2	PRE	MORPH=empty
voir	voir	NOMcom	MORPH=empty
,	,	PONfbl	MORPH=empty
fet	faire	VERcjg	MORPH=empty
il	il	PROper	MORPH=empty
,	,	PONfbl	MORPH=empty
le	il	PROper	MORPH=empty
vos	vos	PROper	MORPH=empty
puis	pöoir	VERcjg	MORPH=empty
dire	dire	VERinf	MORPH=empty
que	que4	CONsub	MORPH=empty
je	je	PROper	MORPH=empty
nel	ne1+il	ADVneg.PROper	MORPH=empty
sai	savoir	VERcjg	MORPH=empty
ne	ne2	CONcoo	MORPH=empty
ne	ne1	ADVneg	MORPH=empty
soi	savoir	VERcjg	MORPH=empty
onques	onque	ADVgen	MORPH=empty
.	.	PONfrt	MORPH=empty
Biax	bel1	ADJqua	MORPH=empty
ostes	oste	NOMcom	MORPH=empty
,	,	PONfbl	MORPH=empty
or	or4	ADVgen	MORPH=empty
me	je	PROper	MORPH=empty
dites	dire	VERcjg	MORPH=empty
donques	donc	ADVgen	MORPH=empty
qui	qui	PROrel	MORPH=empty
desfant	defendre	VERcjg	MORPH=empty
le	le	DETdef	MORPH=empty
chastel	chastel	NOMcom	MORPH=empty
et	et	CONcoo	MORPH=empty
garde	garder	VERcjg	MORPH=empty
.	.	PONfrt	MORPH=empty
Sire	seignor	NOMcom	MORPH=empty
,	,	PONfbl	MORPH=empty
il	il	PROimp	MORPH=empty
i	i2	PROadv	MORPH=empty
a	avoir	VERcjg	MORPH=empty
mout	mout	ADVgen	MORPH=empty
bone	bon	ADJqua	MORPH=empty
garde	garde	NOMcom	MORPH=empty
,	,	PONfbl	MORPH=empty
.v.	5	PROcar	MORPH=empty
.c.	100	PROcar	MORPH=empty
que	que4	CONcoo	MORPH=empty
ars	arc	NOMcom	MORPH=empty
que	que4	CONcoo	MORPH=empty
arbalestes	arbaleste	NOMcom	MORPH=empty
,	,	PONfbl	MORPH=empty
qui	qui	PROrel	MORPH=empty
toz	tot	DETind	MORPH=empty
jorz	jor	NOMcom	MORPH=empty
sont	estre1	VERcjg	MORPH=empty
de	de	PRE	MORPH=empty
trere	traire	VERinf	MORPH=empty
prestes	prest1	ADJqua	MORPH=empty
.	.	PONfrt	MORPH=empty
Se	se	CONsub	MORPH=empty
nus	nul	PROind	MORPH=empty
i	i2	PROadv	MORPH=empty
voloit	voloir	VERcjg	MORPH=empty
rien	rien	PROind	MORPH=empty
forfaire	forfaire	VERinf	MORPH=empty
,	,	PONfbl	MORPH=empty
ja	ja	ADVgen	MORPH=empty
ne	ne1	ADVneg	MORPH=empty
fineroient	finer	VERcjg	MORPH=empty
de	de	PRE	MORPH=empty
traire	traire	VERinf	MORPH=empty
ne	ne2	CONcoo	MORPH=empty
ja	ja	ADVgen	MORPH=empty
ne	ne1	ADVneg	MORPH=empty
seroient	estre1	VERcjg	MORPH=empty
lassees	lasser	VERppe	MORPH=empty
,	,	PONfbl	MORPH=empty
par	par	PRE	MORPH=empty
tel	tel	DETind	MORPH=empty
engin	engin	NOMcom	MORPH=empty
sont	estre1	VERcjg	MORPH=empty
conpassees	compasser	VERppe	MORPH=empty
.	.	PONfrt	MORPH=empty
Et	et	CONcoo	MORPH=empty
tant	tant	ADVgen	MORPH=empty
vos	vos	PROper	MORPH=empty
dirai	dire	VERcjg	MORPH=empty
del	de+le	PRE.DETdef	MORPH=empty
covine	covine	NOMcom	MORPH=empty
,	,	PONfbl	MORPH=empty
que	que4	CONsub	MORPH=empty
il	il	PROimp	MORPH=empty
i	i2	PROadv	MORPH=empty
a	avoir	VERcjg	MORPH=empty
une	un	DETndf	MORPH=empty
reïne	röine1	NOMcom	MORPH=empty
mout	mout	ADVgen	MORPH=empty
gentil	gentil	ADJqua	MORPH=empty
dame	dame	NOMcom	MORPH=empty
et	et	CONcoo	MORPH=empty
haute	haut	ADJqua	MORPH=empty
et	et	CONcoo	MORPH=empty
sage	sage	ADJqua	MORPH=empty
,	,	PONfbl	MORPH=empty
et	et	CONcoo	MORPH=empty
si	si	ADVgen	MORPH=empty
est	estre1	VERcjg	MORPH=empty
de	de	PRE	MORPH=empty
mout	mout	ADVgen	MORPH=empty
haut	haut	ADJqua	MORPH=empty
parage	parage	NOMcom	MORPH=empty
.	.	PONfrt	MORPH=empty
La	le	DETdef	MORPH=empty
reïne	röine1	NOMcom	MORPH=empty
,	,	PONfbl	MORPH=empty
atot	atot	PRE	MORPH=empty
son	son4	DETpos	MORPH=empty
tresor	tresor	NOMcom	MORPH=empty
que	que2	PROrel	MORPH=empty
ele	il	PROper	MORPH=empty
avoit	avoir	VERcjg	MORPH=empty
d'	de	PRE	MORPH=empty
argent	argent	NOMcom	MORPH=empty
et	et	CONcoo	MORPH=empty
d'	de	PRE	MORPH=empty
or	or1	NOMcom	MORPH=empty
,	,	PONfbl	MORPH=empty
s'	soi1	PROper	MORPH=empty
an	en2	PROadv	MORPH=empty
vint	venir	VERcjg	MORPH=empty
an	en1	PRE	MORPH=empty
cest	cest	DETdem	MORPH=empty
païs	päis	NOMcom	MORPH=empty
menoir	manoir1	VERinf	MORPH=empty
et	et	CONcoo	MORPH=empty
si	si	ADVgen	MORPH=empty
a	avoir	VERcjg	MORPH=empty
fet	faire	VERppe	MORPH=empty
si	si	ADVgen	MORPH=empty
fort	fort	ADJqua	MORPH=empty
menoir	manoir2	NOMcom	MORPH=empty
con	come1	CONsub	MORPH=empty
vos	vos	PROper	MORPH=empty
poez	pöoir	VERcjg	MORPH=empty
veoir	vëoir	VERinf	MORPH=empty
ici	ici	ADVgen	MORPH=empty
;	;	PONfbl	MORPH=empty
et	et	CONcoo	MORPH=empty
si	si	ADVgen	MORPH=empty
amena	amener	VERcjg	MORPH=empty
avoec	avuec	PRE	MORPH=empty
li	il	PROper	MORPH=empty
une	un	DETndf	MORPH=empty
dame	dame	NOMcom	MORPH=empty
qu'	que2	PROrel	MORPH=empty
ele	il	PROper	MORPH=empty
tant	tant	ADVgen	MORPH=empty
ainme	amer1	VERcjg	MORPH=empty
que	que4	CONsub	MORPH=empty
reïne	röine1	NOMcom	MORPH=empty
et	et	CONcoo	MORPH=empty
fille	fille	NOMcom	MORPH=empty
la	il	PROper	MORPH=empty
clainme	clamer	VERcjg	MORPH=empty
.	.	PONfrt	MORPH=empty
Et	et	CONcoo	MORPH=empty
cele	cel	PROdem	MORPH=empty
i	i2	PROadv	MORPH=empty
a	avoir	VERcjg	MORPH=empty
une	un	DETndf	MORPH=empty
autre	autre	ADJind	MORPH=empty
fille	fille	NOMcom	MORPH=empty
,	,	PONfbl	MORPH=empty
qui	qui	PROrel	MORPH=empty
son	son4	DETpos	MORPH=empty
linage	lignage	NOMcom	MORPH=empty
pas	pas	ADVneg	MORPH=empty
n'	ne1	ADVneg	MORPH=empty
aville	avillier	VERcjg	MORPH=empty
ne	ne2	CONcoo	MORPH=empty
nule	nul	DETind	MORPH=empty
honte	honte	NOMcom	MORPH=empty
ne	ne1	ADVneg	MORPH=empty
li	il	PROper	MORPH=empty
fait	faire	VERcjg	MORPH=empty
,	,	PONfbl	MORPH=empty
ne	ne2	CONcoo	MORPH=empty
ge	je	PROper	MORPH=empty
ne	ne1	ADVneg	MORPH=empty
cuit	cuidier1	VERcjg	MORPH=empty
que	que4	CONsub	MORPH=empty
soz	soz	PRE	MORPH=empty
ciel	ciel	NOMcom	MORPH=empty
ait	avoir	VERcjg	MORPH=empty
plus	plus	ADVgen	MORPH=empty
bele	bel1	ADJqua	MORPH=empty
ne	ne2	CONcoo	MORPH=empty
mialz	mieus	ADVgen	MORPH=empty
afeitiee	afaitier	VERppe	MORPH=empty
.	.	PONfrt	MORPH=empty
Et	et	CONcoo	MORPH=empty
la	le	DETdef	MORPH=empty
sale	sale1	NOMcom	MORPH=empty
est	estre1	VERcjg	MORPH=empty
mout	mout	ADVgen	MORPH=empty
bien	bien1	ADVgen	MORPH=empty
gaitiee	gaitier	VERppe	MORPH=empty
par	par	PRE	MORPH=empty
art	art	NOMcom	MORPH=empty
et	et	CONcoo	MORPH=empty
par	par	PRE	MORPH=empty
anchantement	enchantement	NOMcom	MORPH=empty
,	,	PONfbl	MORPH=empty
que	que2	PROrel	MORPH=empty
vos	vos	PROper	MORPH=empty
savroiz	savoir	VERcjg	MORPH=empty
prochenemant	prochainement	ADVgen	MORPH=empty
se	se	CONsub	MORPH=empty
vos	vos	PROper	MORPH=empty
plest	plaire	VERcjg	MORPH=empty
que	que4	CONsub	MORPH=empty
ge	je	PROper	MORPH=empty
le	il	PROper	MORPH=empty
vos	vos	PROper	MORPH=empty
die	dire	VERcjg	MORPH=empty
.	.	PONfrt	MORPH=empty
Uns	un	DETndf	MORPH=empty
sages	sage	ADJqua	MORPH=empty
clers	clerc	NOMcom	MORPH=empty
d'	de	PRE	MORPH=empty
astrenomie	astrenomie	NOMcom	MORPH=empty
,	,	PONfbl	MORPH=empty
que	que2	PROrel	MORPH=empty
la	le	DETdef	MORPH=empty
reïne	röine1	NOMcom	MORPH=empty
i	i2	PROadv	MORPH=empty
amena	amener	VERcjg	MORPH=empty
,	,	PONfbl	MORPH=empty
an	en1	PRE	MORPH=empty
cest	cest	DETdem	MORPH=empty
grant	grant	ADJqua	MORPH=empty
palés	palais2	NOMcom	MORPH=empty
qui	qui	PROrel	MORPH=empty
est	estre1	VERcjg	MORPH=empty
ça	ça	ADVgen	MORPH=empty
a	avoir	VERcjg	MORPH=empty
fet	faire	VERppe	MORPH=empty
unes	un	DETndf	MORPH=empty
si	si	ADVgen	MORPH=empty
granz	grant	ADJqua	MORPH=empty
mervoilles	merveille	NOMcom	MORPH=empty
c'	que4	CONsub	MORPH=empty
onques	onque	ADVgen	MORPH=empty
n'	ne1	ADVneg	MORPH=empty
oïstes	öir	VERcjg	MORPH=empty
les	le	DETdef	MORPH=empty
paroilles	pareil	ADJqua	MORPH=empty
n'	ne2	CONcoo	MORPH=empty
ainz	ainc	ADVgen	MORPH=empty
mes	mais1	ADVgen	MORPH=empty
n'	ne1	ADVneg	MORPH=empty
an	en2	PROadv	MORPH=empty
oïstes	öir	VERcjg	MORPH=empty
parler	parler	VERinf	MORPH=empty
;	;	PONfbl	MORPH=empty
que	que4	CONsub	MORPH=empty
chevaliers	chevalier	NOMcom	MORPH=empty
n'	ne1	ADVneg	MORPH=empty
i	i2	PROadv	MORPH=empty
puet	pöoir	VERcjg	MORPH=empty
ester	ester	VERinf	MORPH=empty
une	un	DETcar	MORPH=empty
liuee	lieuee	NOMcom	MORPH=empty
vis	vif	ADJqua	MORPH=empty
ne	ne2	CONcoo	MORPH=empty
sains	sain	ADJqua	MORPH=empty
qui	qui	PROrel	MORPH=empty
de	de	PRE	MORPH=empty
coardie	cöardie	NOMcom	MORPH=empty
soit	estre1	VERcjg	MORPH=empty
plains	plein	ADJqua	MORPH=empty
ne	ne2	CONcoo	MORPH=empty
qui	qui	PROrel	MORPH=empty
ait	avoir	VERcjg	MORPH=empty
an	en1	PRE	MORPH=empty
lui	il	PROper	MORPH=empty
nul	nul	DETind	MORPH=empty
mal	mal1	ADJqua	MORPH=empty
vice	vice1	NOMcom	MORPH=empty
de	de	PRE	MORPH=empty
losange	losenge2	NOMcom	MORPH=empty
ne	ne2	CONcoo	MORPH=empty
d'	de	PRE	MORPH=empty
avarice	avarice	NOMcom	MORPH=empty
.	.	PONfrt	MORPH=empty
Coarz	cöart	ADJqua	MORPH=empty
ne	ne2	CONcoo	MORPH=empty
traïtes	träitor	NOMcom	MORPH=empty
n'	ne1	ADVneg	MORPH=empty
i	i2	PROadv	MORPH=empty
dure	durer	VERcjg	MORPH=empty
,	,	PONfbl	MORPH=empty
ne	ne2	CONcoo	MORPH=empty
foimantie	foimentie	ADJqua	MORPH=empty
ne	ne2	CONcoo	MORPH=empty
parjure	parjur	NOMcom	MORPH=empty
:	:	PONfbl	MORPH=empty
cil	cel	PROdem	MORPH=empty
i	i2	PROadv	MORPH=empty
muerent	morir	VERcjg	MORPH=empty
si	si	ADVgen	MORPH=empty
a	a3	PRE	MORPH=empty
delivre	delivre2	NOMcom	MORPH=empty
qu'	que4	CONsub	MORPH=empty
il	il	PROper	MORPH=empty
n'	ne1	ADVneg	MORPH=empty
i	i2	PROadv	MORPH=empty
pueent	pöoir	VERcjg	MORPH=empty
durer	durer	VERinf	MORPH=empty
ne	ne2	CONcoo	MORPH=empty
vivre	vivre1	VERinf	MORPH=empty
.	.	PONfrt	MORPH=empty
Mes	mais1	CONcoo	MORPH=empty
il	il	PROimp	MORPH=empty
i	i2	PROadv	MORPH=empty
a	avoir	VERcjg	MORPH=empty
vaslez	vaslet	NOMcom	MORPH=empty
asez	assez	ADVgen	MORPH=empty
,	,	PONfbl	MORPH=empty
de	de	PRE	MORPH=empty
maintes	maint	DETind	MORPH=empty
terres	terre	NOMcom	MORPH=empty
amassez	amasser	VERppe	MORPH=empty
,	,	PONfbl	MORPH=empty
qui	qui	PROrel	MORPH=empty
por	por2	PRE	MORPH=empty
armes	arme	NOMcom	MORPH=empty
servent	servir	VERcjg	MORPH=empty
leanz	laienz	ADVgen	MORPH=empty
,	,	PONfbl	MORPH=empty
bien	bien1	ADVgen	MORPH=empty
en	en2	PROadv	MORPH=empty
i	i2	PROadv	MORPH=empty
a	avoir	VERcjg	MORPH=empty
jusqu'	jusque	PRE	MORPH=empty
a	a3	PRE	MORPH=empty
.v.	5	PROcar	MORPH=empty
.c.	100	PROcar	MORPH=empty
,	,	PONfbl	MORPH=empty
les	le	DETdef	MORPH=empty
uns	un	PROind	MORPH=empty
barbez	barbé	ADJqua	MORPH=empty
,	,	PONfbl	MORPH=empty
les	le	DETdef	MORPH=empty
autres	autre	PROind	MORPH=empty
non	non	ADVneg	MORPH=empty
,	,	PONfbl	MORPH=empty
.c.	100	PROcar	MORPH=empty
qui	qui	PROrel	MORPH=empty
n'	ne1	ADVneg	MORPH=empty
ont	avoir	VERcjg	MORPH=empty
barbe	barbe	NOMcom	MORPH=empty
ne	ne2	CONcoo	MORPH=empty
grenon	grenon	NOMcom	MORPH=empty
,	,	PONfbl	MORPH=empty
et	et	CONcoo	MORPH=empty
.c.	100	DETcar	MORPH=empty
autres	autre	PROind	MORPH=empty
cui	cui	PROrel	MORPH=empty
barbes	barbe	NOMcom	MORPH=empty
poignent	poindre	VERcjg	MORPH=empty
,	,	PONfbl	MORPH=empty
et	et	CONcoo	MORPH=empty
.c.	100	PROcar	MORPH=empty
qui	qui	PROrel	MORPH=empty
reent	rere	VERcjg	MORPH=empty
et	et	CONcoo	MORPH=empty
reongnent	röoignier	VERcjg	MORPH=empty
,	,	PONfbl	MORPH=empty
et	et	CONcoo	MORPH=empty
.c.	100	PROcar	MORPH=empty
qui	qui	PROrel	MORPH=empty
sont	estre1	VERcjg	MORPH=empty
meslé	mesler	VERppe	MORPH=empty
de	de	PRE	MORPH=empty
chenes	chienes	NOMcom	MORPH=empty
;	;	PONfbl	MORPH=empty
et	et	CONcoo	MORPH=empty
s'	si	ADVgen	MORPH=empty
i	i2	PROadv	MORPH=empty
a	avoir	VERcjg	MORPH=empty
dames	dame	NOMcom	MORPH=empty
ancienes	anciien	ADJqua	MORPH=empty
,	,	PONfbl	MORPH=empty
qui	qui	PROrel	MORPH=empty
n'	ne1	ADVneg	MORPH=empty
ont	avoir	VERcjg	MORPH=empty
ne	ne2	CONcoo	MORPH=empty
mariz	mari	NOMcom	MORPH=empty
ne	ne2	CONcoo	MORPH=empty
seignors	seignor	NOMcom	MORPH=empty
,	,	PONfbl	MORPH=empty
einz	ainz	ADVgen	MORPH=empty
sont	estre1	VERcjg	MORPH=empty
de	de	PRE	MORPH=empty
terres	terre	NOMcom	MORPH=empty
et	et	CONcoo	MORPH=empty
d'	de	PRE	MORPH=empty
enors	onor	NOMcom	MORPH=empty
desheritees	desireter	VERppe	MORPH=empty
a	a3	PRE	MORPH=empty
grant	grant	ADJqua	MORPH=empty
tort	tort2	NOMcom	MORPH=empty
,	,	PONfbl	MORPH=empty
puis	puis	ADVgen	MORPH=empty
que	que4	CONsub	MORPH=empty
lor	lor2	DETpos	MORPH=empty
mari	mari	NOMcom	MORPH=empty
furent	estre1	VERcjg	MORPH=empty
mort	morir	VERppe	MORPH=empty
,	,	PONfbl	MORPH=empty
et	et	CONcoo	MORPH=empty
dameiseles	damoisele	NOMcom	MORPH=empty
orfelines	orfenin	ADJqua	MORPH=empty
,	,	PONfbl	MORPH=empty
qui	qui	PROrel	MORPH=empty
sont	estre1	VERcjg	MORPH=empty
avoec	avuec	PRE	MORPH=empty
les	le	DETdef	MORPH=empty
.ii.	2	ADJcar	MORPH=empty
reïnes	röine1	NOMcom	MORPH=empty
,	,	PONfbl	MORPH=empty
qui	qui	PROrel	MORPH=empty
a	a3	PRE	MORPH=empty
mout	mout	ADVgen	MORPH=empty
grant	grant	ADJqua	MORPH=empty
enor	onor	NOMcom	MORPH=empty
les	il	PROper	MORPH=empty
tienent	tenir1	VERcjg	MORPH=empty
.	.	PONfrt	MORPH=empty
Tex	tel	DETind	MORPH=empty
genz	gent1	NOMcom	MORPH=empty
vont	aler	VERcjg	MORPH=empty
el	en1+le	PRE.DETdef	MORPH=empty
chastel	chastel	NOMcom	MORPH=empty
et	et	CONcoo	MORPH=empty
vienent	venir	VERcjg	MORPH=empty
,	,	PONfbl	MORPH=empty
s'	si	ADVgen	MORPH=empty
atandent	atendre	VERcjg	MORPH=empty
une	un	DETndf	MORPH=empty
grant	grant	ADJqua	MORPH=empty
folie	folie2	NOMcom	MORPH=empty
qui	qui	PROrel	MORPH=empty
ne	ne1	ADVneg	MORPH=empty
porroit	pöoir	VERcjg	MORPH=empty
avenir	avenant	VERinf	MORPH=empty
mie	mie	ADVneg	MORPH=empty
,	,	PONfbl	MORPH=empty
qu'	que4	CONcoo	MORPH=empty
il	il	PROper	MORPH=empty
atandent	atendre	VERcjg	MORPH=empty
que	que4	CONsub	MORPH=empty
leanz	laienz	ADVgen	MORPH=empty
veigne	venir	VERcjg	MORPH=empty
uns	un	DETndf	MORPH=empty
chevalier	chevalier	NOMcom	MORPH=empty
qui	qui	PROrel	MORPH=empty
les	il	PROper	MORPH=empty
mainteigne	maintenir	VERcjg	MORPH=empty
,	,	PONfbl	MORPH=empty
qui	qui	PROrel	MORPH=empty
doigne	doner	VERcjg	MORPH=empty
as	a3+le	PRE.DETdef	MORPH=empty
puceles	pucele	NOMcom	MORPH=empty
seignors	seignor	NOMcom	MORPH=empty
et	et	CONcoo	MORPH=empty
rande	rendre	VERcjg	MORPH=empty
as	a3+le	PRE.DETdef	MORPH=empty
dames	dame	NOMcom	MORPH=empty
lor	lor2	DETpos	MORPH=empty
enors	onor	NOMcom	MORPH=empty
et	et	CONcoo	MORPH=empty
des	de+le	PRE.DETdef	MORPH=empty
vaslez	vaslet	NOMcom	MORPH=empty
chevaliers	chevalier	NOMcom	MORPH=empty
face	faire	VERcjg	MORPH=empty
.	.	PONfrt	MORPH=empty
Mes	mais1	CONcoo	MORPH=empty
ainz	ainz	ADVgen	MORPH=empty
sera	estre1	VERcjg	MORPH=empty
la	le	DETdef	MORPH=empty
mers	mer	NOMcom	MORPH=empty
de	de	PRE	MORPH=empty
glace	glace	NOMcom	MORPH=empty
que	que4	CONsub	MORPH=empty
l'	le	DETdef	MORPH=empty
an	on	PROind	MORPH=empty
.i.	un	DETndf	MORPH=empty
tel	tel	ADJind	MORPH=empty
chevalier	chevalier	NOMcom	MORPH=empty
truisse	trover	VERcjg	MORPH=empty
qui	qui	PROrel	MORPH=empty
el	en1+le	PRE.DETdef	MORPH=empty
palés	palais2	NOMcom	MORPH=empty
demorer	demorer	VERinf	MORPH=empty
puisse	pöoir	VERcjg	MORPH=empty
,	,	PONfbl	MORPH=empty
qu'	que4	CONcoo	MORPH=empty
il	il	PROimp	MORPH=empty
le	il	PROper	MORPH=empty
covandroit	covenir	VERcjg	MORPH=empty
a	a3	PRE	MORPH=empty
devise	devise	NOMcom	MORPH=empty
saige	sage	ADJqua	MORPH=empty
et	et	CONcoo	MORPH=empty
large	large	ADJqua	MORPH=empty
,	,	PONfbl	MORPH=empty
sanz	sans	PRE	MORPH=empty
coveitise	covoitise	NOMcom	MORPH=empty
,	,	PONfbl	MORPH=empty
bel	bel1	ADJqua	MORPH=empty
et	et	CONcoo	MORPH=empty
franc	franc1	ADJqua	MORPH=empty
,	,	PONfbl	MORPH=empty
hardi	hardi	ADJqua	MORPH=empty
et	et	CONcoo	MORPH=empty
leal	lëal	ADJqua	MORPH=empty
,	,	PONfbl	MORPH=empty
sanz	sans	PRE	MORPH=empty
vilenie	vilenie	NOMcom	MORPH=empty
et	et	CONcoo	MORPH=empty
sanz	sans	PRE	MORPH=empty
nul	nul	DETind	MORPH=empty
mal	mal1	NOMcom	MORPH=empty
.	.	PONfrt	MORPH=empty
S'	se	CONsub	MORPH=empty
uns	un	PROind	MORPH=empty
tex	tel	ADJind	MORPH=empty
en	en2	PROadv	MORPH=empty
i	i2	PROadv	MORPH=empty
pooit	pöoir	VERcjg	MORPH=empty
venir	venir	VERinf	MORPH=empty
,	,	PONfbl	MORPH=empty
cil	cel	PROdem	MORPH=empty
porroit	pöoir	VERcjg	MORPH=empty
le	le	DETdef	MORPH=empty
palés	palais2	NOMcom	MORPH=empty
tenir	tenir1	VERinf	MORPH=empty
et	et	CONcoo	MORPH=empty
randroit	rendre	VERcjg	MORPH=empty
as	a3+le	PRE.DETdef	MORPH=empty
dames	dame	NOMcom	MORPH=empty
lor	lor2	DETpos	MORPH=empty
terres	terre	NOMcom	MORPH=empty
et	et	CONcoo	MORPH=empty
feroit	faire	VERcjg	MORPH=empty
pes	pais	NOMcom	MORPH=empty
de	de	PRE	MORPH=empty
maintes	maint	DETind	MORPH=empty
guerres	guerre	NOMcom	MORPH=empty
.	.	PONfrt	MORPH=empty
Les	le	DETdef	MORPH=empty
puceles	pucele	NOMcom	MORPH=empty
marieroit	marïer	VERcjg	MORPH=empty
et	et	CONcoo	MORPH=empty
les	le	DETdef	MORPH=empty
vaslez	vaslet	NOMcom	MORPH=empty
adoberoit	adober	VERcjg	MORPH=empty
et	et	CONcoo	MORPH=empty
osteroit	oster2	VERcjg	MORPH=empty
sanz	sans	PRE	MORPH=empty
nul	nul	DETind	MORPH=empty
delais	delai	NOMcom	MORPH=empty
les	le	DETdef	MORPH=empty
anchantemenz	enchantement	NOMcom	MORPH=empty
del	de+le	PRE.DETdef	MORPH=empty
palais	palais2	NOMcom	MORPH=empty
.	.	PONfrt	MORPH=empty
"	"	PONpxx	MORPH=empty
Monseignor	seignor	NOMcom	MORPH=empty
Gauvain	Gauvain	NOMpro	MORPH=empty
ces	ce2	DETdem	MORPH=empty
noveles	novele	NOMcom	MORPH=empty
plorent	plaire	VERcjg	MORPH=empty
et	et	CONcoo	MORPH=empty
mout	mout	ADVgen	MORPH=empty
li	il	PROper	MORPH=empty
furent	estre1	VERcjg	MORPH=empty
beles	bel1	ADJqua	MORPH=empty
.	.	PONfrt	MORPH=empty
"	"	PONpxx	MORPH=empty
Ostes	oste	NOMcom	MORPH=empty
,	,	PONfbl	MORPH=empty
fet	faire	VERcjg	MORPH=empty
il	il	PROper	MORPH=empty
,	,	PONfbl	MORPH=empty
alons	aler	VERcjg	MORPH=empty
aval	aval	ADVgen	MORPH=empty
,	,	PONfbl	MORPH=empty
et	et	CONcoo	MORPH=empty
mes	mon1	DETpos	MORPH=empty
armes	arme	NOMcom	MORPH=empty
et	et	CONcoo	MORPH=empty
mon	mon1	DETpos	MORPH=empty
cheval	cheval	NOMcom	MORPH=empty
me	je	PROper	MORPH=empty
fetes	faire	VERcjg	MORPH=empty
sanz	sans	PRE	MORPH=empty
demore	demore	NOMcom	MORPH=empty
randre	rendre	VERinf	MORPH=empty
,	,	PONfbl	MORPH=empty
car	car	CONcoo	MORPH=empty
ge	je	PROper	MORPH=empty
ne	ne1	ADVneg	MORPH=empty
voel	voloir	VERcjg	MORPH=empty
ci	ci	ADVgen	MORPH=empty
plus	plus	ADVgen	MORPH=empty
atandre	atendre	VERinf	MORPH=empty
,	,	PONfbl	MORPH=empty
einz	ainz	ADVgen	MORPH=empty
m'	je	PROper	MORPH=empty
an	en2	PROadv	MORPH=empty
irai	aler	VERcjg	MORPH=empty
.	.	PONfrt	MORPH=empty
Sire	seignor	NOMcom	MORPH=empty
,	,	PONfbl	MORPH=empty
quel	quel1	DETint	MORPH=empty
part	part1	NOMcom	MORPH=empty
?	?	PONfrt	MORPH=empty
Car	car	ADVgen	MORPH=empty
sejornez	sejorner	VERcjg	MORPH=empty
,	,	PONfbl	MORPH=empty
se	se	CONsub	MORPH=empty
Dex	Dieu	NOMpro	MORPH=empty
vos	vos	PROper	MORPH=empty
gart	garder	VERcjg	MORPH=empty
,	,	PONfbl	MORPH=empty
hui	ui	ADVgen	MORPH=empty
et	et	CONcoo	MORPH=empty
demain	demain	ADVgen	MORPH=empty
et	et	CONcoo	MORPH=empty
plus	plus	ADVgen	MORPH=empty
ancores	encore	ADVgen	MORPH=empty
.	.	PONfrt	MORPH=empty
Ostes	oste	NOMcom	MORPH=empty
,	,	PONfbl	MORPH=empty
ce	ce1	PROdem	MORPH=empty
ne	ne1	ADVneg	MORPH=empty
sera	estre1	VERcjg	MORPH=empty
pas	pas	ADVneg	MORPH=empty
ores	or4	ADVgen	MORPH=empty
,	,	PONfbl	MORPH=empty
que	que3	ADVint	MORPH=empty
beneoiz	benëir	VERppe	MORPH=empty
soit	estre1	VERcjg	MORPH=empty
vostre	vostre	DETpos	MORPH=empty
ostex	ostel	NOMcom	MORPH=empty
!	!	PONfrt	MORPH=empty
Einz	ainz	ADVgen	MORPH=empty
m'	je	PROper	MORPH=empty
an	en2	PROadv	MORPH=empty
irai	aler	VERcjg	MORPH=empty
,	,	PONfbl	MORPH=empty
si	si	ADVgen	MORPH=empty
m'	je	PROper	MORPH=empty
aïst	aidier	VERcjg	MORPH=empty
Dex	Dieu	NOMpro	MORPH=empty
,	,	PONfbl	MORPH=empty
veoir	vëoir	VERinf	MORPH=empty
les	le	DETdef	MORPH=empty
dames	dame	NOMcom	MORPH=empty
qu'	que2	PROrel	MORPH=empty
eles	il	PROper	MORPH=empty
font	faire	VERcjg	MORPH=empty
et	et	CONcoo	MORPH=empty
les	le	DETdef	MORPH=empty
mervoilles	merveille	NOMcom	MORPH=empty
qui	qui	PROrel	MORPH=empty
la	là	ADVgen	MORPH=empty
sont	estre1	VERcjg	MORPH=empty
.	.	PONfrt	MORPH=empty
Teisiez	taire	VERcjg	MORPH=empty
,	,	PONfbl	MORPH=empty
sire	seignor	NOMcom	MORPH=empty
!	!	PONfrt	MORPH=empty
Ceste	cest	DETdem	MORPH=empty
folie	folie2	NOMcom	MORPH=empty
,	,	PONfbl	MORPH=empty
se	se	CONsub	MORPH=empty
Deu	Dieu	NOMpro	MORPH=empty
plest	plaire	VERcjg	MORPH=empty
,	,	PONfbl	MORPH=empty
ne	ne1	ADVneg	MORPH=empty
feroiz	faire	VERcjg	MORPH=empty
vos	vos	PROper	MORPH=empty
mie	mie	ADVneg	MORPH=empty
,	,	PONfbl	MORPH=empty
mes	mais1	ADVgen	MORPH=empty
creez	croire	VERcjg	MORPH=empty
moi	je	PROper	MORPH=empty
,	,	PONfbl	MORPH=empty
si	si	ADVgen	MORPH=empty
remenez	remanoir	VERcjg	MORPH=empty
.	.	PONfrt	MORPH=empty
Ostes	oste	NOMcom	MORPH=empty
,	,	PONfbl	MORPH=empty
fet	faire	VERcjg	MORPH=empty
il	il	PROper	MORPH=empty
,	,	PONfbl	MORPH=empty
vos	vos	PROper	MORPH=empty
me	je	PROper	MORPH=empty
tenez	tenir1	VERcjg	MORPH=empty
por	por2	PRE	MORPH=empty
recreant	recroire	VERppa	MORPH=empty
et	et	CONcoo	MORPH=empty
por	por2	PRE	MORPH=empty
coart	cöart	ADJqua	MORPH=empty
!	!	PONfrt	MORPH=empty
Ja	ja	ADVgen	MORPH=empty
puis	puis	ADVgen	MORPH=empty
Dex	Dieu	NOMpro	MORPH=empty
n'	ne1	ADVneg	MORPH=empty
en	en2	PROadv	MORPH=empty
ait	avoir	VERcjg	MORPH=empty
an	en1	PRE	MORPH=empty
moi	je	PROper	MORPH=empty
part	part1	NOMcom	MORPH=empty
que	que4	CONsub	MORPH=empty
ge	je	PROper	MORPH=empty
nul	nul	DETind	MORPH=empty
consoil	conseil	NOMcom	MORPH=empty
an	en2	PROadv	MORPH=empty
cresrai	croire	VERcjg	MORPH=empty
!	!	PONfrt	MORPH=empty
Par	par	PRE	MORPH=empty
foi	foi	NOMcom	MORPH=empty
,	,	PONfbl	MORPH=empty
sire	seignor	NOMcom	MORPH=empty
,	,	PONfbl	MORPH=empty
et	et	CONcoo	MORPH=empty
ge	je	PROper	MORPH=empty
m'	je	PROper	MORPH=empty
an	en2	PROadv	MORPH=empty
terai	taire	VERcjg	MORPH=empty
,	,	PONfbl	MORPH=empty
que	que4	CONcoo	MORPH=empty
ce	ce1	PROdem	MORPH=empty
seroit	estre1	VERcjg	MORPH=empty
poinne	peine	NOMcom	MORPH=empty
gastee	gaster	VERppe	MORPH=empty
.	.	PONfrt	MORPH=empty
Qant	cant1	CONsub	MORPH=empty
li	le	DETdef	MORPH=empty
alers	aler	VERinf	MORPH=empty
tant	tant	ADVgen	MORPH=empty
vos	vos	PROper	MORPH=empty
agree	agreer	VERcjg	MORPH=empty
,	,	PONfbl	MORPH=empty
vos	vos	PROper	MORPH=empty
i	i2	PROadv	MORPH=empty
eroiz	aler	VERcjg	MORPH=empty
,	,	PONfbl	MORPH=empty
don	dont	PROrel	MORPH=empty
mout	mout	ADVgen	MORPH=empty
m'	je	PROper	MORPH=empty
enuie	enoiier	VERcjg	MORPH=empty
,	,	PONfbl	MORPH=empty
s'	si	ADVgen	MORPH=empty
est	estre1	VERcjg	MORPH=empty
droiz	droit	ADJqua	MORPH=empty
que	que4	CONsub	MORPH=empty
ge	je	PROper	MORPH=empty
vos	vos	PROper	MORPH=empty
i	i2	PROadv	MORPH=empty
conduie	conduire	VERcjg	MORPH=empty
,	,	PONfbl	MORPH=empty
qu'	que4	CONcoo	MORPH=empty
autres	autre	DETind	MORPH=empty
conduiz	conduit	NOMcom	MORPH=empty
,	,	PONfbl	MORPH=empty
ce	ce1	PROdem	MORPH=empty
sachiez	savoir	VERcjg	MORPH=empty
bien	bien1	ADVgen	MORPH=empty
,	,	PONfbl	MORPH=empty
ne	ne1	ADVneg	MORPH=empty
vos	vos	PROper	MORPH=empty
i	i2	PROadv	MORPH=empty
valdroit	valoir	VERcjg	MORPH=empty
nule	nul	DETind	MORPH=empty
rien	rien	NOMcom	MORPH=empty
.	.	PONfrt	MORPH=empty
Mes	mais1	CONcoo	MORPH=empty
.i.	1	DETcar	MORPH=empty
don	don	NOMcom	MORPH=empty
voel	voloir	VERcjg	MORPH=empty
de	de	PRE	MORPH=empty
vos	vos	PROper	MORPH=empty
avoir	avoir	VERinf	MORPH=empty
.	.	PONfrt	MORPH=empty
Ostes	oste	NOMcom	MORPH=empty
,	,	PONfbl	MORPH=empty
quel	quel1	DETint	MORPH=empty
don	don	NOMcom	MORPH=empty
?	?	PONfrt	MORPH=empty
Jel	je+il	PROper.PROper	MORPH=empty
voel	voloir	VERcjg	MORPH=empty
savoir	savoir	VERinf	MORPH=empty
.	.	PONfrt	MORPH=empty
Einz	ainz	ADVgen	MORPH=empty
le	il	PROper	MORPH=empty
m'	je	PROper	MORPH=empty
avroiz	avoir	VERcjg	MORPH=empty
acreanté	acreanter	VERppe	MORPH=empty
.	.	PONfrt	MORPH=empty
Biax	bel1	ADJqua	MORPH=empty
ostes	oste	NOMcom	MORPH=empty
,	,	PONfbl	MORPH=empty
vostre	vostre	DETpos	MORPH=empty
volanté	volenté	NOMcom	MORPH=empty
ferai	faire	VERcjg	MORPH=empty
,	,	PONfbl	MORPH=empty
mes	mais1	CONcoo	MORPH=empty
que	que3	ADVint	MORPH=empty
honte	honte	NOMcom	MORPH=empty
n'	ne1	ADVneg	MORPH=empty
i	i2	PROadv	MORPH=empty
aie	avoir	VERcjg	MORPH=empty
.	.	PONfrt	MORPH=empty
"	"	PONpxx	MORPH=empty
Lors	lors	ADVgen	MORPH=empty
comande	comander	VERcjg	MORPH=empty
que	que4	CONsub	MORPH=empty
l'	le	DETdef	MORPH=empty
an	on	PROind	MORPH=empty
li	il	PROper	MORPH=empty
traie	traire	VERcjg	MORPH=empty
fors	fors1	ADVgen	MORPH=empty
de	de	PRE	MORPH=empty
l'	le	DETdef	MORPH=empty
estable	estable2	NOMcom	MORPH=empty
son	son4	DETpos	MORPH=empty
destrier	destrier1	NOMcom	MORPH=empty
tot	tot	ADVgen	MORPH=empty
atorné	atorner	VERppe	MORPH=empty
por	por2	PRE	MORPH=empty
chevauchier	chevauchier	VERinf	MORPH=empty
,	,	PONfbl	MORPH=empty
et	et	CONcoo	MORPH=empty
ses	son4	DETpos	MORPH=empty
armes	arme	NOMcom	MORPH=empty
a	avoir	VERcjg	MORPH=empty
demandees	demander	VERppe	MORPH=empty
,	,	PONfbl	MORPH=empty
et	et	CONcoo	MORPH=empty
eles	il	PROper	MORPH=empty
li	il	PROper	MORPH=empty
sont	estre1	VERcjg	MORPH=empty
aportees	aporter	VERppe	MORPH=empty
.	.	PONfrt	MORPH=empty
Lors	lors	ADVgen	MORPH=empty
s'	soi1	PROper	MORPH=empty
arme	armer	VERcjg	MORPH=empty
et	et	CONcoo	MORPH=empty
monte	monter	VERcjg	MORPH=empty
,	,	PONfbl	MORPH=empty
si	si	ADVgen	MORPH=empty
s'	soi1	PROper	MORPH=empty
an	en2	PROadv	MORPH=empty
torne	torner	VERcjg	MORPH=empty
,	,	PONfbl	MORPH=empty
et	et	CONcoo	MORPH=empty
li	le	DETdef	MORPH=empty
notoniers	notonier	NOMcom	MORPH=empty
se	soi1	PROper	MORPH=empty
ratorne	ratorner	VERcjg	MORPH=empty
de	de	PRE	MORPH=empty
monter	monter	VERinf	MORPH=empty
sor	sor2	PRE	MORPH=empty
son	son4	DETpos	MORPH=empty
palefroi	palefroi	NOMcom	MORPH=empty
,	,	PONfbl	MORPH=empty
qui	qui	PROrel	MORPH=empty
conduire	conduire	VERinf	MORPH=empty
le	il	PROper	MORPH=empty
vialt	voloir	VERcjg	MORPH=empty
a	a3	PRE	MORPH=empty
foi	foi	NOMcom	MORPH=empty
la	là	ADVgen	MORPH=empty
ou	où	PROrel	MORPH=empty
il	il	PROper	MORPH=empty
va	aler	VERcjg	MORPH=empty
contre	contre	PRE	MORPH=empty
son	son4	DETpos	MORPH=empty
gré	gré2	NOMcom	MORPH=empty
.	.	PONfrt	MORPH=empty
Tant	tant	ADVgen	MORPH=empty
vont	aler	VERcjg	MORPH=empty
que	que4	CONsub	MORPH=empty
au	a3+le	PRE.DETdef	MORPH=empty
pié	pié	NOMcom	MORPH=empty
del	de+le	PRE.DETdef	MORPH=empty
degré	degré	NOMcom	MORPH=empty
qui	qui	PROrel	MORPH=empty
estoit	estre1	VERcjg	MORPH=empty
devant	devant	PRE	MORPH=empty
le	le	DETdef	MORPH=empty
palais	palais2	NOMcom	MORPH=empty
truevent	trover	VERcjg	MORPH=empty
sor	sor2	PRE	MORPH=empty
un	un	DETndf	MORPH=empty
trossel	torsel	NOMcom	MORPH=empty
de	de	PRE	MORPH=empty
glais	glai	NOMcom	MORPH=empty
.i.	un	DETndf	MORPH=empty
eschacier	eschacier1	NOMcom	MORPH=empty
tot	tot	ADVgen	MORPH=empty
seul	sol1	ADJqua	MORPH=empty
seant	sëoir	VERppa	MORPH=empty
,	,	PONfbl	MORPH=empty
qui	qui	PROrel	MORPH=empty
avoit	avoir	VERcjg	MORPH=empty
eschace	eschace	NOMcom	MORPH=empty
d'	de	PRE	MORPH=empty
argent	argent	NOMcom	MORPH=empty
et	et	CONcoo	MORPH=empty
desus	desus	ADVgen	MORPH=empty
estoit	estre1	VERcjg	MORPH=empty
bien	bien1	ADVgen	MORPH=empty
doree	dorer	VERppe	MORPH=empty
et	et	CONcoo	MORPH=empty
fu	estre1	VERcjg	MORPH=empty
de	de	PRE	MORPH=empty
leus	lieu	NOMcom	MORPH=empty
an	en1	PRE	MORPH=empty
leus	lieu	NOMcom	MORPH=empty
bandee	bender	VERppe	MORPH=empty
d'	de	PRE	MORPH=empty
or	or1	NOMcom	MORPH=empty
et	et	CONcoo	MORPH=empty
de	de	PRE	MORPH=empty
pierres	piere	NOMcom	MORPH=empty
precieuses	precïos	ADJqua	MORPH=empty
.	.	PONfrt	MORPH=empty
N'	ne1	ADVneg	MORPH=empty
avoit	avoir	VERcjg	MORPH=empty
mie	mie	ADVneg	MORPH=empty
ses	son4	DETpos	MORPH=empty
mains	main2	NOMcom	MORPH=empty
oiseuses	oisos	ADJqua	MORPH=empty
li	le	DETdef	MORPH=empty
eschaciers	eschacier1	NOMcom	MORPH=empty
,	,	PONfbl	MORPH=empty
car	car	CONcoo	MORPH=empty
il	il	PROper	MORPH=empty
tenoit	tenir1	VERcjg	MORPH=empty
un	un	DETndf	MORPH=empty
quanivet	canivet	NOMcom	MORPH=empty
et	et	CONcoo	MORPH=empty
si	si	ADVgen	MORPH=empty
doloit	doloir	VERcjg	MORPH=empty
.i.	un	DETndf	MORPH=empty
petit	petit	ADJqua	MORPH=empty
bastonet	bastonet	NOMcom	MORPH=empty
de	de	PRE	MORPH=empty
fresne	fraisne	NOMcom	MORPH=empty
.	.	PONfrt	MORPH=empty
Li	le	DETdef	MORPH=empty
eschaciers	eschacier1	NOMcom	MORPH=empty
de	de	PRE	MORPH=empty
rien	rien	PROind	MORPH=empty
n'	ne1	ADVneg	MORPH=empty
aresne	araisnier	VERcjg	MORPH=empty
ces	ce2	PROdem	MORPH=empty
qui	qui	PROrel	MORPH=empty
par	par	PRE	MORPH=empty
devant	devant	PRE	MORPH=empty
lui	il	PROper	MORPH=empty
s'	soi1	PROper	MORPH=empty
an	en2	PROadv	MORPH=empty
vont	aler	VERcjg	MORPH=empty
ne	ne2	CONcoo	MORPH=empty
cil	cel	PROdem	MORPH=empty
.i.	1	DETcar	MORPH=empty
mot	mot	NOMcom	MORPH=empty
dit	dire	VERppe	MORPH=empty
ne	ne1	ADVneg	MORPH=empty
li	il	PROper	MORPH=empty
ont	avoir	VERcjg	MORPH=empty
.	.	PONfrt	MORPH=empty
Et	et	CONcoo	MORPH=empty
li	le	DETdef	MORPH=empty
notoniers	notonier	NOMcom	MORPH=empty
a	a3	PRE	MORPH=empty
lui	il	PROper	MORPH=empty
tire	tirer	VERcjg	MORPH=empty
monseignor	seignor	NOMcom	MORPH=empty
Gauvain	Gauvain	NOMpro	MORPH=empty
et	et	CONcoo	MORPH=empty
dit	dire	VERcjg	MORPH=empty
:	:	PONfbl	MORPH=empty
"	"	PONpxx	MORPH=empty
Sire	seignor	NOMcom	MORPH=empty
,	,	PONfbl	MORPH=empty
de	de	PRE	MORPH=empty
cest	cest	DETdem	MORPH=empty
eschacier	eschacier1	NOMcom	MORPH=empty
que	que3	PROint	MORPH=empty
vos	vos	PROper	MORPH=empty
sanble	sembler	VERcjg	MORPH=empty
?	?	PONfrt	MORPH=empty
S'	son4	DETpos	MORPH=empty
eschace	eschace	NOMcom	MORPH=empty
n'	ne1	ADVneg	MORPH=empty
est	estre1	VERcjg	MORPH=empty
mie	mie	ADVneg	MORPH=empty
de	de	PRE	MORPH=empty
tranble	tremble2	NOMcom	MORPH=empty
,	,	PONfbl	MORPH=empty
fet	faire	VERcjg	MORPH=empty
messire	seignor	NOMcom	MORPH=empty
Gauvains	Gauvain	NOMpro	MORPH=empty
,	,	PONfbl	MORPH=empty
par	par	PRE	MORPH=empty
foi	foi	NOMcom	MORPH=empty
,	,	PONfbl	MORPH=empty
que	que4	CONcoo	MORPH=empty
mout	mout	ADVgen	MORPH=empty
m'	je	PROper	MORPH=empty
est	estre1	VERcjg	MORPH=empty
bel	bel1	ADJqua	MORPH=empty
ce	ce1	PROdem	MORPH=empty
que	que2	PROrel	MORPH=empty
je	je	PROper	MORPH=empty
voi	vëoir	VERcjg	MORPH=empty
.	.	PONfrt	MORPH=empty
E	en1	PRE	MORPH=empty
non	nom	NOMcom	MORPH=empty
Deu	Dieu	NOMpro	MORPH=empty
,	,	PONfbl	MORPH=empty
fet	faire	VERcjg	MORPH=empty
li	le	DETdef	MORPH=empty
notoniers	notonier	NOMcom	MORPH=empty
,	,	PONfbl	MORPH=empty
il	il	PROper	MORPH=empty
est	estre1	VERcjg	MORPH=empty
riches	riche	ADJqua	MORPH=empty
,	,	PONfbl	MORPH=empty
li	le	DETdef	MORPH=empty
eschaciers	eschacier1	NOMcom	MORPH=empty
,	,	PONfbl	MORPH=empty
de	de	PRE	MORPH=empty
mout	mout	ADVgen	MORPH=empty
granz	grant	ADJqua	MORPH=empty
rantes	rente	NOMcom	MORPH=empty
et	et	CONcoo	MORPH=empty
de	de	PRE	MORPH=empty
beles	bel1	ADJqua	MORPH=empty
!	!	PONfrt	MORPH=empty
Vos	vos	PROper	MORPH=empty
oïssiez	öir	VERcjg	MORPH=empty
ja	ja	ADVgen	MORPH=empty
tex	tel	DETind	MORPH=empty
noveles	novele	NOMcom	MORPH=empty
qui	qui	PROrel	MORPH=empty
vos	vos	PROper	MORPH=empty
enuiassent	enoiier	VERcjg	MORPH=empty
mout	mout	ADVgen	MORPH=empty
fort	fort	ADJqua	MORPH=empty
,	,	PONfbl	MORPH=empty
se	se	CONsub	MORPH=empty
ne	ne1	ADVneg	MORPH=empty
fust	estre1	VERcjg	MORPH=empty
ce	ce1	PROdem	MORPH=empty
que	que4	CONsub	MORPH=empty
ge	je	PROper	MORPH=empty
vos	vos	PROper	MORPH=empty
port	porter	VERcjg	MORPH=empty
conpaignie	compagnie	NOMcom	MORPH=empty
et	et	CONcoo	MORPH=empty
si	si	ADVgen	MORPH=empty
vos	vos	PROper	MORPH=empty
condui	conduire	VERcjg	MORPH=empty
.	.	PONfrt	MORPH=empty
"	"	PONpxx	MORPH=empty
Ensi	ainsi	ADVgen	MORPH=empty
s'	soi1	PROper	MORPH=empty
an	en2	PROadv	MORPH=empty
passent	passer1	VERcjg	MORPH=empty
anbedui	ambedos	PROcar	MORPH=empty
tant	tant	ADVgen	MORPH=empty
qu'	que4	CONsub	MORPH=empty
il	il	PROper	MORPH=empty
sont	estre1	VERcjg	MORPH=empty
el	en1+le	PRE.DETdef	MORPH=empty
palés	palais2	NOMcom	MORPH=empty
venu	venir	VERppe	MORPH=empty
,	,	PONfbl	MORPH=empty
dont	dont	PROrel	MORPH=empty
l'	le	DETdef	MORPH=empty
antree	entree	NOMcom	MORPH=empty
mout	mout	ADVgen	MORPH=empty
haute	haut	ADJqua	MORPH=empty
fu	estre1	VERcjg	MORPH=empty
et	et	CONcoo	MORPH=empty
les	le	DETdef	MORPH=empty
portes	porte1	NOMcom	MORPH=empty
riches	riche	ADJqua	MORPH=empty
et	et	CONcoo	MORPH=empty
beles	bel1	ADJqua	MORPH=empty
,	,	PONfbl	MORPH=empty
que	que4	CONcoo	MORPH=empty
tuit	tot	DETind	MORPH=empty
li	le	DETdef	MORPH=empty
gon	gont	NOMcom	MORPH=empty
et	et	CONcoo	MORPH=empty
les	le	DETdef	MORPH=empty
verdeles	verdele	NOMcom	MORPH=empty
furent	estre1	VERcjg	MORPH=empty
d'	de	PRE	MORPH=empty
or	or1	NOMcom	MORPH=empty
fin	fin2	ADJqua	MORPH=empty
,	,	PONfbl	MORPH=empty
tesmoing	tesmoin	NOMcom	MORPH=empty
l'	le	DETdef	MORPH=empty
estoire	estoire1	NOMcom	MORPH=empty
.	.	PONfrt	MORPH=empty
L'	le	DETdef	MORPH=empty
une	un	PROind	MORPH=empty
des	de+le	PRE.DETdef	MORPH=empty
portes	porte1	NOMcom	MORPH=empty
fu	estre1	VERcjg	MORPH=empty
d'	de	PRE	MORPH=empty
ivoire	ivoire	NOMcom	MORPH=empty
,	,	PONfbl	MORPH=empty
bien	bien1	ADVgen	MORPH=empty
antailliee	entaillier	VERppe	MORPH=empty
par	par	PRE	MORPH=empty
desus	desus	ADVgen	MORPH=empty
;	;	PONfbl	MORPH=empty
l'	le	DETdef	MORPH=empty
autre	autre	ADJind	MORPH=empty
porte	porte1	NOMcom	MORPH=empty
fu	estre1	VERcjg	MORPH=empty
d'	de	PRE	MORPH=empty
ebenus	ebenus	NOMcom	MORPH=empty
,	,	PONfbl	MORPH=empty
autresi	autresi	ADVgen	MORPH=empty
par	par	PRE	MORPH=empty
desus	desus	ADVgen	MORPH=empty
ovree	ovrer	VERppe	MORPH=empty
,	,	PONfbl	MORPH=empty
et	et	CONcoo	MORPH=empty
fu	estre1	VERcjg	MORPH=empty
chascune	chascun	PROind	MORPH=empty
anluminee	enluminer	VERppe	MORPH=empty
d'	de	PRE	MORPH=empty
or	or1	NOMcom	MORPH=empty
et	et	CONcoo	MORPH=empty
de	de	PRE	MORPH=empty
pierres	piere	NOMcom	MORPH=empty
de	de	PRE	MORPH=empty
vertu	vertu	NOMcom	MORPH=empty
.	.	PONfrt	MORPH=empty
Li	le	DETdef	MORPH=empty
pavemanz	pavement	NOMcom	MORPH=empty
del	de+le	PRE.DETdef	MORPH=empty
palés	palais2	NOMcom	MORPH=empty
fu	estre1	VERcjg	MORPH=empty
verz	vert	ADJqua	MORPH=empty
et	et	CONcoo	MORPH=empty
vermauz	vermeil1	ADJqua	MORPH=empty
,	,	PONfbl	MORPH=empty
yndes	inde	ADJqua	MORPH=empty
et	et	CONcoo	MORPH=empty
pers	pers	ADJqua	MORPH=empty
;	;	PONfbl	MORPH=empty
de	de	PRE	MORPH=empty
totes	tot	DETind	MORPH=empty
colors	color	NOMcom	MORPH=empty
fu	estre1	VERcjg	MORPH=empty
divers	divers	ADJqua	MORPH=empty
,	,	PONfbl	MORPH=empty
mout	mout	ADVgen	MORPH=empty
bien	bien1	ADVgen	MORPH=empty
ovrez	ovrer	VERppe	MORPH=empty
et	et	CONcoo	MORPH=empty
bien	bien1	ADVgen	MORPH=empty
poliz	polir	VERppe	MORPH=empty
.	.	PONfrt	MORPH=empty
Enmi	enmi	PRE	MORPH=empty
le	le	DETdef	MORPH=empty
palés	palais2	NOMcom	MORPH=empty
fu	estre1	VERcjg	MORPH=empty
uns	un	DETndf	MORPH=empty
liz	lit1	NOMcom	MORPH=empty
ou	où	PROrel	MORPH=empty
n'	ne1	ADVneg	MORPH=empty
avoit	avoir	VERcjg	MORPH=empty
nule	nul	DETind	MORPH=empty
rien	rien	NOMcom	MORPH=empty
de	de	PRE	MORPH=empty
fust	fust1	NOMcom	MORPH=empty
,	,	PONfbl	MORPH=empty
ne	ne2	CONcoo	MORPH=empty
n'	ne1	ADVneg	MORPH=empty
i	i2	PROadv	MORPH=empty
ot	avoir	VERcjg	MORPH=empty
rien	rien	PROind	MORPH=empty
qui	qui	PROrel	MORPH=empty
d'	de	PRE	MORPH=empty
or	or1	NOMcom	MORPH=empty
ne	ne1	ADVneg	MORPH=empty
fust	estre1	VERcjg	MORPH=empty
,	,	PONfbl	MORPH=empty
fors	fors1	ADVgen	MORPH=empty
que	que4	CONsub	MORPH=empty
les	le	DETdef	MORPH=empty
cordes	corde	NOMcom	MORPH=empty
seulemant	solement2	ADVgen	MORPH=empty
,	,	PONfbl	MORPH=empty
qui	qui	PROrel	MORPH=empty
estoient	estre1	VERcjg	MORPH=empty
totes	tot	ADVgen	MORPH=empty
d'	de	PRE	MORPH=empty
argent	argent	NOMcom	MORPH=empty
.	.	PONfrt	MORPH=empty
Del	de+le	PRE.DETdef	MORPH=empty
lit	lit1	NOMcom	MORPH=empty
nule	nul	DETind	MORPH=empty
fable	fable	NOMcom	MORPH=empty
ne	ne1	ADVneg	MORPH=empty
faz	faire	VERcjg	MORPH=empty
,	,	PONfbl	MORPH=empty
car	car	CONcoo	MORPH=empty
a	a3	PRE	MORPH=empty
chascun	chascun	PROind	MORPH=empty
des	de+le	PRE.DETdef	MORPH=empty
antrelaz	entrelaz	NOMcom	MORPH=empty
ot	avoir	VERcjg	MORPH=empty
une	un	DETndf	MORPH=empty
campane	champaine	NOMcom	MORPH=empty
pandue	pendre	VERppe	MORPH=empty
.	.	PONfrt	MORPH=empty
Desor	desor	PRE	MORPH=empty
le	le	DETdef	MORPH=empty
lit	lit1	NOMcom	MORPH=empty
ot	avoir	VERcjg	MORPH=empty
estandue	estendre	VERppe	MORPH=empty
une	un	DETndf	MORPH=empty
grant	grant	ADJqua	MORPH=empty
coste	coute	NOMcom	MORPH=empty
de	de	PRE	MORPH=empty
samit	samit	NOMcom	MORPH=empty
;	;	PONfbl	MORPH=empty
a	a3	PRE	MORPH=empty
chascun	chascun	PROind	MORPH=empty
des	de+le	PRE.DETdef	MORPH=empty
quepouz	copel2	NOMcom	MORPH=empty
del	de+le	PRE.DETdef	MORPH=empty
lit	lit1	NOMcom	MORPH=empty
ot	avoir	VERcjg	MORPH=empty
.i.	un	DETndf	MORPH=empty
escharbocle	escharboncle	NOMcom	MORPH=empty
fermé	fermer	VERppe	MORPH=empty
,	,	PONfbl	MORPH=empty
qui	qui	PROrel	MORPH=empty
gitoient	jeter	VERcjg	MORPH=empty
mout	mout	ADVgen	MORPH=empty
grant	grant	ADJqua	MORPH=empty
clarté	clarté	NOMcom	MORPH=empty
,	,	PONfbl	MORPH=empty
mout	mout	ADVgen	MORPH=empty
plus	plus	ADVgen	MORPH=empty
que	que1	CONsub	MORPH=empty
.iiii.	4	DETcar	MORPH=empty
cierge	cierge2	NOMcom	MORPH=empty
espris	esprendre2	VERppe	MORPH=empty
.	.	PONfrt	MORPH=empty
Li	le	DETdef	MORPH=empty
liz	lit1	NOMcom	MORPH=empty
fu	estre1	VERcjg	MORPH=empty
sor	sor2	PRE	MORPH=empty
gocez	gocet	NOMcom	MORPH=empty
asis	asseoir	VERppe	MORPH=empty
qui	qui	PROrel	MORPH=empty
mout	mout	ADVgen	MORPH=empty
rechignoient	rechignier	VERcjg	MORPH=empty
lor	lor2	DETpos	MORPH=empty
joes	jöe	NOMcom	MORPH=empty
;	;	PONfbl	MORPH=empty
et	et	CONcoo	MORPH=empty
li	le	DETdef	MORPH=empty
gocet	gocet	NOMcom	MORPH=empty
,	,	PONfbl	MORPH=empty
sor	sor2	PRE	MORPH=empty
.iiii.	4	DETcar	MORPH=empty
roes	röe	NOMcom	MORPH=empty
,	,	PONfbl	MORPH=empty
erent	estre1	VERcjg	MORPH=empty
si	si	ADVgen	MORPH=empty
isnel	isnel	ADJqua	MORPH=empty
et	et	CONcoo	MORPH=empty
movant	movoir	VERppa	MORPH=empty
qu'	que4	CONsub	MORPH=empty
a	a3	PRE	MORPH=empty
.i.	un	DETndf	MORPH=empty
seul	sol1	ADJqua	MORPH=empty
doi	doi	NOMcom	MORPH=empty
par	par	PRE	MORPH=empty
tot	tot	ADVgen	MORPH=empty
leanz	laienz	ADVgen	MORPH=empty
de	de	PRE	MORPH=empty
l'	le	DETdef	MORPH=empty
un	un	DETndf	MORPH=empty
chief	chief1	NOMcom	MORPH=empty
jusqu'	jusque	PRE	MORPH=empty
a	a3	PRE	MORPH=empty
l'	le	DETdef	MORPH=empty
autre	autre	PROind	MORPH=empty
alast	aler	VERcjg	MORPH=empty
li	le	DETdef	MORPH=empty
liz	lit1	NOMcom	MORPH=empty
,	,	PONfbl	MORPH=empty
qui	qui	PROrel	MORPH=empty
.i.	un	DETndf	MORPH=empty
po	poi	PROind	MORPH=empty
le	il	PROper	MORPH=empty
botast	boter1	VERcjg	MORPH=empty
.	.	PONfrt	MORPH=empty
Tex	tel	ADJind	MORPH=empty
fu	estre1	VERcjg	MORPH=empty
li	le	DETdef	MORPH=empty
liz	lit1	NOMcom	MORPH=empty
,	,	PONfbl	MORPH=empty
qui	qui	PROrel	MORPH=empty
voir	voir	ADVgen	MORPH=empty
an	en2	PROadv	MORPH=empty
conte	conter	VERcjg	MORPH=empty
,	,	PONfbl	MORPH=empty
c'	que4	CONsub	MORPH=empty
onques	onque	ADVgen	MORPH=empty
ne	ne2	CONcoo	MORPH=empty
por	por2	PRE	MORPH=empty
roi	roi2	NOMcom	MORPH=empty
ne	ne2	CONcoo	MORPH=empty
por	por2	PRE	MORPH=empty
conte	conte1	NOMcom	MORPH=empty
ne	ne1	ADVneg	MORPH=empty
fu	estre1	VERcjg	MORPH=empty
tex	tel	PROind	MORPH=empty
fez	faire	VERppe	MORPH=empty
ne	ne2	CONcoo	MORPH=empty
n'	ne1	ADVneg	MORPH=empty
iert	estre1	VERcjg	MORPH=empty
ja	ja	ADVgen	MORPH=empty
mes	mais1	ADVgen	MORPH=empty
;	;	PONfbl	MORPH=empty
et	et	CONcoo	MORPH=empty
fu	estre1	VERcjg	MORPH=empty
toz	tot	ADVgen	MORPH=empty
coverz	covrir	VERppe	MORPH=empty
li	le	DETdef	MORPH=empty
palés	palais2	NOMcom	MORPH=empty
.	.	PONfrt	MORPH=empty
Del	de+le	PRE.DETdef	MORPH=empty
palés	palais2	NOMcom	MORPH=empty
voel	voloir	VERcjg	MORPH=empty
que	que4	CONsub	MORPH=empty
l'	le	DETdef	MORPH=empty
an	on	PROind	MORPH=empty
me	je	PROper	MORPH=empty
croie	croire	VERcjg	MORPH=empty
qu'	que4	CONsub	MORPH=empty
il	il	PROimp	MORPH=empty
n'	ne1	ADVneg	MORPH=empty
i	i2	PROadv	MORPH=empty
a	avoir	VERcjg	MORPH=empty
nule	nul	DETind	MORPH=empty
rien	rien	NOMcom	MORPH=empty
de	de	PRE	MORPH=empty
croie	croie	NOMcom	MORPH=empty
.	.	PONfrt	MORPH=empty
De	de	PRE	MORPH=empty
marbre	marbre	NOMcom	MORPH=empty
furent	estre1	VERcjg	MORPH=empty
les	le	DETdef	MORPH=empty
meisieres	maisiere	NOMcom	MORPH=empty
;	;	PONfbl	MORPH=empty
de	de	PRE	MORPH=empty
bone	bon	ADJqua	MORPH=empty
oevre	uevre	NOMcom	MORPH=empty
et	et	CONcoo	MORPH=empty
de	de	PRE	MORPH=empty
colors	color	NOMcom	MORPH=empty
chieres	chier	ADJqua	MORPH=empty
,	,	PONfbl	MORPH=empty
si	si	ADVgen	MORPH=empty
cleres	cler	ADJqua	MORPH=empty
,	,	PONfbl	MORPH=empty
qui	qui	PROrel	MORPH=empty
garde	garde	NOMcom	MORPH=empty
i	i2	PROadv	MORPH=empty
preïst	prendre	VERcjg	MORPH=empty
,	,	PONfbl	MORPH=empty
que	que4	CONsub	MORPH=empty
parmi	parmi	PRE	MORPH=empty
le	le	DETdef	MORPH=empty
voirre	voirre	NOMcom	MORPH=empty
veïst	vëoir	VERcjg	MORPH=empty
toz	tot	DETind	MORPH=empty
ces	ce2	PROdem	MORPH=empty
qui	qui	PROrel	MORPH=empty
el	en1+le	PRE.DETdef	MORPH=empty
palés	palais2	NOMcom	MORPH=empty
antrassent	entrer	VERcjg	MORPH=empty
et	et	CONcoo	MORPH=empty
parmi	parmi	PRE	MORPH=empty
la	le	DETdef	MORPH=empty
porte	porte1	NOMcom	MORPH=empty
passassent	passer1	VERcjg	MORPH=empty
.	.	PONfrt	MORPH=empty
Li	le	DETdef	MORPH=empty
voirres	voirre	NOMcom	MORPH=empty
fu	estre1	VERcjg	MORPH=empty
painz	peindre1	VERppe	MORPH=empty
a	a3	PRE	MORPH=empty
colors	color	NOMcom	MORPH=empty
,	,	PONfbl	MORPH=empty
des	de+le	PRE.DETdef	MORPH=empty
plus	plus	ADVgen	MORPH=empty
beles	bel1	ADJqua	MORPH=empty
et	et	CONcoo	MORPH=empty
des	de+le	PRE.DETdef	MORPH=empty
mellors	meillor	ADJqua	MORPH=empty
que	que2	PROrel	MORPH=empty
l'	le	DETdef	MORPH=empty
an	on	PROind	MORPH=empty
poïst	pöoir	VERcjg	MORPH=empty
dire	dire	VERinf	MORPH=empty
ne	ne2	CONcoo	MORPH=empty
fere	faire	VERinf	MORPH=empty
.	.	PONfrt	MORPH=empty
Ne	ne1	ADVneg	MORPH=empty
voel	voloir	VERcjg	MORPH=empty
or	or4	ADVgen	MORPH=empty
mie	mie	ADVneg	MORPH=empty
tot	tot	PROind	MORPH=empty
retrere	retraire	VERinf	MORPH=empty
ne	ne2	CONcoo	MORPH=empty
devisier	deviser	VERinf	MORPH=empty
totes	tot	DETind	MORPH=empty
les	le	DETdef	MORPH=empty
choses	chose	NOMcom	MORPH=empty
.	.	PONfrt	MORPH=empty
El	en1+le	PRE.DETdef	MORPH=empty
palés	palais2	NOMcom	MORPH=empty
ot	avoir	VERcjg	MORPH=empty
fenestres	fenestre	NOMcom	MORPH=empty
closes	clore	VERppe	MORPH=empty
bien	bien1	ADVgen	MORPH=empty
.iiii.	4	PROcar	MORPH=empty
.c.	100	PROcar	MORPH=empty
,	,	PONfbl	MORPH=empty
et	et	CONcoo	MORPH=empty
cent	cent	PROcar	MORPH=empty
overtes	ovrir	VERppe	MORPH=empty
.	.	PONfrt	MORPH=empty
Messire	seignor	NOMcom	MORPH=empty
Gauvains	Gauvain	NOMpro	MORPH=empty
tot	tot	ADVgen	MORPH=empty
a	a3	PRE	MORPH=empty
certes	certes	ADVgen	MORPH=empty
le	le	DETdef	MORPH=empty
palés	palais2	NOMcom	MORPH=empty
regarder	regarder	VERinf	MORPH=empty
ala	aler	VERcjg	MORPH=empty
et	et	CONcoo	MORPH=empty
sus	sus	ADVgen	MORPH=empty
et	et	CONcoo	MORPH=empty
jus	jus1	ADVgen	MORPH=empty
et	et	CONcoo	MORPH=empty
ça	ça	ADVgen	MORPH=empty
et	et	CONcoo	MORPH=empty
la	là	ADVgen	MORPH=empty
.	.	PONfrt	MORPH=empty
Qant	cant1	CONsub	MORPH=empty
il	il	PROper	MORPH=empty
ot	avoir	VERcjg	MORPH=empty
par	par	PRE	MORPH=empty
tot	tot	ADVgen	MORPH=empty
esgardé	esgarder	VERppe	MORPH=empty
,	,	PONfbl	MORPH=empty
s'	si	ADVgen	MORPH=empty
a	avoir	VERcjg	MORPH=empty
le	le	DETdef	MORPH=empty
notonier	notonier	NOMcom	MORPH=empty
apelé	apeler	VERppe	MORPH=empty
et	et	CONcoo	MORPH=empty
dit	dire	VERppe	MORPH=empty
:	:	PONfbl	MORPH=empty
"	"	PONpxx	MORPH=empty
Biax	bel1	ADJqua	MORPH=empty
ostes	oste	NOMcom	MORPH=empty
,	,	PONfbl	MORPH=empty
ge	je	PROper	MORPH=empty
ne	ne1	ADVneg	MORPH=empty
voi	vëoir	VERcjg	MORPH=empty
ceanz	çaienz	ADVgen	MORPH=empty
nule	nul	DETind	MORPH=empty
chose	chose	NOMcom	MORPH=empty
por	por2	PRE	MORPH=empty
coi	coi2	PROrel	MORPH=empty
cist	cest	DETdem	MORPH=empty
palés	palais2	NOMcom	MORPH=empty
face	faire	VERcjg	MORPH=empty
a	a3	PRE	MORPH=empty
redoter	redoter1	VERinf	MORPH=empty
que	que4	CONsub	MORPH=empty
l'	le	DETdef	MORPH=empty
an	on	PROind	MORPH=empty
n'	ne1	ADVneg	MORPH=empty
i	i2	PROadv	MORPH=empty
doie	devoir	VERcjg	MORPH=empty
bien	bien1	ADVgen	MORPH=empty
antrer	entrer	VERinf	MORPH=empty
.	.	PONfrt	MORPH=empty
Or	or4	ADVgen	MORPH=empty
dites	dire	VERcjg	MORPH=empty
qu'	que4	CONsub	MORPH=empty
i	i2	PROadv	MORPH=empty
antandeiez	entendre	VERcjg	MORPH=empty
,	,	PONfbl	MORPH=empty
qui	qui	PROrel	MORPH=empty
si	si	ADVgen	MORPH=empty
fort	fort	ADJqua	MORPH=empty
me	je	PROper	MORPH=empty
desfandeiez	defendre	VERcjg	MORPH=empty
que	que4	CONsub	MORPH=empty
ge	je	PROper	MORPH=empty
n'	ne1	ADVneg	MORPH=empty
i	i2	PROadv	MORPH=empty
venisse	venir	VERcjg	MORPH=empty
veoir	vëoir	VERinf	MORPH=empty
.	.	PONfrt	MORPH=empty
An	en1	PRE	MORPH=empty
cest	cest	DETdem	MORPH=empty
lit	lit1	NOMcom	MORPH=empty
me	je	PROper	MORPH=empty
voel	voloir	VERcjg	MORPH=empty
ge	je	PROper	MORPH=empty
seoir	sëoir	VERinf	MORPH=empty
et	et	CONcoo	MORPH=empty
reposer	reposer	VERinf	MORPH=empty
.i.	un	DETndf	MORPH=empty
seul	sol1	ADJqua	MORPH=empty
petit	petit	PROind	MORPH=empty
,	,	PONfbl	MORPH=empty
c'	que4	CONsub	MORPH=empty
onques	onque	ADVgen	MORPH=empty
ne	ne1	ADVneg	MORPH=empty
vi	vëoir	VERcjg	MORPH=empty
si	si	ADVgen	MORPH=empty
riche	riche	ADJqua	MORPH=empty
lit	lit1	NOMcom	MORPH=empty
.	.	PONfrt	MORPH=empty
Ha	ha	INJ	MORPH=empty
!	!	PONfrt	MORPH=empty
biau	bel1	ADJqua	MORPH=empty
sire	seignor	NOMcom	MORPH=empty
,	,	PONfbl	MORPH=empty
Dex	Dieu	NOMpro	MORPH=empty
vos	vos	PROper	MORPH=empty
an	en2	PROadv	MORPH=empty
gart	garder	VERcjg	MORPH=empty
que	que4	CONsub	MORPH=empty
vos	vos	PROper	MORPH=empty
n'	ne1	ADVneg	MORPH=empty
aprochiez	aprochier	VERppe	MORPH=empty
cele	cel	DETdem	MORPH=empty
part	part1	NOMcom	MORPH=empty
!	!	PONfrt	MORPH=empty
Car	car	CONcoo	MORPH=empty
se	se	CONsub	MORPH=empty
vos	vos	PROper	MORPH=empty
i	i2	PROadv	MORPH=empty
aprocheiez	aprochier	VERcjg	MORPH=empty
,	,	PONfbl	MORPH=empty
de	de	PRE	MORPH=empty
la	le	DETdef	MORPH=empty
poior	pejor	ADJqua	MORPH=empty
mort	mort	NOMcom	MORPH=empty
morreiez	morir	VERcjg	MORPH=empty
c'	que2	PROrel	MORPH=empty
onques	onque	ADVgen	MORPH=empty
chevaliers	chevalier	NOMcom	MORPH=empty
morist	morir	VERcjg	MORPH=empty
onques	onque	ADVgen	MORPH=empty
.	.	PONfrt	MORPH=empty
Ostes	oste	NOMcom	MORPH=empty
,	,	PONfbl	MORPH=empty
et	et	CONcoo	MORPH=empty
que	que3	PROint	MORPH=empty
ferai	faire	VERcjg	MORPH=empty
ge	je	PROper	MORPH=empty
donques	donc	ADVgen	MORPH=empty
?	?	PONfrt	MORPH=empty
Quoi	coi2	PROint	MORPH=empty
,	,	PONfbl	MORPH=empty
sire	seignor	NOMcom	MORPH=empty
?	?	PONfrt	MORPH=empty
Ce	ce1	PROdem	MORPH=empty
vos	vos	PROper	MORPH=empty
dirai	dire	VERcjg	MORPH=empty
gié	je	PROper	MORPH=empty
,	,	PONfbl	MORPH=empty
qant	cant1	CONsub	MORPH=empty
ge	je	PROper	MORPH=empty
vos	vos	PROper	MORPH=empty
voi	vëoir	VERcjg	MORPH=empty
ancoragié	encoragier	VERppe	MORPH=empty
de	de	PRE	MORPH=empty
vostre	vostre	DETpos	MORPH=empty
vie	vie1	NOMcom	MORPH=empty
retenir	retenir	VERinf	MORPH=empty
.	.	PONfrt	MORPH=empty
Qant	cant1	CONsub	MORPH=empty
vos	vos	PROper	MORPH=empty
deüstes	devoir	VERcjg	MORPH=empty
ça	ça	ADVgen	MORPH=empty
venir	venir	VERinf	MORPH=empty
,	,	PONfbl	MORPH=empty
vos	vos	PROper	MORPH=empty
demandai	demander	VERcjg	MORPH=empty
an	en1	PRE	MORPH=empty
mon	mon1	DETpos	MORPH=empty
ostel	ostel	NOMcom	MORPH=empty
.i.	1	DETcar	MORPH=empty
don	don	NOMcom	MORPH=empty
,	,	PONfbl	MORPH=empty
mes	mais1	CONcoo	MORPH=empty
ne	ne1	ADVneg	MORPH=empty
seüstes	savoir	VERcjg	MORPH=empty
quel	quel1	DETrel	MORPH=empty
.	.	PONfrt	MORPH=empty
Or	or4	ADVgen	MORPH=empty
vos	vos	PROper	MORPH=empty
voel	voloir	VERcjg	MORPH=empty
ge	je	PROper	MORPH=empty
le	le	DETdef	MORPH=empty
don	don	NOMcom	MORPH=empty
requerre	requerre	VERinf	MORPH=empty
,	,	PONfbl	MORPH=empty
que	que4	CONsub	MORPH=empty
vos	vos	PROper	MORPH=empty
railliez	raler	VERcjg	MORPH=empty
an	en1	PRE	MORPH=empty
vostre	vostre	DETpos	MORPH=empty
terre	terre	NOMcom	MORPH=empty
,	,	PONfbl	MORPH=empty
si	si	ADVgen	MORPH=empty
conteroiz	conter	VERcjg	MORPH=empty
a	a3	PRE	MORPH=empty
voz	vostre	DETpos	MORPH=empty
amis	ami	NOMcom	MORPH=empty
et	et	CONcoo	MORPH=empty
as	a3+le	PRE.DETdef	MORPH=empty
genz	gent1	NOMcom	MORPH=empty
de	de	PRE	MORPH=empty
vostre	vostre	DETpos	MORPH=empty
païs	päis	NOMcom	MORPH=empty
c'	que4	CONsub	MORPH=empty
un	un	DETndf	MORPH=empty
tel	tel	ADJind	MORPH=empty
palés	palais2	NOMcom	MORPH=empty
veü	vëoir	VERppe	MORPH=empty
avez	avoir	VERcjg	MORPH=empty
que	que4	CONsub	MORPH=empty
nul	nul	PROind	MORPH=empty
si	si	ADVgen	MORPH=empty
riche	riche	ADJqua	MORPH=empty
ne	ne1	ADVneg	MORPH=empty
savez	savoir	VERcjg	MORPH=empty
,	,	PONfbl	MORPH=empty
ne	ne2	CONcoo	MORPH=empty
vos	vos	PROper	MORPH=empty
ne	ne2	CONcoo	MORPH=empty
autres	autre	PROind	MORPH=empty
ne	ne1	ADVneg	MORPH=empty
le	il	PROper	MORPH=empty
set	savoir	VERcjg	MORPH=empty
.	.	PONfrt	MORPH=empty
Donc	donc	ADVgen	MORPH=empty
dirai	dire	VERcjg	MORPH=empty
ge	je	PROper	MORPH=empty
que	que4	CONsub	MORPH=empty
Dex	Dieu	NOMpro	MORPH=empty
me	je	PROper	MORPH=empty
het	häir	VERcjg	MORPH=empty
et	et	CONcoo	MORPH=empty
que	que4	CONsub	MORPH=empty
ge	je	PROper	MORPH=empty
sui	estre1	VERcjg	MORPH=empty
honiz	honir	VERppe	MORPH=empty
ansanble	ensemble	ADVgen	MORPH=empty
.	.	PONfrt	MORPH=empty
Neporquant	neporcant	ADVgen	MORPH=empty
,	,	PONfbl	MORPH=empty
ostes	oste	NOMcom	MORPH=empty
,	,	PONfbl	MORPH=empty
il	il	PROimp	MORPH=empty
me	je	PROper	MORPH=empty
sanble	sembler	VERcjg	MORPH=empty
que	que4	CONsub	MORPH=empty
vos	vos	PROper	MORPH=empty
le	il	PROper	MORPH=empty
dites	dire	VERcjg	MORPH=empty
por	por2	PRE	MORPH=empty
mon	mon1	DETpos	MORPH=empty
bien	bien2	NOMcom	MORPH=empty
.	.	PONfrt	MORPH=empty
Mes	mais1	CONcoo	MORPH=empty
ge	je	PROper	MORPH=empty
n'	ne1	ADVneg	MORPH=empty
an	en2	PROadv	MORPH=empty
lesseroie	laissier	VERcjg	MORPH=empty
rien	rien	PROind	MORPH=empty
que	que4	CONsub	MORPH=empty
ge	je	PROper	MORPH=empty
el	en1+le	PRE.DETdef	MORPH=empty
lit	lit1	NOMcom	MORPH=empty
ne	ne1	ADVneg	MORPH=empty
m'	je	PROper	MORPH=empty
aseïsse	asseoir	VERcjg	MORPH=empty
et	et	CONcoo	MORPH=empty
les	le	DETdef	MORPH=empty
puceles	pucele	NOMcom	MORPH=empty
ne	ne1	ADVneg	MORPH=empty
veïsse	vëoir	VERcjg	MORPH=empty
que	que2	PROrel	MORPH=empty
hersoir	ersoir	ADVgen	MORPH=empty
apoiees	apoiier	VERppe	MORPH=empty
vi	vëoir	VERcjg	MORPH=empty
par	par	PRE	MORPH=empty
les	le	DETdef	MORPH=empty
fenestres	fenestre	NOMcom	MORPH=empty
qui	qui	PROrel	MORPH=empty
sont	estre1	VERcjg	MORPH=empty
ci	ci	ADVgen	MORPH=empty
.	.	PONfrt	MORPH=empty
"	"	PONpxx	MORPH=empty
Cil	cel	PROdem	MORPH=empty
,	,	PONfbl	MORPH=empty
qui	qui	PROrel	MORPH=empty
por	por2	PRE	MORPH=empty
mialz	mieus	ADVgen	MORPH=empty
foïr	fuir	VERinf	MORPH=empty
recule	reculer	VERcjg	MORPH=empty
,	,	PONfbl	MORPH=empty
li	il	PROper	MORPH=empty
respont	respondre1	VERcjg	MORPH=empty
:	:	PONfbl	MORPH=empty
"	"	PONpxx	MORPH=empty
Vos	vos	PROper	MORPH=empty
n'	ne1	ADVneg	MORPH=empty
an	en2	PROadv	MORPH=empty
verroiz	vëoir	VERcjg	MORPH=empty
nule	nul	PROind	MORPH=empty
,	,	PONfbl	MORPH=empty
des	de+le	PRE.DETdef	MORPH=empty
puceles	pucele	NOMcom	MORPH=empty
don	dont	PROrel	MORPH=empty
vos	vos	PROper	MORPH=empty
parlez	parler	VERcjg	MORPH=empty
!	!	PONfrt	MORPH=empty
Mes	mais1	CONcoo	MORPH=empty
tot	tot	ADVgen	MORPH=empty
ausi	aussi	ADVgen	MORPH=empty
vos	vos	PROper	MORPH=empty
an	en2	PROadv	MORPH=empty
ralez	raler	VERcjg	MORPH=empty
con	come1	CONsub	MORPH=empty
vos	vos	PROper	MORPH=empty
estes	estre1	VERcjg	MORPH=empty
venuz	venir	VERppe	MORPH=empty
ceanz	çaienz	ADVgen	MORPH=empty
,	,	PONfbl	MORPH=empty
que	que4	CONcoo	MORPH=empty
del	de+le	PRE.DETdef	MORPH=empty
veoir	vëoir	VERinf	MORPH=empty
est	estre1	VERcjg	MORPH=empty
il	il	PROimp	MORPH=empty
neanz	nïent	PROind	MORPH=empty
,	,	PONfbl	MORPH=empty
a	a3	PRE	MORPH=empty
oés	ues	NOMcom	MORPH=empty
vostre	vostre	DETpos	MORPH=empty
oés	ues	NOMcom	MORPH=empty
,	,	PONfbl	MORPH=empty
por	por2	PRE	MORPH=empty
nule	nul	DETind	MORPH=empty
rien	rien	NOMcom	MORPH=empty
;	;	PONfbl	MORPH=empty
se	si	ADVgen	MORPH=empty
vos	vos	PROper	MORPH=empty
voient	vëoir	VERcjg	MORPH=empty
eles	il	PROper	MORPH=empty
mout	mout	ADVgen	MORPH=empty
bien	bien1	ADVgen	MORPH=empty
parmi	parmi	PRE	MORPH=empty
les	le	DETdef	MORPH=empty
fenestres	fenestre	NOMcom	MORPH=empty
verrines	verrin	ADJqua	MORPH=empty
,	,	PONfbl	MORPH=empty
les	le	DETdef	MORPH=empty
dameiseles	damoisele	NOMcom	MORPH=empty
,	,	PONfbl	MORPH=empty
les	le	DETdef	MORPH=empty
reïnes	röine1	NOMcom	MORPH=empty
et	et	CONcoo	MORPH=empty
les	le	DETdef	MORPH=empty
dames	dame	NOMcom	MORPH=empty
,	,	PONfbl	MORPH=empty
se	se	CONsub	MORPH=empty
Dex	Dieu	NOMpro	MORPH=empty
me	je	PROper	MORPH=empty
gart	garder	VERcjg	MORPH=empty
,	,	PONfbl	MORPH=empty
qui	qui	PROrel	MORPH=empty
sont	estre1	VERcjg	MORPH=empty
es	en1+le	PRE.DETdef	MORPH=empty
chanbres	chambre1	NOMcom	MORPH=empty
d'	de	PRE	MORPH=empty
autre	autre	DETind	MORPH=empty
part	part1	NOMcom	MORPH=empty
.	.	PONfrt	MORPH=empty
Par	par	PRE	MORPH=empty
foi	foi	NOMcom	MORPH=empty
,	,	PONfbl	MORPH=empty
fet	faire	VERcjg	MORPH=empty
messire	seignor	NOMcom	MORPH=empty
Gauvains	Gauvain	NOMpro	MORPH=empty
,	,	PONfbl	MORPH=empty
el	en1+le	PRE.DETdef	MORPH=empty
lit	lit1	NOMcom	MORPH=empty
me	je	PROper	MORPH=empty
serrai	sëoir	VERcjg	MORPH=empty
ge	je	PROper	MORPH=empty
au	a3+le	PRE.DETdef	MORPH=empty
mains	moins	ADVgen	MORPH=empty
,	,	PONfbl	MORPH=empty
se	se	CONsub	MORPH=empty
ge	je	PROper	MORPH=empty
les	le	DETdef	MORPH=empty
puceles	pucele	NOMcom	MORPH=empty
ne	ne1	ADVneg	MORPH=empty
voi	vëoir	VERcjg	MORPH=empty
,	,	PONfbl	MORPH=empty
que	que4	CONcoo	MORPH=empty
ge	je	PROper	MORPH=empty
ne	ne1	ADVneg	MORPH=empty
pans	penser	VERcjg	MORPH=empty
mie	mie	ADVneg	MORPH=empty
ne	ne2	CONcoo	MORPH=empty
croi	croire	VERcjg	MORPH=empty
que	que4	CONsub	MORPH=empty
tex	tel	DETind	MORPH=empty
liz	lit1	NOMcom	MORPH=empty
fez	faire	VERppe	MORPH=empty
estre	estre1	VERinf	MORPH=empty
deüst	devoir	VERcjg	MORPH=empty
se	se	CONsub	MORPH=empty
por	por2	PRE	MORPH=empty
ce	ce1	PROdem	MORPH=empty
non	non	ADVneg	MORPH=empty
qu'	que4	CONsub	MORPH=empty
an	on	PROind	MORPH=empty
i	i2	PROadv	MORPH=empty
geüst	jesir	VERcjg	MORPH=empty
,	,	PONfbl	MORPH=empty
ou	o3	CONcoo	MORPH=empty
gentix	gentil	ADJqua	MORPH=empty
hom	ome	NOMcom	MORPH=empty
ou	o3	CONcoo	MORPH=empty
haute	haut	ADJqua	MORPH=empty
dame	dame	NOMcom	MORPH=empty
;	;	PONfbl	MORPH=empty
et	et	CONcoo	MORPH=empty
ge	je	PROper	MORPH=empty
m'	je	PROper	MORPH=empty
i	i2	PROadv	MORPH=empty
serrai	sëoir	VERcjg	MORPH=empty
ja	ja	ADVgen	MORPH=empty
,	,	PONfbl	MORPH=empty
par	par	PRE	MORPH=empty
m'	mon1	DETpos	MORPH=empty
ame	ame	NOMcom	MORPH=empty
,	,	PONfbl	MORPH=empty
que	que2	PROrel	MORPH=empty
que	que2	PROrel	MORPH=empty
il	il	PROimp	MORPH=empty
m'	je	PROper	MORPH=empty
an	en2	PROadv	MORPH=empty
doie	devoir	VERcjg	MORPH=empty
avenir	avenant	VERinf	MORPH=empty
!	!	PONfrt	MORPH=empty
"	"	PONpxx	MORPH=empty
Cil	cel	PROdem	MORPH=empty
voit	vëoir	VERcjg	MORPH=empty
qu'	que4	CONsub	MORPH=empty
il	il	PROper	MORPH=empty
nel	ne1+il	ADVneg.PROper	MORPH=empty
puet	pöoir	VERcjg	MORPH=empty
retenir	retenir	VERinf	MORPH=empty
,	,	PONfbl	MORPH=empty
si	si	ADVgen	MORPH=empty
lesse	laissier	VERcjg	MORPH=empty
la	le	DETdef	MORPH=empty
parole	parole	NOMcom	MORPH=empty
ester	ester	VERinf	MORPH=empty
,	,	PONfbl	MORPH=empty
et	et	CONcoo	MORPH=empty
qu'	que4	CONsub	MORPH=empty
il	il	PROper	MORPH=empty
ne	ne1	ADVneg	MORPH=empty
puet	pöoir	VERcjg	MORPH=empty
mie	mie	ADVneg	MORPH=empty
arester	arester	VERinf	MORPH=empty
el	en1+le	PRE.DETdef	MORPH=empty
palés	palais2	NOMcom	MORPH=empty
tant	tant	ADVgen	MORPH=empty
que	que4	CONsub	MORPH=empty
il	il	PROper	MORPH=empty
le	il	PROper	MORPH=empty
voie	vëoir	VERcjg	MORPH=empty
el	en1+le	PRE.DETdef	MORPH=empty
lit	lit1	NOMcom	MORPH=empty
seoir	sëoir	VERinf	MORPH=empty
,	,	PONfbl	MORPH=empty
einz	ainz	ADVgen	MORPH=empty
tint	tenir1	VERcjg	MORPH=empty
sa	son4	DETpos	MORPH=empty
voie	voie	NOMcom	MORPH=empty
et	et	CONcoo	MORPH=empty
dit	dire	VERcjg	MORPH=empty
:	:	PONfbl	MORPH=empty
"	"	PONpxx	MORPH=empty
Sire	seignor	NOMcom	MORPH=empty
,	,	PONfbl	MORPH=empty
de	de	PRE	MORPH=empty
vostre	vostre	DETpos	MORPH=empty
mort	mort	NOMcom	MORPH=empty
m'	je	PROper	MORPH=empty
enuie	enoiier	VERcjg	MORPH=empty
mout	mout	ADVgen	MORPH=empty
et	et	CONcoo	MORPH=empty
poise	peser	VERcjg	MORPH=empty
fort	fort	ADJqua	MORPH=empty
,	,	PONfbl	MORPH=empty
que	que4	CONcoo	MORPH=empty
onques	onque	ADVgen	MORPH=empty
chevaliers	chevalier	NOMcom	MORPH=empty
n'	ne1	ADVneg	MORPH=empty
i	i2	PROadv	MORPH=empty
sist	sëoir	VERcjg	MORPH=empty
,	,	PONfbl	MORPH=empty
an	en1	PRE	MORPH=empty
ce	ce2	DETdem	MORPH=empty
lit	lit1	NOMcom	MORPH=empty
,	,	PONfbl	MORPH=empty
que	que4	CONsub	MORPH=empty
il	il	PROper	MORPH=empty
ne	ne1	ADVneg	MORPH=empty
morist	morir	VERcjg	MORPH=empty
;	;	PONfbl	MORPH=empty
que	que4	CONcoo	MORPH=empty
c'	ce1	PROdem	MORPH=empty
est	estre1	VERcjg	MORPH=empty
li	le	DETdef	MORPH=empty
Liz	lit1	NOMcom	MORPH=empty
de	de	PRE	MORPH=empty
la	le	DETdef	MORPH=empty
Mervoille	merveille	NOMcom	MORPH=empty
,	,	PONfbl	MORPH=empty
ou	où	PROrel	MORPH=empty
nus	nul	PROind	MORPH=empty
ne	ne1	ADVneg	MORPH=empty
dort	dormir	VERcjg	MORPH=empty
ne	ne2	CONcoo	MORPH=empty
ne	ne1	ADVneg	MORPH=empty
somoille	someillier	VERcjg	MORPH=empty
ne	ne2	CONcoo	MORPH=empty
n'	ne1	ADVneg	MORPH=empty
i	i2	PROadv	MORPH=empty
repose	reposer	VERcjg	MORPH=empty
ne	ne2	CONcoo	MORPH=empty
n'	ne1	ADVneg	MORPH=empty
i	i2	PROadv	MORPH=empty
siet	sëoir	VERcjg	MORPH=empty
que	que4	CONsub	MORPH=empty
ja	ja	ADVgen	MORPH=empty
mes	mais1	ADVgen	MORPH=empty
sains	sain	ADJqua	MORPH=empty
ne	ne2	CONcoo	MORPH=empty
vis	vif	ADJqua	MORPH=empty
an	en2	PROadv	MORPH=empty
liet	lever	VERcjg	MORPH=empty
.	.	PONfrt	MORPH=empty
De	de	PRE	MORPH=empty
vos	vos	PROper	MORPH=empty
est	estre1	VERcjg	MORPH=empty
il	il	PROimp	MORPH=empty
mout	mout	ADVgen	MORPH=empty
granz	grant	ADJqua	MORPH=empty
domaiges	damage	NOMcom	MORPH=empty
,	,	PONfbl	MORPH=empty
se	si	ADVgen	MORPH=empty
i	i2	PROadv	MORPH=empty
leiroiz	laiier2	VERcjg	MORPH=empty
la	le	DETdef	MORPH=empty
teste	teste	NOMcom	MORPH=empty
an	en1	PRE	MORPH=empty
gaiges	gage	NOMcom	MORPH=empty
sanz	sans	PRE	MORPH=empty
rachat	rachat	NOMcom	MORPH=empty
et	et	CONcoo	MORPH=empty
sanz	sans	PRE	MORPH=empty
reançon	räençon	NOMcom	MORPH=empty
.	.	PONfrt	MORPH=empty
Qant	cant1	CONsub	MORPH=empty
par	par	PRE	MORPH=empty
amor	amor	NOMcom	MORPH=empty
ne	ne2	CONcoo	MORPH=empty
par	par	PRE	MORPH=empty
tançon	tençon	NOMcom	MORPH=empty
ne	ne1	ADVneg	MORPH=empty
vos	vos	PROper	MORPH=empty
an	en2	PROadv	MORPH=empty
puis	pöoir	VERcjg	MORPH=empty
mener	mener	VERinf	MORPH=empty
de	de	PRE	MORPH=empty
ci	ci	ADVgen	MORPH=empty
,	,	PONfbl	MORPH=empty
Dex	Dieu	NOMpro	MORPH=empty
ait	avoir	VERcjg	MORPH=empty
de	de	PRE	MORPH=empty
vostre	vostre	DETpos	MORPH=empty
ame	ame	NOMcom	MORPH=empty
merci	merci	NOMcom	MORPH=empty
.	.	PONfrt	MORPH=empty
"	"	PONpxx	MORPH=empty
Atant	atant	ADVgen	MORPH=empty
fors	fors1	ADVgen	MORPH=empty
del	de+le	PRE.DETdef	MORPH=empty
palés	palais2	NOMcom	MORPH=empty
s'	soi1	PROper	MORPH=empty
an	en2	PROadv	MORPH=empty
ist	issir	VERcjg	MORPH=empty
,	,	PONfbl	MORPH=empty
et	et	CONcoo	MORPH=empty
messire	seignor	NOMcom	MORPH=empty
Gauvains	Gauvain	NOMpro	MORPH=empty
s'	soi1	PROper	MORPH=empty
asist	asseoir	VERcjg	MORPH=empty
el	en1+le	PRE.DETdef	MORPH=empty
lit	lit1	NOMcom	MORPH=empty
si	si	ADVgen	MORPH=empty
armez	armer	VERppe	MORPH=empty
con	come1	CONsub	MORPH=empty
il	il	PROper	MORPH=empty
fu	estre1	VERcjg	MORPH=empty
,	,	PONfbl	MORPH=empty
et	et	CONcoo	MORPH=empty
ot	avoir	VERcjg	MORPH=empty
a	a3	PRE	MORPH=empty
son	son4	DETpos	MORPH=empty
col	col	NOMcom	MORPH=empty
son	son4	DETpos	MORPH=empty
escu	escu	NOMcom	MORPH=empty
.	.	PONfrt	MORPH=empty
An	en1	PRE	MORPH=empty
l'	le	DETdef	MORPH=empty
aseoir	asseoir	VERinf	MORPH=empty
que	que2	PROrel	MORPH=empty
il	il	PROper	MORPH=empty
a	avoir	VERcjg	MORPH=empty
fet	faire	VERppe	MORPH=empty
,	,	PONfbl	MORPH=empty
et	et	CONcoo	MORPH=empty
les	le	DETdef	MORPH=empty
cordes	corde	NOMcom	MORPH=empty
gietent	jeter	VERcjg	MORPH=empty
.i.	un	DETndf	MORPH=empty
bret	brait	NOMcom	MORPH=empty
et	et	CONcoo	MORPH=empty
totes	tot	DETind	MORPH=empty
les	le	DETdef	MORPH=empty
quanpanes	champaine	NOMcom	MORPH=empty
sonent	soner	VERcjg	MORPH=empty
si	si	ADVgen	MORPH=empty
que	que4	CONsub	MORPH=empty
tot	tot	DETind	MORPH=empty
le	le	DETdef	MORPH=empty
palés	palais2	NOMcom	MORPH=empty
estonent	estoner	VERcjg	MORPH=empty
,	,	PONfbl	MORPH=empty
et	et	CONcoo	MORPH=empty
totes	tot	DETind	MORPH=empty
les	le	DETdef	MORPH=empty
fenestres	fenestre	NOMcom	MORPH=empty
oevrent	ovrir	VERcjg	MORPH=empty
et	et	CONcoo	MORPH=empty
les	le	DETdef	MORPH=empty
mervoilles	merveille	NOMcom	MORPH=empty
se	soi1	PROper	MORPH=empty
descoevrent	descovrir	VERcjg	MORPH=empty
et	et	CONcoo	MORPH=empty
li	le	DETdef	MORPH=empty
anchantement	enchantement	NOMcom	MORPH=empty
aperent	aparoir	VERcjg	MORPH=empty
;	;	PONfbl	MORPH=empty
que	que4	CONcoo	MORPH=empty
par	par	PRE	MORPH=empty
les	le	DETdef	MORPH=empty
fenestres	fenestre	NOMcom	MORPH=empty
volerent	voler	VERcjg	MORPH=empty
quarriax	carrel	NOMcom	MORPH=empty
et	et	CONcoo	MORPH=empty
saietes	saiete	NOMcom	MORPH=empty
leanz	laienz	ADVgen	MORPH=empty
,	,	PONfbl	MORPH=empty
si	si	ADVgen	MORPH=empty
an	en2	PROadv	MORPH=empty
ferirent	ferir	VERcjg	MORPH=empty
ne	ne1	ADVneg	MORPH=empty
sai	savoir	VERcjg	MORPH=empty
quanz	cant2	DETrel	MORPH=empty
monseignor	seignor	NOMcom	MORPH=empty
Gauvain	Gauvain	NOMpro	MORPH=empty
an	en1	PRE	MORPH=empty
l'	le	DETdef	MORPH=empty
escu	escu	NOMcom	MORPH=empty
,	,	PONfbl	MORPH=empty
mes	mais1	CONcoo	MORPH=empty
il	il	PROper	MORPH=empty
ne	ne1	ADVneg	MORPH=empty
sot	savoir	VERcjg	MORPH=empty
que	que2	PROrel	MORPH=empty
l'	il	PROper	MORPH=empty
ot	avoir	VERcjg	MORPH=empty
feru	ferir	VERppe	MORPH=empty
.	.	PONfrt	MORPH=empty
Li	le	DETdef	MORPH=empty
anchantemenz	enchantement	NOMcom	MORPH=empty
tex	tel	ADJind	MORPH=empty
estoit	estre1	VERcjg	MORPH=empty
que	que4	CONsub	MORPH=empty
nus	nul	DETind	MORPH=empty
hom	ome	NOMcom	MORPH=empty
veoir	vëoir	VERinf	MORPH=empty
nel	ne1+il	ADVneg.PROper	MORPH=empty
pooit	pöoir	VERcjg	MORPH=empty
de	de	PRE	MORPH=empty
quel	quel1	DETrel	MORPH=empty
part	part1	NOMcom	MORPH=empty
li	le	DETdef	MORPH=empty
quarrel	carrel	NOMcom	MORPH=empty
venoient	venir	VERcjg	MORPH=empty
,	,	PONfbl	MORPH=empty
ne	ne2	CONcoo	MORPH=empty
li	le	DETdef	MORPH=empty
archier	archier	NOMcom	MORPH=empty
qui	qui	PROrel	MORPH=empty
les	il	PROper	MORPH=empty
treoient	traire	VERcjg	MORPH=empty
.	.	PONfrt	MORPH=empty
Et	et	CONcoo	MORPH=empty
ce	ce1	PROdem	MORPH=empty
poez	pöoir	VERcjg	MORPH=empty
vos	vos	PROper	MORPH=empty
bien	bien1	ADVgen	MORPH=empty
antandre	entendre	VERinf	MORPH=empty
que	que4	CONsub	MORPH=empty
grant	grant	ADJqua	MORPH=empty
escrois	escrois1	NOMcom	MORPH=empty
ot	avoir	VERcjg	MORPH=empty
au	a3+le	PRE.DETdef	MORPH=empty
destandre	destendre2	VERinf	MORPH=empty
des	de+le	PRE.DETdef	MORPH=empty
arbalestes	arbaleste	NOMcom	MORPH=empty
et	et	CONcoo	MORPH=empty
des	de+le	PRE.DETdef	MORPH=empty
ars	arc	NOMcom	MORPH=empty
.	.	PONfrt	MORPH=empty
N'	ne1	ADVneg	MORPH=empty
i	i2	PROadv	MORPH=empty
volsist	voloir	VERcjg	MORPH=empty
estre	estre1	VERinf	MORPH=empty
por	por2	PRE	MORPH=empty
mil	mil1	DETcar	MORPH=empty
mars	marc1	NOMcom	MORPH=empty
messire	seignor	NOMcom	MORPH=empty
Gauvains	Gauvain	NOMpro	MORPH=empty
a	a3	PRE	MORPH=empty
cele	cel	DETdem	MORPH=empty
ore	ore3	NOMcom	MORPH=empty
,	,	PONfbl	MORPH=empty
mes	mais1	CONcoo	MORPH=empty
les	le	DETdef	MORPH=empty
fenestres	fenestre	NOMcom	MORPH=empty
an	en1	PRE	MORPH=empty
po	poi	PROind	MORPH=empty
d'	de	PRE	MORPH=empty
ore	ore3	NOMcom	MORPH=empty
reclostrent	reclore	VERcjg	MORPH=empty
,	,	PONfbl	MORPH=empty
que	que4	CONcoo	MORPH=empty
nus	nul	PROind	MORPH=empty
nes	ne1+il	ADVneg.PROper	MORPH=empty
bota	boter1	VERcjg	MORPH=empty
,	,	PONfbl	MORPH=empty
et	et	CONcoo	MORPH=empty
messire	seignor	NOMcom	MORPH=empty
Gauvains	Gauvain	NOMpro	MORPH=empty
osta	oster2	VERcjg	MORPH=empty
les	le	DETdef	MORPH=empty
quarriax	carrel	NOMcom	MORPH=empty
qui	qui	PROrel	MORPH=empty
feru	ferir	VERppe	MORPH=empty
estoient	estre1	VERcjg	MORPH=empty
an	en1	PRE	MORPH=empty
son	son4	DETpos	MORPH=empty
escu	escu	NOMcom	MORPH=empty
et	et	CONcoo	MORPH=empty
si	si	ADVgen	MORPH=empty
l'	il	PROper	MORPH=empty
avoient	avoir	VERcjg	MORPH=empty
an	en1	PRE	MORPH=empty
plusors	plusor	DETind	MORPH=empty
leus	lieu	NOMcom	MORPH=empty
navré	navrer	VERppe	MORPH=empty
el	en1+le	PRE.DETdef	MORPH=empty
cors	cors1	NOMcom	MORPH=empty
si	si	ADVgen	MORPH=empty
que	que4	CONsub	MORPH=empty
li	le	DETdef	MORPH=empty
sans	sanc	NOMcom	MORPH=empty
an	en2	PROadv	MORPH=empty
sailloit	salir2	VERcjg	MORPH=empty
fors	fors1	ADVgen	MORPH=empty
.	.	PONfrt	MORPH=empty
Ençois	ainçois	ADVgen	MORPH=empty
qu'	que4	CONsub	MORPH=empty
il	il	PROper	MORPH=empty
les	il	PROper	MORPH=empty
eüst	avoir	VERcjg	MORPH=empty
toz	tot	PROind	MORPH=empty
trez	traire	VERppe	MORPH=empty
,	,	PONfbl	MORPH=empty
li	il	PROper	MORPH=empty
refu	restre	VERcjg	MORPH=empty
sorz	sordre	VERppe	MORPH=empty
uns	un	DETndf	MORPH=empty
autres	autre	ADJind	MORPH=empty
plez	plait	NOMcom	MORPH=empty
,	,	PONfbl	MORPH=empty
que	que4	CONsub	MORPH=empty
uns	un	DETndf	MORPH=empty
vilains	vilain	NOMcom	MORPH=empty
d'	de	PRE	MORPH=empty
un	un	DETndf	MORPH=empty
pel	pel1	NOMcom	MORPH=empty
feri	ferir	VERcjg	MORPH=empty
an	en1	PRE	MORPH=empty
.i.	un	DETndf	MORPH=empty
huis	uis	NOMcom	MORPH=empty
,	,	PONfbl	MORPH=empty
et	et	CONcoo	MORPH=empty
li	le	DETdef	MORPH=empty
huis	uis	NOMcom	MORPH=empty
ovri	ovrir	VERcjg	MORPH=empty
;	;	PONfbl	MORPH=empty
et	et	CONcoo	MORPH=empty
uns	un	DETndf	MORPH=empty
lyons	lïon	NOMcom	MORPH=empty
mout	mout	ADVgen	MORPH=empty
mervellos	merveillos	ADJqua	MORPH=empty
et	et	CONcoo	MORPH=empty
forz	fort	ADJqua	MORPH=empty
et	et	CONcoo	MORPH=empty
fiers	fier	ADJqua	MORPH=empty
et	et	CONcoo	MORPH=empty
famellos	fameillos	ADJqua	MORPH=empty
parmi	parmi	PRE	MORPH=empty
l'	le	DETdef	MORPH=empty
uis	uis	NOMcom	MORPH=empty
de	de	PRE	MORPH=empty
la	le	DETdef	MORPH=empty
chanbre	chambre1	NOMcom	MORPH=empty
saut	salir2	VERcjg	MORPH=empty
et	et	CONcoo	MORPH=empty
monseignor	seignor	NOMcom	MORPH=empty
Gauvain	Gauvain	NOMpro	MORPH=empty
assaut	assalir	VERcjg	MORPH=empty
par	par	PRE	MORPH=empty
grant	grant	ADJqua	MORPH=empty
corroz	corroz	NOMcom	MORPH=empty
et	et	CONcoo	MORPH=empty
par	par	PRE	MORPH=empty
grant	grant	ADJqua	MORPH=empty
ire	ire	NOMcom	MORPH=empty
,	,	PONfbl	MORPH=empty
que	que4	CONsub	MORPH=empty
tot	tot	ADVgen	MORPH=empty
ausi	aussi	ADVgen	MORPH=empty
con	come1	CONsub	MORPH=empty
parmi	parmi	PRE	MORPH=empty
cire	cire	NOMcom	MORPH=empty
totes	tot	DETind	MORPH=empty
ses	son4	DETpos	MORPH=empty
ongles	ongle	NOMcom	MORPH=empty
li	il	PROper	MORPH=empty
anbat	embatre	VERcjg	MORPH=empty
an	en1	PRE	MORPH=empty
son	son4	DETpos	MORPH=empty
escu	escu	NOMcom	MORPH=empty
et	et	CONcoo	MORPH=empty
si	si	ADVgen	MORPH=empty
l'	il	PROper	MORPH=empty
abat	abatre	VERcjg	MORPH=empty
si	si	ADVgen	MORPH=empty
qu'	que4	CONsub	MORPH=empty
a	a3	PRE	MORPH=empty
genolz	genoil	NOMcom	MORPH=empty
venir	venir	VERinf	MORPH=empty
le	il	PROper	MORPH=empty
fet	faire	VERcjg	MORPH=empty
.	.	PONfrt	MORPH=empty
Et	et	CONcoo	MORPH=empty
il	il	PROper	MORPH=empty
saut	salir2	VERcjg	MORPH=empty
sus	sus	ADVgen	MORPH=empty
tantost	tantost	ADVgen	MORPH=empty
et	et	CONcoo	MORPH=empty
tret	traire	VERcjg	MORPH=empty
fors	fors1	ADVgen	MORPH=empty
del	de+le	PRE.DETdef	MORPH=empty
fuerre	fuerre2	NOMcom	MORPH=empty
la	le	DETdef	MORPH=empty
bone	bon	ADJqua	MORPH=empty
espee	espee	NOMcom	MORPH=empty
et	et	CONcoo	MORPH=empty
fiert	ferir	VERcjg	MORPH=empty
si	si	ADVgen	MORPH=empty
qu'	que4	CONsub	MORPH=empty
il	il	PROper	MORPH=empty
li	il	PROper	MORPH=empty
a	avoir	VERcjg	MORPH=empty
colpee	coper	VERppe	MORPH=empty
la	le	DETdef	MORPH=empty
teste	teste	NOMcom	MORPH=empty
et	et	CONcoo	MORPH=empty
amedeus	ambedos	DETcar	MORPH=empty
les	le	DETdef	MORPH=empty
piez	pié	NOMcom	MORPH=empty
.	.	PONfrt	MORPH=empty
Lors	lors	ADVgen	MORPH=empty
fu	estre1	VERcjg	MORPH=empty
messire	seignor	NOMcom	MORPH=empty
Gauvains	Gauvain	NOMpro	MORPH=empty
liez	lié1	ADJqua	MORPH=empty
,	,	PONfbl	MORPH=empty
que	que4	CONcoo	MORPH=empty
li	le	DETdef	MORPH=empty
pié	pié	NOMcom	MORPH=empty
remestrent	remanoir	VERcjg	MORPH=empty
pandu	pendre	VERppe	MORPH=empty
par	par	PRE	MORPH=empty
les	le	DETdef	MORPH=empty
ongles	ongle	NOMcom	MORPH=empty
an	en1	PRE	MORPH=empty
son	son4	DETpos	MORPH=empty
escu	escu	NOMcom	MORPH=empty
si	si	ADVgen	MORPH=empty
que	que4	CONsub	MORPH=empty
li	le	DETdef	MORPH=empty
uns	un	PROind	MORPH=empty
remest	remanoir	VERcjg	MORPH=empty
pandanz	pendre	VERppa	MORPH=empty
et	et	CONcoo	MORPH=empty
li	le	DETdef	MORPH=empty
autres	autre	PROind	MORPH=empty
parut	paroir	VERcjg	MORPH=empty
dedanz	dedenz	ADVgen	MORPH=empty
.	.	PONfrt	MORPH=empty
Qant	cant1	CONsub	MORPH=empty
il	il	PROper	MORPH=empty
ot	avoir	VERcjg	MORPH=empty
le	le	DETdef	MORPH=empty
lyon	lïon	NOMcom	MORPH=empty
ocis	ocire	VERppe	MORPH=empty
,	,	PONfbl	MORPH=empty
si	si	ADVgen	MORPH=empty
se	soi1	PROper	MORPH=empty
rest	restre	VERcjg	MORPH=empty
sor	sor2	PRE	MORPH=empty
le	le	DETdef	MORPH=empty
lit	lit1	NOMcom	MORPH=empty
assis	asseoir	VERppe	MORPH=empty
,	,	PONfbl	MORPH=empty
et	et	CONcoo	MORPH=empty
ses	son4	DETpos	MORPH=empty
ostes	oste	NOMcom	MORPH=empty
o	o4	PRE	MORPH=empty
liee	lié1	ADJqua	MORPH=empty
chiere	chiere	NOMcom	MORPH=empty
vint	venir	VERcjg	MORPH=empty
tantost	tantost	ADVgen	MORPH=empty
el	en1+le	PRE.DETdef	MORPH=empty
palés	palais2	NOMcom	MORPH=empty
arriere	ariere	ADVgen	MORPH=empty
;	;	PONfbl	MORPH=empty
si	si	ADVgen	MORPH=empty
le	il	PROper	MORPH=empty
trova	trover	VERcjg	MORPH=empty
el	en1+le	PRE.DETdef	MORPH=empty
lit	lit1	NOMcom	MORPH=empty
seant	sëoir	VERppa	MORPH=empty
et	et	CONcoo	MORPH=empty
dit	dire	VERcjg	MORPH=empty
:	:	PONfbl	MORPH=empty
"	"	PONpxx	MORPH=empty
Sire	seignor	NOMcom	MORPH=empty
,	,	PONfbl	MORPH=empty
ge	je	PROper	MORPH=empty
vos	vos	PROper	MORPH=empty
creant	crëanter	VERcjg	MORPH=empty
que	que4	CONsub	MORPH=empty
vos	vos	PROper	MORPH=empty
n'	ne1	ADVneg	MORPH=empty
avez	avoir	VERcjg	MORPH=empty
mes	mais1	ADVgen	MORPH=empty
nule	nul	DETind	MORPH=empty
dote	dote	NOMcom	MORPH=empty
.	.	PONfrt	MORPH=empty
Ostez	oster2	VERcjg	MORPH=empty
vostre	vostre	DETpos	MORPH=empty
armeüre	armëure	NOMcom	MORPH=empty
tote	tot	ADJind	MORPH=empty
,	,	PONfbl	MORPH=empty
que	que4	CONcoo	MORPH=empty
les	le	DETdef	MORPH=empty
mervoilles	merveille	NOMcom	MORPH=empty
del	de+le	PRE.DETdef	MORPH=empty
palés	palais2	NOMcom	MORPH=empty
sont	estre1	VERcjg	MORPH=empty
remeses	remanoir	VERppe	MORPH=empty
a	a3	PRE	MORPH=empty
toz	tot	DETind	MORPH=empty
jorz	jor	NOMcom	MORPH=empty
mes	mais1	ADVgen	MORPH=empty
par	par	PRE	MORPH=empty
vos	vos	PROper	MORPH=empty
qui	qui	PROrel	MORPH=empty
estes	estre1	VERcjg	MORPH=empty
ci	ci	ADVgen	MORPH=empty
venuz	venir	VERppe	MORPH=empty
.	.	PONfrt	MORPH=empty
Et	et	CONcoo	MORPH=empty
des	de+le	PRE.DETdef	MORPH=empty
juenes	juene	ADJqua	MORPH=empty
et	et	CONcoo	MORPH=empty
des	de+le	PRE.DETdef	MORPH=empty
chenuz	chenu	ADJqua	MORPH=empty
seroiz	estre1	VERcjg	MORPH=empty
serviz	servir	VERppe	MORPH=empty
et	et	CONcoo	MORPH=empty
enorez	onorer	VERppe	MORPH=empty
ceanz	çaienz	ADVgen	MORPH=empty
,	,	PONfbl	MORPH=empty
don	dont	PROrel	MORPH=empty
Dex	Dieu	NOMpro	MORPH=empty
soit	estre1	VERcjg	MORPH=empty
aorez	aorer2	VERppe	MORPH=empty
!	!	PONfrt	MORPH=empty
"	"	PONpxx	MORPH=empty
Atant	atant	ADVgen	MORPH=empty
vindrent	venir	VERcjg	MORPH=empty
vaslet	vaslet	NOMcom	MORPH=empty
a	a3	PRE	MORPH=empty
flotes	flote3	NOMcom	MORPH=empty
,	,	PONfbl	MORPH=empty
et	et	CONcoo	MORPH=empty
tuit	tot	PROind	MORPH=empty
mout	mout	ADVgen	MORPH=empty
bien	bien1	ADVgen	MORPH=empty
vestu	vestir	VERppe	MORPH=empty
de	de	PRE	MORPH=empty
cotes	cote2	NOMcom	MORPH=empty
,	,	PONfbl	MORPH=empty
si	si	ADVgen	MORPH=empty
se	soi1	PROper	MORPH=empty
metent	metre2	VERcjg	MORPH=empty
tuit	tot	PROind	MORPH=empty
a	a3	PRE	MORPH=empty
genolz	genoil	NOMcom	MORPH=empty
et	et	CONcoo	MORPH=empty
dïent	dire	VERcjg	MORPH=empty
tuit	tot	PROind	MORPH=empty
:	:	PONfbl	MORPH=empty
"	"	PONpxx	MORPH=empty
Biax	bel1	ADJqua	MORPH=empty
sire	seignor	NOMcom	MORPH=empty
dolz	douz	ADJqua	MORPH=empty
,	,	PONfbl	MORPH=empty
noz	nostre	DETpos	MORPH=empty
servises	servise	NOMcom	MORPH=empty
vos	vos	PROper	MORPH=empty
presantomes	presenter	VERcjg	MORPH=empty
con	come1	CONsub	MORPH=empty
a	a3	PRE	MORPH=empty
celui	cel	PROdem	MORPH=empty
que	que2	PROrel	MORPH=empty
nos	nos1	PROper	MORPH=empty
avomes	avoir	VERcjg	MORPH=empty
mout	mout	ADVgen	MORPH=empty
atandu	atendre	VERppe	MORPH=empty
et	et	CONcoo	MORPH=empty
desirré	desirrer	VERppe	MORPH=empty
,	,	PONfbl	MORPH=empty
que	que4	CONcoo	MORPH=empty
mout	mout	ADVgen	MORPH=empty
vos	vos	PROper	MORPH=empty
avez	avoir	VERcjg	MORPH=empty
demoré	demorer	VERppe	MORPH=empty
a	a3	PRE	MORPH=empty
oés	ues	NOMcom	MORPH=empty
nostre	nostre	DETpos	MORPH=empty
oés	ues	NOMcom	MORPH=empty
,	,	PONfbl	MORPH=empty
ce	ce1	PROdem	MORPH=empty
m'	je	PROper	MORPH=empty
est	estre1	VERcjg	MORPH=empty
avis	avis	NOMcom	MORPH=empty
.	.	PONfrt	MORPH=empty
"	"	PONpxx	MORPH=empty
Maintenant	maintenant	ADVgen	MORPH=empty
li	le	DETdef	MORPH=empty
uns	un	PROind	MORPH=empty
d'	de	PRE	MORPH=empty
ax	il	PROper	MORPH=empty
l'	il	PROper	MORPH=empty
a	avoir	VERcjg	MORPH=empty
pris	prendre	VERppe	MORPH=empty
,	,	PONfbl	MORPH=empty
si	si	ADVgen	MORPH=empty
le	il	PROper	MORPH=empty
comance	comencier	VERcjg	MORPH=empty
a	a3	PRE	MORPH=empty
desarmer	desarmer	VERinf	MORPH=empty
,	,	PONfbl	MORPH=empty
et	et	CONcoo	MORPH=empty
li	le	DETdef	MORPH=empty
autre	autre	PROind	MORPH=empty
vont	aler	VERcjg	MORPH=empty
establer	establer1	VERinf	MORPH=empty
son	son4	DETpos	MORPH=empty
cheval	cheval	NOMcom	MORPH=empty
qui	qui	PROrel	MORPH=empty
defors	defors	ADVgen	MORPH=empty
estoit	estre1	VERcjg	MORPH=empty
.	.	PONfrt	MORPH=empty
Et	et	CONcoo	MORPH=empty
queque	que_que	PROrel	MORPH=empty
il	il	PROper	MORPH=empty
se	soi1	PROper	MORPH=empty
desarmoit	desarmer	VERcjg	MORPH=empty
,	,	PONfbl	MORPH=empty
une	un	DETndf	MORPH=empty
pucele	pucele	NOMcom	MORPH=empty
antre	entrer	VERcjg	MORPH=empty
leanz	laienz	ADVgen	MORPH=empty
,	,	PONfbl	MORPH=empty
qui	qui	PROrel	MORPH=empty
mout	mout	ADVgen	MORPH=empty
ert	estre1	VERcjg	MORPH=empty
bele	bel1	ADJqua	MORPH=empty
et	et	CONcoo	MORPH=empty
avenanz	avenant	VERppa	MORPH=empty
,	,	PONfbl	MORPH=empty
sor	sor2	PRE	MORPH=empty
son	son4	DETpos	MORPH=empty
chief	chief1	NOMcom	MORPH=empty
un	un	DETndf	MORPH=empty
cercelet	cercelet	NOMcom	MORPH=empty
d'	de	PRE	MORPH=empty
or	or1	NOMcom	MORPH=empty
,	,	PONfbl	MORPH=empty
don	dont	PROrel	MORPH=empty
li	le	DETdef	MORPH=empty
chevol	chevel	NOMcom	MORPH=empty
estoient	estre1	VERcjg	MORPH=empty
sor	sor1	ADJqua	MORPH=empty
autant	autant	ADVgen	MORPH=empty
come	come1	CONsub	MORPH=empty
li	le	DETdef	MORPH=empty
ors	or1	NOMcom	MORPH=empty
ou	o3	CONcoo	MORPH=empty
plus	plus	ADVgen	MORPH=empty
.	.	PONfrt	MORPH=empty
La	le	DETdef	MORPH=empty
face	face	NOMcom	MORPH=empty
ot	avoir	VERcjg	MORPH=empty
blanche	blanc	ADJqua	MORPH=empty
,	,	PONfbl	MORPH=empty
et	et	CONcoo	MORPH=empty
par	par	PRE	MORPH=empty
desus	desus	ADVgen	MORPH=empty
l'	il	PROper	MORPH=empty
ot	avoir	VERcjg	MORPH=empty
anluminee	enluminer	VERppe	MORPH=empty
Nature	nature	NOMcom	MORPH=empty
d'	de	PRE	MORPH=empty
une	un	DETndf	MORPH=empty
color	color	NOMcom	MORPH=empty
vermoille	vermeil1	ADJqua	MORPH=empty
et	et	CONcoo	MORPH=empty
pure	pur	ADJqua	MORPH=empty
.	.	PONfrt	MORPH=empty
La	le	DETdef	MORPH=empty
pucele	pucele	NOMcom	MORPH=empty
fu	estre1	VERcjg	MORPH=empty
mout	mout	ADVgen	MORPH=empty
adroite	adroit	ADJqua	MORPH=empty
,	,	PONfbl	MORPH=empty
bele	bel1	ADJqua	MORPH=empty
et	et	CONcoo	MORPH=empty
bien	bien1	ADVgen	MORPH=empty
fete	faire	VERppe	MORPH=empty
,	,	PONfbl	MORPH=empty
longue	lonc	ADJqua	MORPH=empty
et	et	CONcoo	MORPH=empty
droite	droit	ADJqua	MORPH=empty
.	.	PONfrt	MORPH=empty
Aprés	après	PRE	MORPH=empty
li	il	PROper	MORPH=empty
venoient	venir	VERcjg	MORPH=empty
puceles	pucele	NOMcom	MORPH=empty
assez	assez	ADVgen	MORPH=empty
,	,	PONfbl	MORPH=empty
autres	autre	ADJind	MORPH=empty
,	,	PONfbl	MORPH=empty
gentes	gent2	ADJqua	MORPH=empty
et	et	CONcoo	MORPH=empty
beles	bel1	ADJqua	MORPH=empty
;	;	PONfbl	MORPH=empty
et	et	CONcoo	MORPH=empty
uns	un	DETndf	MORPH=empty
toz	tot	ADVgen	MORPH=empty
seus	sol1	ADJqua	MORPH=empty
vaslez	vaslet	NOMcom	MORPH=empty
i	i2	PROadv	MORPH=empty
vint	venir	VERcjg	MORPH=empty
,	,	PONfbl	MORPH=empty
qui	qui	PROrel	MORPH=empty
une	un	DETndf	MORPH=empty
robe	robe	NOMcom	MORPH=empty
a	a3	PRE	MORPH=empty
son	son4	DETpos	MORPH=empty
col	col	NOMcom	MORPH=empty
tint	tenir1	VERcjg	MORPH=empty
,	,	PONfbl	MORPH=empty
cote	cote2	NOMcom	MORPH=empty
et	et	CONcoo	MORPH=empty
mantel	mantel	NOMcom	MORPH=empty
et	et	CONcoo	MORPH=empty
sorecot	sorcot	NOMcom	MORPH=empty
.	.	PONfrt	MORPH=empty
Pane	pene	NOMcom	MORPH=empty
d'	de	PRE	MORPH=empty
ermine	ermine	NOMcom	MORPH=empty
el	en1+le	PRE.DETdef	MORPH=empty
mantel	mantel	NOMcom	MORPH=empty
ot	avoir	VERcjg	MORPH=empty
et	et	CONcoo	MORPH=empty
sebelin	sabel1in	NOMcom	MORPH=empty
noir	noir	ADJqua	MORPH=empty
come	come1	CONsub	MORPH=empty
more	more4	NOMcom	MORPH=empty
,	,	PONfbl	MORPH=empty
et	et	CONcoo	MORPH=empty
la	le	DETdef	MORPH=empty
coverture	coverture	NOMcom	MORPH=empty
desore	desor	ADVgen	MORPH=empty
fu	estre1	VERcjg	MORPH=empty
d'	de	PRE	MORPH=empty
une	un	DETndf	MORPH=empty
sanguine	sanguin	ADJqua	MORPH=empty
vermoille	vermeil1	ADJqua	MORPH=empty
.	.	PONfrt	MORPH=empty
Messire	seignor	NOMcom	MORPH=empty
Gauvains	Gauvain	NOMpro	MORPH=empty
se	soi1	PROper	MORPH=empty
mervoille	merveillier	VERcjg	MORPH=empty
des	de+le	PRE.DETdef	MORPH=empty
puceles	pucele	NOMcom	MORPH=empty
qu'	que2	PROrel	MORPH=empty
il	il	PROper	MORPH=empty
vit	vëoir	VERcjg	MORPH=empty
venir	venir	VERinf	MORPH=empty
,	,	PONfbl	MORPH=empty
et	et	CONcoo	MORPH=empty
ne	ne1	ADVneg	MORPH=empty
se	soi1	PROper	MORPH=empty
puet	pöoir	VERcjg	MORPH=empty
mie	mie	ADVneg	MORPH=empty
tenir	tenir1	VERinf	MORPH=empty
qu'	que4	CONsub	MORPH=empty
ancontre	encontre1	PRE	MORPH=empty
eles	il	PROper	MORPH=empty
ne	ne1	ADVneg	MORPH=empty
saille	salir2	VERcjg	MORPH=empty
an	en1	PRE	MORPH=empty
piez	pié	NOMcom	MORPH=empty
,	,	PONfbl	MORPH=empty
et	et	CONcoo	MORPH=empty
dit	dire	VERcjg	MORPH=empty
:	:	PONfbl	MORPH=empty
"	"	PONpxx	MORPH=empty
Puceles	pucele	NOMcom	MORPH=empty
,	,	PONfbl	MORPH=empty
bien	bien1	ADVgen	MORPH=empty
vaigniez	venir	VERcjg	MORPH=empty
!	!	PONfrt	MORPH=empty
"	"	PONpxx	MORPH=empty
Et	et	CONcoo	MORPH=empty
la	le	DETdef	MORPH=empty
premiere	premier	PROord	MORPH=empty
li	il	PROper	MORPH=empty
ancline	encliner	VERcjg	MORPH=empty
et	et	CONcoo	MORPH=empty
dit	dire	VERcjg	MORPH=empty
:	:	PONfbl	MORPH=empty
"	"	PONpxx	MORPH=empty
Ma	mon1	DETpos	MORPH=empty
dame	dame	NOMcom	MORPH=empty
la	le	DETdef	MORPH=empty
reïne	röine1	NOMcom	MORPH=empty
,	,	PONfbl	MORPH=empty
biax	bel1	ADJqua	MORPH=empty
sire	seignor	NOMcom	MORPH=empty
chiers	chier	ADJqua	MORPH=empty
,	,	PONfbl	MORPH=empty
saluz	salu	NOMcom	MORPH=empty
vos	vos	PROper	MORPH=empty
mande	mander	VERcjg	MORPH=empty
,	,	PONfbl	MORPH=empty
et	et	CONcoo	MORPH=empty
a	a3	PRE	MORPH=empty
totes	tot	PROind	MORPH=empty
si	si	ADVgen	MORPH=empty
nos	nos1	PROper	MORPH=empty
comande	comander	VERcjg	MORPH=empty
que	que4	CONsub	MORPH=empty
por	por2	PRE	MORPH=empty
lor	lor2	DETpos	MORPH=empty
droit	droit	ADJqua	MORPH=empty
seignor	seignor	NOMcom	MORPH=empty
vos	vos	PROper	MORPH=empty
teignent	tenir1	VERcjg	MORPH=empty
et	et	CONcoo	MORPH=empty
que	que4	CONsub	MORPH=empty
totes	tot	PROind	MORPH=empty
servir	servir	VERinf	MORPH=empty
vos	vos	PROper	MORPH=empty
veignent	venir	VERcjg	MORPH=empty
.	.	PONfrt	MORPH=empty
Je	je	PROper	MORPH=empty
vos	vos	PROper	MORPH=empty
promet	prometre	VERcjg	MORPH=empty
le	le	DETdef	MORPH=empty
mien	mien	ADJpos	MORPH=empty
servise	servise	NOMcom	MORPH=empty
tote	tot	ADVgen	MORPH=empty
premiere	premier	ADJord	MORPH=empty
sanz	sans	PRE	MORPH=empty
faintise	feintise	NOMcom	MORPH=empty
;	;	PONfbl	MORPH=empty
et	et	CONcoo	MORPH=empty
les	le	DETdef	MORPH=empty
puceles	pucele	NOMcom	MORPH=empty
qui	qui	PROrel	MORPH=empty
ci	ci	ADVgen	MORPH=empty
vienent	venir	VERcjg	MORPH=empty
totes	tot	PROind	MORPH=empty
por	por2	PRE	MORPH=empty
lor	lor2	DETpos	MORPH=empty
seignor	seignor	NOMcom	MORPH=empty
vos	vos	PROper	MORPH=empty
tienent	tenir1	VERcjg	MORPH=empty
,	,	PONfbl	MORPH=empty
que	que4	CONcoo	MORPH=empty
mout	mout	ADVgen	MORPH=empty
desirré	desirrer	VERppe	MORPH=empty
vos	vos	PROper	MORPH=empty
avoient	avoir	VERcjg	MORPH=empty
et	et	CONcoo	MORPH=empty
sont	estre1	VERcjg	MORPH=empty
liees	lié1	ADJqua	MORPH=empty
quant	cant1	CONsub	MORPH=empty
eles	il	PROper	MORPH=empty
voient	vëoir	VERcjg	MORPH=empty
le	le	DETdef	MORPH=empty
mellor	meillor	ADJqua	MORPH=empty
de	de	PRE	MORPH=empty
toz	tot	DETind	MORPH=empty
les	le	DETdef	MORPH=empty
prodomes	pro	NOMcom	MORPH=empty
.	.	PONfrt	MORPH=empty
Or	or4	ADVgen	MORPH=empty
n'	ne1	ADVneg	MORPH=empty
i	i2	PROadv	MORPH=empty
a	avoir	VERcjg	MORPH=empty
plus	plus	ADVgen	MORPH=empty
,	,	PONfbl	MORPH=empty
mes	mais1	CONcoo	MORPH=empty
que	que4	CONsub	MORPH=empty
nos	nos1	PROper	MORPH=empty
somes	estre1	VERcjg	MORPH=empty
de	de	PRE	MORPH=empty
vos	vos	PROper	MORPH=empty
servir	servir	VERinf	MORPH=empty
aparelliees	apareillier1	VERppe	MORPH=empty
.	.	PONfrt	MORPH=empty
"	"	PONpxx	MORPH=empty
Maintenant	maintenant	ADVgen	MORPH=empty
sont	estre1	VERcjg	MORPH=empty
agenoilliees	agenoillier	VERppe	MORPH=empty
trestotes	trestot	PROind	MORPH=empty
et	et	CONcoo	MORPH=empty
si	si	ADVgen	MORPH=empty
li	il	PROper	MORPH=empty
anclinent	encliner	VERcjg	MORPH=empty
come	come1	CONsub	MORPH=empty
celes	cel	PROdem	MORPH=empty
qui	qui	PROrel	MORPH=empty
se	soi1	PROper	MORPH=empty
destinent	destiner	VERcjg	MORPH=empty
a	a3	PRE	MORPH=empty
lui	il	PROper	MORPH=empty
servir	servir	VERinf	MORPH=empty
et	et	CONcoo	MORPH=empty
enorer	onorer	VERinf	MORPH=empty
.	.	PONfrt	MORPH=empty
Et	et	CONcoo	MORPH=empty
il	il	PROper	MORPH=empty
les	il	PROper	MORPH=empty
fet	faire	VERcjg	MORPH=empty
sanz	sans	PRE	MORPH=empty
demorer	demorer	VERinf	MORPH=empty
relever	relever	VERinf	MORPH=empty
et	et	CONcoo	MORPH=empty
puis	puis	ADVgen	MORPH=empty
asseoir	asseoir	VERinf	MORPH=empty
,	,	PONfbl	MORPH=empty
que	que4	CONcoo	MORPH=empty
mout	mout	ADVgen	MORPH=empty
li	il	PROper	MORPH=empty
pleisent	plaire	VERcjg	MORPH=empty
a	a3	PRE	MORPH=empty
veoir	vëoir	VERinf	MORPH=empty
,	,	PONfbl	MORPH=empty
auques	auques	ADVgen	MORPH=empty
por	por2	PRE	MORPH=empty
ce	ce1	PROdem	MORPH=empty
que	que4	CONsub	MORPH=empty
beles	bel1	ADJqua	MORPH=empty
sont	estre1	VERcjg	MORPH=empty
,	,	PONfbl	MORPH=empty
et	et	CONcoo	MORPH=empty
plus	plus	ADVgen	MORPH=empty
por	por2	PRE	MORPH=empty
ce	ce1	PROdem	MORPH=empty
que	que4	CONsub	MORPH=empty
eles	il	PROper	MORPH=empty
font	faire	VERcjg	MORPH=empty
de	de	PRE	MORPH=empty
lui	il	PROper	MORPH=empty
lor	lor2	DETpos	MORPH=empty
prince	prince	NOMcom	MORPH=empty
et	et	CONcoo	MORPH=empty
lor	lor2	DETpos	MORPH=empty
seignor	seignor	NOMcom	MORPH=empty
.	.	PONfrt	MORPH=empty
Joie	joie	NOMcom	MORPH=empty
a	avoir	VERcjg	MORPH=empty
,	,	PONfbl	MORPH=empty
c'	que4	CONsub	MORPH=empty
onques	onque	ADVgen	MORPH=empty
mes	mais1	ADVgen	MORPH=empty
n'	ne1	ADVneg	MORPH=empty
ot	avoir	VERcjg	MORPH=empty
greignor	grant	ADJqua	MORPH=empty
,	,	PONfbl	MORPH=empty
de	de	PRE	MORPH=empty
l'	le	DETdef	MORPH=empty
enor	onor	NOMcom	MORPH=empty
que	que2	PROrel	MORPH=empty
Dex	Dieu	NOMpro	MORPH=empty
li	il	PROper	MORPH=empty
a	avoir	VERcjg	MORPH=empty
fete	faire	VERppe	MORPH=empty
.	.	PONfrt	MORPH=empty
Lors	lors	ADVgen	MORPH=empty
s'	soi1	PROper	MORPH=empty
est	estre1	VERcjg	MORPH=empty
la	le	DETdef	MORPH=empty
pucele	pucele	NOMcom	MORPH=empty
avant	avant	ADVgen	MORPH=empty
trete	traire	VERppe	MORPH=empty
,	,	PONfbl	MORPH=empty
cele	cel	PROdem	MORPH=empty
qui	qui	PROrel	MORPH=empty
premiers	premier	ADJord	MORPH=empty
fu	estre1	VERcjg	MORPH=empty
venue	venir	VERppe	MORPH=empty
,	,	PONfbl	MORPH=empty
et	et	CONcoo	MORPH=empty
monseignor	seignor	NOMcom	MORPH=empty
Gauvain	Gauvain	NOMpro	MORPH=empty
salue	salüer	VERcjg	MORPH=empty
et	et	CONcoo	MORPH=empty
dit	dire	VERcjg	MORPH=empty
:	:	PONfbl	MORPH=empty
"	"	PONpxx	MORPH=empty
Ma	mon1	DETpos	MORPH=empty
dame	dame	NOMcom	MORPH=empty
vos	vos	PROper	MORPH=empty
anvoie	envoiier	VERcjg	MORPH=empty
a	a3	PRE	MORPH=empty
vestir	vestir	VERinf	MORPH=empty
,	,	PONfbl	MORPH=empty
ainz	ainz	ADVgen	MORPH=empty
qu'	que4	CONsub	MORPH=empty
ele	il	PROper	MORPH=empty
vos	vos	PROper	MORPH=empty
voie	vëoir	VERcjg	MORPH=empty
,	,	PONfbl	MORPH=empty
ceste	cest	DETdem	MORPH=empty
robe	robe	NOMcom	MORPH=empty
,	,	PONfbl	MORPH=empty
que	que4	CONcoo	MORPH=empty
ele	il	PROper	MORPH=empty
cuide	cuidier1	VERcjg	MORPH=empty
,	,	PONfbl	MORPH=empty
come	come1	CONsub	MORPH=empty
cele	cel	PROdem	MORPH=empty
qui	qui	PROrel	MORPH=empty
n'	ne1	ADVneg	MORPH=empty
est	estre1	VERcjg	MORPH=empty
pas	pas	ADVneg	MORPH=empty
vuide	vuit	ADJqua	MORPH=empty
de	de	PRE	MORPH=empty
corteisie	cortoisie	NOMcom	MORPH=empty
ne	ne2	CONcoo	MORPH=empty
de	de	PRE	MORPH=empty
san	sen2	NOMcom	MORPH=empty
,	,	PONfbl	MORPH=empty
que	que4	CONsub	MORPH=empty
grant	grant	ADJqua	MORPH=empty
travail	travail	NOMcom	MORPH=empty
et	et	CONcoo	MORPH=empty
grant	grant	ADJqua	MORPH=empty
ahan	ahan	NOMcom	MORPH=empty
et	et	CONcoo	MORPH=empty
grant	grant	ADJqua	MORPH=empty
enui	enui	NOMcom	MORPH=empty
eü	avoir	VERppe	MORPH=empty
avez	avoir	VERcjg	MORPH=empty
.	.	PONfrt	MORPH=empty
Mes	mais1	ADVgen	MORPH=empty
vestez	vestir	VERcjg	MORPH=empty
la	il	PROper	MORPH=empty
,	,	PONfbl	MORPH=empty
si	si	ADVgen	MORPH=empty
l'	il	PROper	MORPH=empty
assaiez	essaiier	VERcjg	MORPH=empty
,	,	PONfbl	MORPH=empty
s'	se	CONsub	MORPH=empty
ele	il	PROper	MORPH=empty
est	estre1	VERcjg	MORPH=empty
bone	bon	ADJqua	MORPH=empty
a	a3	PRE	MORPH=empty
vostre	vostre	DETpos	MORPH=empty
mesure	mesure	NOMcom	MORPH=empty
,	,	PONfbl	MORPH=empty
qu'	que4	CONcoo	MORPH=empty
aprés	après	PRE	MORPH=empty
le	le	DETdef	MORPH=empty
chaut	chaut	ADJqua	MORPH=empty
de	de	PRE	MORPH=empty
la	le	DETdef	MORPH=empty
froidure	froidure	NOMcom	MORPH=empty
se	soi1	PROper	MORPH=empty
gardent	garder	VERcjg	MORPH=empty
cil	cel	PROdem	MORPH=empty
qui	qui	PROrel	MORPH=empty
saige	sage	ADJqua	MORPH=empty
sont	estre1	VERcjg	MORPH=empty
,	,	PONfbl	MORPH=empty
que	que4	CONcoo	MORPH=empty
maint	maint	DETind	MORPH=empty
ansancmeslé	ensancmesler	VERppe	MORPH=empty
an	en2	PROadv	MORPH=empty
sont	estre1	VERcjg	MORPH=empty
.	.	PONfrt	MORPH=empty
Por	por2	PRE	MORPH=empty
ce	ce1	PROdem	MORPH=empty
ma	mon1	DETpos	MORPH=empty
dame	dame	NOMcom	MORPH=empty
la	le	DETdef	MORPH=empty
reïne	röine1	NOMcom	MORPH=empty
vos	vos	PROper	MORPH=empty
anvoie	envoiier	VERcjg	MORPH=empty
robe	robe	NOMcom	MORPH=empty
d'	de	PRE	MORPH=empty
ermine	ermine	NOMcom	MORPH=empty
que	que4	CONsub	MORPH=empty
froidure	froidure	NOMcom	MORPH=empty
mal	mal1	NOMcom	MORPH=empty
ne	ne1	ADVneg	MORPH=empty
vos	vos	PROper	MORPH=empty
face	faire	VERcjg	MORPH=empty
,	,	PONfbl	MORPH=empty
qu'	que4	CONcoo	MORPH=empty
ausi	aussi	ADVgen	MORPH=empty
con	come1	CONsub	MORPH=empty
l'	le	DETdef	MORPH=empty
eve	aigue	NOMcom	MORPH=empty
devient	devenir	VERcjg	MORPH=empty
glace	glace	NOMcom	MORPH=empty
,	,	PONfbl	MORPH=empty
betist	betir	VERcjg	MORPH=empty
li	le	DETdef	MORPH=empty
sans	sanc	NOMcom	MORPH=empty
et	et	CONcoo	MORPH=empty
prant	prendre	VERcjg	MORPH=empty
ansanble	ensemble	ADVgen	MORPH=empty
aprés	après	PRE	MORPH=empty
le	le	DETdef	MORPH=empty
chaut	chaut	ADJqua	MORPH=empty
,	,	PONfbl	MORPH=empty
quant	cant1	CONsub	MORPH=empty
li	le	DETdef	MORPH=empty
hom	ome	NOMcom	MORPH=empty
tranble	trembler1	VERcjg	MORPH=empty
.	.	PONfrt	MORPH=empty
"	"	PONpxx	MORPH=empty
Et	et	CONcoo	MORPH=empty
messire	seignor	NOMcom	MORPH=empty
Gauvains	Gauvain	NOMpro	MORPH=empty
respont	respondre1	VERcjg	MORPH=empty
,	,	PONfbl	MORPH=empty
come	come1	CONsub	MORPH=empty
li	le	DETdef	MORPH=empty
plus	plus	ADVgen	MORPH=empty
cortois	cortois	ADJqua	MORPH=empty
del	de+le	PRE.DETdef	MORPH=empty
mont	monde1	NOMcom	MORPH=empty
:	:	PONfbl	MORPH=empty
"	"	PONpxx	MORPH=empty
Ma	mon1	DETpos	MORPH=empty
dame	dame	NOMcom	MORPH=empty
la	le	DETdef	MORPH=empty
reïne	röine1	NOMcom	MORPH=empty
saut	sauver	VERcjg	MORPH=empty
cil	cel	DETdem	MORPH=empty
sire	seignor	NOMcom	MORPH=empty
an	en1	PRE	MORPH=empty
cui	cui	PROrel	MORPH=empty
nul	nul	DETind	MORPH=empty
bien	bien2	NOMcom	MORPH=empty
ne	ne1	ADVneg	MORPH=empty
faut	falir	VERcjg	MORPH=empty
,	,	PONfbl	MORPH=empty
et	et	CONcoo	MORPH=empty
vos	vos	PROper	MORPH=empty
come	come1	CONsub	MORPH=empty
la	le	DETdef	MORPH=empty
bien	bien1	ADVgen	MORPH=empty
parlanz	parler	VERppa	MORPH=empty
et	et	CONcoo	MORPH=empty
la	le	DETdef	MORPH=empty
cortoise	cortois	ADJqua	MORPH=empty
et	et	CONcoo	MORPH=empty
l'	le	DETdef	MORPH=empty
avenanz	avenant	VERppa	MORPH=empty
!	!	PONfrt	MORPH=empty
Mout	mout	ADVgen	MORPH=empty
est	estre1	VERcjg	MORPH=empty
,	,	PONfbl	MORPH=empty
ce	ce1	PROdem	MORPH=empty
cuit	cuidier1	VERcjg	MORPH=empty
,	,	PONfbl	MORPH=empty
la	le	DETdef	MORPH=empty
dame	dame	NOMcom	MORPH=empty
sage	sage	ADJqua	MORPH=empty
,	,	PONfbl	MORPH=empty
qant	cant1	CONsub	MORPH=empty
si	si	ADVgen	MORPH=empty
cortois	cortois	ADJqua	MORPH=empty
sont	estre1	VERcjg	MORPH=empty
si	si	ADVgen	MORPH=empty
message	message2	NOMcom	MORPH=empty
.	.	PONfrt	MORPH=empty
Ele	il	PROper	MORPH=empty
set	savoir	VERcjg	MORPH=empty
bien	bien1	ADVgen	MORPH=empty
que	que2	PROrel	MORPH=empty
a	avoir	VERcjg	MORPH=empty
mestier	mestier	NOMcom	MORPH=empty
et	et	CONcoo	MORPH=empty
que	que2	PROrel	MORPH=empty
covient	covenir	VERcjg	MORPH=empty
a	a3	PRE	MORPH=empty
chevalier	chevalier	NOMcom	MORPH=empty
quant	cant1	CONsub	MORPH=empty
ele	il	PROper	MORPH=empty
,	,	PONfbl	MORPH=empty
la	le	DETdef	MORPH=empty
soe	suen	ADJpos	MORPH=empty
merci	merci	NOMcom	MORPH=empty
,	,	PONfbl	MORPH=empty
robe	robe	NOMcom	MORPH=empty
a	a3	PRE	MORPH=empty
vestir	vestir	VERinf	MORPH=empty
m'	je	PROper	MORPH=empty
anvoie	envoiier	VERcjg	MORPH=empty
ci	ci	ADVgen	MORPH=empty
.	.	PONfrt	MORPH=empty
Merciez	mercïer	VERcjg	MORPH=empty
l'	il	PROper	MORPH=empty
an	en2	PROadv	MORPH=empty
mout	mout	ADVgen	MORPH=empty
de	de	PRE	MORPH=empty
par	par	PRE	MORPH=empty
moi	je	PROper	MORPH=empty
.	.	PONfrt	MORPH=empty
Si	si	ADVgen	MORPH=empty
ferai	faire	VERcjg	MORPH=empty
ge	je	PROper	MORPH=empty
,	,	PONfbl	MORPH=empty
sire	seignor	NOMcom	MORPH=empty
,	,	PONfbl	MORPH=empty
par	par	PRE	MORPH=empty
foi	foi	NOMcom	MORPH=empty
,	,	PONfbl	MORPH=empty
fet	faire	VERcjg	MORPH=empty
la	le	DETdef	MORPH=empty
pucele	pucele	NOMcom	MORPH=empty
,	,	PONfbl	MORPH=empty
volantiers	volentiers	ADVgen	MORPH=empty
,	,	PONfbl	MORPH=empty
et	et	CONcoo	MORPH=empty
vos	vos	PROper	MORPH=empty
porroiz	pöoir	VERcjg	MORPH=empty
andemantiers	endementieres	ADVgen	MORPH=empty
vestir	vestir	VERinf	MORPH=empty
et	et	CONcoo	MORPH=empty
esgarder	esgarder	VERinf	MORPH=empty
ces	ce2	DETdem	MORPH=empty
estres	estre2	NOMcom	MORPH=empty
de	de	PRE	MORPH=empty
cest	cest	DETdem	MORPH=empty
païs	päis	NOMcom	MORPH=empty
par	par	PRE	MORPH=empty
ces	ce2	DETdem	MORPH=empty
fenestres	fenestre	NOMcom	MORPH=empty
;	;	PONfbl	MORPH=empty
puis	puis	ADVgen	MORPH=empty
porroiz	pöoir	VERcjg	MORPH=empty
,	,	PONfbl	MORPH=empty
se	se	CONsub	MORPH=empty
vos	vos	PROper	MORPH=empty
plest	plaire	VERcjg	MORPH=empty
,	,	PONfbl	MORPH=empty
monter	monter	VERinf	MORPH=empty
an	en1	PRE	MORPH=empty
cele	cel	DETdem	MORPH=empty
tor	tor2	NOMcom	MORPH=empty
por	por2	PRE	MORPH=empty
esgarder	esgarder	VERinf	MORPH=empty
forez	forest	NOMcom	MORPH=empty
et	et	CONcoo	MORPH=empty
plainnes	plaigne	NOMcom	MORPH=empty
et	et	CONcoo	MORPH=empty
rivieres	riviere	NOMcom	MORPH=empty
tant	tant	ADVgen	MORPH=empty
que	que4	CONsub	MORPH=empty
ge	je	PROper	MORPH=empty
revanrai	revenir	VERcjg	MORPH=empty
arrieres	ariere	ADVgen	MORPH=empty
.	.	PONfrt	MORPH=empty
"	"	PONpxx	MORPH=empty
Atant	atant	ADVgen	MORPH=empty
la	le	DETdef	MORPH=empty
pucele	pucele	NOMcom	MORPH=empty
s'	soi1	PROper	MORPH=empty
an	en2	PROadv	MORPH=empty
torne	torner	VERcjg	MORPH=empty
.	.	PONfrt	MORPH=empty
et	et	CONcoo	MORPH=empty
messire	seignor	NOMcom	MORPH=empty
Gauvains	Gauvain	NOMpro	MORPH=empty
s'	soi1	PROper	MORPH=empty
atorne	atorner	VERcjg	MORPH=empty
de	de	PRE	MORPH=empty
la	le	DETdef	MORPH=empty
robe	robe	NOMcom	MORPH=empty
,	,	PONfbl	MORPH=empty
qui	qui	PROrel	MORPH=empty
mout	mout	ADVgen	MORPH=empty
fu	estre1	VERcjg	MORPH=empty
riche	riche	ADJqua	MORPH=empty
,	,	PONfbl	MORPH=empty
et	et	CONcoo	MORPH=empty
son	son4	DETpos	MORPH=empty
col	col	NOMcom	MORPH=empty
d'	de	PRE	MORPH=empty
un	un	DETndf	MORPH=empty
fermail	fermail	NOMcom	MORPH=empty
afiche	afichier	VERcjg	MORPH=empty
qui	qui	PROrel	MORPH=empty
pandoit	pendre	VERcjg	MORPH=empty
a	a3	PRE	MORPH=empty
la	le	DETdef	MORPH=empty
cheveçaille	cheveçaille	NOMcom	MORPH=empty
.	.	PONfrt	MORPH=empty
Puis	puis	ADVgen	MORPH=empty
a	avoir	VERcjg	MORPH=empty
talant	talent	NOMcom	MORPH=empty
que	que4	CONsub	MORPH=empty
veoir	vëoir	VERinf	MORPH=empty
aille	aler	VERcjg	MORPH=empty
les	le	DETdef	MORPH=empty
estres	estre3	NOMcom	MORPH=empty
qui	qui	PROrel	MORPH=empty
an	en1	PRE	MORPH=empty
la	le	DETdef	MORPH=empty
tor	tor2	NOMcom	MORPH=empty
sont	estre1	VERcjg	MORPH=empty
.	.	PONfrt	MORPH=empty
Antre	entre	PRE	MORPH=empty
lui	il	PROper	MORPH=empty
et	et	CONcoo	MORPH=empty
son	son4	DETpos	MORPH=empty
oste	oste	NOMcom	MORPH=empty
mont	monter	VERcjg	MORPH=empty
i	i2	PROadv	MORPH=empty
vont	aler	VERcjg	MORPH=empty
,	,	PONfbl	MORPH=empty
si	si	ADVgen	MORPH=empty
s'	soi1	PROper	MORPH=empty
an	en2	PROadv	MORPH=empty
montent	monter	VERcjg	MORPH=empty
par	par	PRE	MORPH=empty
une	un	DETndf	MORPH=empty
viz	viz	NOMcom	MORPH=empty
ancoste	encoste	PRE	MORPH=empty
le	le	DETdef	MORPH=empty
palés	palais2	NOMcom	MORPH=empty
vostiz	voutiz	ADJqua	MORPH=empty
tant	tant	ADVgen	MORPH=empty
qu'	que4	CONsub	MORPH=empty
il	il	PROper	MORPH=empty
vindrent	venir	VERcjg	MORPH=empty
anson	enson	PRE	MORPH=empty
la	le	DETdef	MORPH=empty
tor	tor2	NOMcom	MORPH=empty
et	et	CONcoo	MORPH=empty
virent	vëoir	VERcjg	MORPH=empty
le	le	DETdef	MORPH=empty
païs	päis	NOMcom	MORPH=empty
antor	entor	ADVgen	MORPH=empty
,	,	PONfbl	MORPH=empty
plus	plus	ADVgen	MORPH=empty
bel	bel1	ADJqua	MORPH=empty
que	que1	CONsub	MORPH=empty
nus	nul	PROind	MORPH=empty
ne	ne1	ADVneg	MORPH=empty
porroit	pöoir	VERcjg	MORPH=empty
dire	dire	VERinf	MORPH=empty
.	.	PONfrt	MORPH=empty
Messire	seignor	NOMcom	MORPH=empty
Gauvains	Gauvain	NOMpro	MORPH=empty
tot	tot	ADVgen	MORPH=empty
remire	remirer	VERcjg	MORPH=empty
les	le	DETdef	MORPH=empty
rivieres	riviere	NOMcom	MORPH=empty
et	et	CONcoo	MORPH=empty
terres	terre	NOMcom	MORPH=empty
plainnes	plain	ADJqua	MORPH=empty
et	et	CONcoo	MORPH=empty
les	le	DETdef	MORPH=empty
forez	forest	NOMcom	MORPH=empty
de	de	PRE	MORPH=empty
bestes	beste	NOMcom	MORPH=empty
plainnes	plein	ADJqua	MORPH=empty
,	,	PONfbl	MORPH=empty
s'	si	ADVgen	MORPH=empty
an	en2	PROadv	MORPH=empty
a	avoir	VERcjg	MORPH=empty
son	son4	DETpos	MORPH=empty
oste	oste	NOMcom	MORPH=empty
regardé	regarder	VERppe	MORPH=empty
et	et	CONcoo	MORPH=empty
si	si	ADVgen	MORPH=empty
li	il	PROper	MORPH=empty
dist	dire	VERcjg	MORPH=empty
:	:	PONfbl	MORPH=empty
"	"	PONpxx	MORPH=empty
Ostes	oste	NOMcom	MORPH=empty
,	,	PONfbl	MORPH=empty
par	par	PRE	MORPH=empty
Dé	Dieu	NOMpro	MORPH=empty
,	,	PONfbl	MORPH=empty
ci	ci	ADVgen	MORPH=empty
me	je	PROper	MORPH=empty
plest	plaire	VERcjg	MORPH=empty
mout	mout	ADVgen	MORPH=empty
a	a3	PRE	MORPH=empty
converser	converser	VERinf	MORPH=empty
por	por2	PRE	MORPH=empty
aler	aler	VERinf	MORPH=empty
chacier	chacier	VERinf	MORPH=empty
et	et	CONcoo	MORPH=empty
berser	berser	VERinf	MORPH=empty
an	en1	PRE	MORPH=empty
ces	ce2	DETdem	MORPH=empty
forez	forest	NOMcom	MORPH=empty
ci	ci	ADVgen	MORPH=empty
delez	dalez	PRE	MORPH=empty
nos	nos1	PROper	MORPH=empty
.	.	PONfrt	MORPH=empty
Sire	seignor	NOMcom	MORPH=empty
,	,	PONfbl	MORPH=empty
de	de	PRE	MORPH=empty
ce	ce1	PROdem	MORPH=empty
vos	vos	PROper	MORPH=empty
poez	pöoir	VERcjg	MORPH=empty
vos	vos	PROper	MORPH=empty
,	,	PONfbl	MORPH=empty
fet	faire	VERcjg	MORPH=empty
li	le	DETdef	MORPH=empty
notoniers	notonier	NOMcom	MORPH=empty
,	,	PONfbl	MORPH=empty
mout	mout	ADVgen	MORPH=empty
bien	bien1	ADVgen	MORPH=empty
tere	taire	VERinf	MORPH=empty
,	,	PONfbl	MORPH=empty
que	que4	CONcoo	MORPH=empty
j'	je	PROper	MORPH=empty
ai	avoir	VERcjg	MORPH=empty
oï	öir	VERppe	MORPH=empty
sovant	sovent	ADVgen	MORPH=empty
retrere	retraire	VERinf	MORPH=empty
que	que4	CONsub	MORPH=empty
cil	cel	PROdem	MORPH=empty
cui	cui	PROrel	MORPH=empty
Dex	Dieu	NOMpro	MORPH=empty
tant	tant	ADVgen	MORPH=empty
ameroit	amer1	VERcjg	MORPH=empty
que	que4	CONsub	MORPH=empty
l'	le	DETdef	MORPH=empty
an	on	PROind	MORPH=empty
ceanz	çaienz	ADVgen	MORPH=empty
le	il	PROper	MORPH=empty
clameroit	clamer	VERcjg	MORPH=empty
mestre	maistre	NOMcom	MORPH=empty
et	et	CONcoo	MORPH=empty
seignor	seignor	NOMcom	MORPH=empty
et	et	CONcoo	MORPH=empty
avoé	avöé	NOMcom	MORPH=empty
,	,	PONfbl	MORPH=empty
qu'	que4	CONcoo	MORPH=empty
il	il	PROimp	MORPH=empty
est	estre1	VERcjg	MORPH=empty
establi	establir	VERppe	MORPH=empty
et	et	CONcoo	MORPH=empty
voé	vöer1	VERppe	MORPH=empty
qu'	que4	CONsub	MORPH=empty
il	il	PROper	MORPH=empty
ja	ja	ADVgen	MORPH=empty
mes	mais1	ADVgen	MORPH=empty
de	de	PRE	MORPH=empty
ceste	cest	DETdem	MORPH=empty
meison	maison	NOMcom	MORPH=empty
n'	ne1	ADVneg	MORPH=empty
istroit	issir	VERcjg	MORPH=empty
,	,	PONfbl	MORPH=empty
ou	o3	CONcoo	MORPH=empty
fust	estre1	VERcjg	MORPH=empty
torz	tort2	NOMcom	MORPH=empty
ou	o3	CONcoo	MORPH=empty
reison	raison	NOMcom	MORPH=empty
.	.	PONfrt	MORPH=empty
Por	por2	PRE	MORPH=empty
ce	ce1	PROdem	MORPH=empty
ne	ne1	ADVneg	MORPH=empty
vos	vos	PROper	MORPH=empty
covient	covenir	VERcjg	MORPH=empty
parler	parler	VERinf	MORPH=empty
ne	ne2	CONcoo	MORPH=empty
de	de	PRE	MORPH=empty
chacier	chacier	VERinf	MORPH=empty
ne	ne2	CONcoo	MORPH=empty
de	de	PRE	MORPH=empty
berser	berser	VERinf	MORPH=empty
,	,	PONfbl	MORPH=empty
que	que4	CONsub	MORPH=empty
ceanz	çaienz	ADVgen	MORPH=empty
avez	avoir	VERcjg	MORPH=empty
le	le	DETdef	MORPH=empty
sejor	sejor	NOMcom	MORPH=empty
;	;	PONfbl	MORPH=empty
ja	ja	ADVgen	MORPH=empty
mes	mais1	ADVgen	MORPH=empty
n'	ne1	ADVneg	MORPH=empty
an	en2	PROadv	MORPH=empty
istroiz	issir	VERcjg	MORPH=empty
a	a3	PRE	MORPH=empty
nul	nul	DETind	MORPH=empty
jor	jor	NOMcom	MORPH=empty
.	.	PONfrt	MORPH=empty
Ostes	oste	NOMcom	MORPH=empty
,	,	PONfbl	MORPH=empty
fet	faire	VERcjg	MORPH=empty
il	il	PROper	MORPH=empty
,	,	PONfbl	MORPH=empty
teisiez	taire	VERcjg	MORPH=empty
vos	vos	PROper	MORPH=empty
an	en2	PROadv	MORPH=empty
!	!	PONfrt	MORPH=empty
Ja	ja	ADVgen	MORPH=empty
me	je	PROper	MORPH=empty
gitereiez	jeter	VERcjg	MORPH=empty
del	de+le	PRE.DETdef	MORPH=empty
san	sen2	NOMcom	MORPH=empty
se	se	CONsub	MORPH=empty
plus	plus	ADVgen	MORPH=empty
dire	dire	VERinf	MORPH=empty
le	il	PROper	MORPH=empty
vos	vos	PROper	MORPH=empty
ooie	öir	VERcjg	MORPH=empty
.	.	PONfrt	MORPH=empty
Si	si	ADVgen	MORPH=empty
m'	je	PROper	MORPH=empty
aïst	aidier	VERcjg	MORPH=empty
Dex	Dieu	NOMpro	MORPH=empty
,	,	PONfbl	MORPH=empty
ge	je	PROper	MORPH=empty
ne	ne1	ADVneg	MORPH=empty
porroie	pöoir	VERcjg	MORPH=empty
jusqu'	jusque	PRE	MORPH=empty
a	a3	PRE	MORPH=empty
.vii.	7	DETcar	MORPH=empty
jorz	jor	NOMcom	MORPH=empty
vivre	vivre1	VERinf	MORPH=empty
ceanz	çaienz	ADVgen	MORPH=empty
ne	ne1	ADVneg	MORPH=empty
plus	plus	ADVgen	MORPH=empty
que	que1	CONsub	MORPH=empty
jusqu'	jusque	PRE	MORPH=empty
a	a3	PRE	MORPH=empty
.vii.xx.	140	DETcar	MORPH=empty
anz	an	NOMcom	MORPH=empty
,	,	PONfbl	MORPH=empty
por	por2	PRE	MORPH=empty
ce	ce1	PROdem	MORPH=empty
que	que4	CONsub	MORPH=empty
ge	je	PROper	MORPH=empty
ne	ne1	ADVneg	MORPH=empty
m'	je	PROper	MORPH=empty
an	en2	PROadv	MORPH=empty
ississe	issir	VERcjg	MORPH=empty
totes	tot	DETind	MORPH=empty
les	le	DETdef	MORPH=empty
foiz	foiz	NOMcom	MORPH=empty
que	que2	PROrel	MORPH=empty
ge	je	PROper	MORPH=empty
volsisse	voloir	VERcjg	MORPH=empty
.	.	PONfrt	MORPH=empty
"	"	PONpxx	MORPH=empty
Atant	atant	ADVgen	MORPH=empty
s'	soi1	PROper	MORPH=empty
an	en2	PROadv	MORPH=empty
est	estre1	VERcjg	MORPH=empty
jus	jus1	ADVgen	MORPH=empty
avalez	avaler	VERppe	MORPH=empty
,	,	PONfbl	MORPH=empty
si	si	ADVgen	MORPH=empty
s'	soi1	PROper	MORPH=empty
an	en2	PROadv	MORPH=empty
rest	restre	VERcjg	MORPH=empty
el	en1+le	PRE.DETdef	MORPH=empty
palés	palais2	NOMcom	MORPH=empty
antrez	entrer	VERppe	MORPH=empty
.	.	PONfrt	MORPH=empty
Mout	mout	ADVgen	MORPH=empty
correciez	corrocier	VERppe	MORPH=empty
et	et	CONcoo	MORPH=empty
mout	mout	ADVgen	MORPH=empty
pansis	pensif	ADJqua	MORPH=empty
se	soi1	PROper	MORPH=empty
rest	restre	VERcjg	MORPH=empty
desor	desor	PRE	MORPH=empty
le	le	DETdef	MORPH=empty
lit	lit1	NOMcom	MORPH=empty
assis	asseoir	VERppe	MORPH=empty
a	a3	PRE	MORPH=empty
chiere	chiere	NOMcom	MORPH=empty
mout	mout	ADVgen	MORPH=empty
pansive	pensif	ADJqua	MORPH=empty
et	et	CONcoo	MORPH=empty
morne	morne	ADJqua	MORPH=empty
,	,	PONfbl	MORPH=empty
tant	tant	ADVgen	MORPH=empty
que	que4	CONsub	MORPH=empty
la	le	DETdef	MORPH=empty
pucele	pucele	NOMcom	MORPH=empty
retorne	retorner	VERcjg	MORPH=empty
qui	qui	PROrel	MORPH=empty
devant	devant	ADVgen	MORPH=empty
esté	estre1	VERppe	MORPH=empty
i	i2	PROadv	MORPH=empty
avoit	avoir	VERcjg	MORPH=empty
.	.	PONfrt	MORPH=empty
Qant	cant1	CONsub	MORPH=empty
messire	seignor	NOMcom	MORPH=empty
Gauvains	Gauvain	NOMpro	MORPH=empty
la	il	PROper	MORPH=empty
voit	vëoir	VERcjg	MORPH=empty
,	,	PONfbl	MORPH=empty
si	si	ADVgen	MORPH=empty
s'	soi1	PROper	MORPH=empty
est	estre1	VERcjg	MORPH=empty
ancontre	encontre1	PRE	MORPH=empty
li	il	PROper	MORPH=empty
dreciez	drecier	VERcjg	MORPH=empty
si	si	ADVgen	MORPH=empty
con	come1	CONsub	MORPH=empty
il	il	PROper	MORPH=empty
estoit	estre1	VERcjg	MORPH=empty
correciez	corrocier	VERppe	MORPH=empty
,	,	PONfbl	MORPH=empty
si	si	ADVgen	MORPH=empty
l'	il	PROper	MORPH=empty
a	avoir	VERcjg	MORPH=empty
maintenant	maintenant	ADVgen	MORPH=empty
saluee	salüer	VERppe	MORPH=empty
;	;	PONfbl	MORPH=empty
et	et	CONcoo	MORPH=empty
cele	cel	PROdem	MORPH=empty
vit	vëoir	VERcjg	MORPH=empty
qu'	que4	CONsub	MORPH=empty
il	il	PROper	MORPH=empty
ot	avoir	VERcjg	MORPH=empty
muee	müer	VERppe	MORPH=empty
la	le	DETdef	MORPH=empty
color	color	NOMcom	MORPH=empty
et	et	CONcoo	MORPH=empty
la	le	DETdef	MORPH=empty
contenance	contenance	NOMcom	MORPH=empty
,	,	PONfbl	MORPH=empty
si	si	ADVgen	MORPH=empty
parut	paroir	VERcjg	MORPH=empty
bien	bien1	ADVgen	MORPH=empty
a	a3	PRE	MORPH=empty
sa	son4	DETpos	MORPH=empty
sanblance	semblance	NOMcom	MORPH=empty
qu'	que4	CONsub	MORPH=empty
il	il	PROper	MORPH=empty
ert	estre1	VERcjg	MORPH=empty
iriez	irier	ADJqua	MORPH=empty
d'	de	PRE	MORPH=empty
aucune	aucun	DETind	MORPH=empty
chose	chose	NOMcom	MORPH=empty
,	,	PONfbl	MORPH=empty
mes	mais1	CONcoo	MORPH=empty
sanblant	semblant	NOMcom	MORPH=empty
fere	faire	VERinf	MORPH=empty
ne	ne1	ADVneg	MORPH=empty
l'	il	PROper	MORPH=empty
an	en2	PROadv	MORPH=empty
ose	oser	VERcjg	MORPH=empty
,	,	PONfbl	MORPH=empty
einz	ainz	ADVgen	MORPH=empty
dit	dire	VERcjg	MORPH=empty
:	:	PONfbl	MORPH=empty
"	"	PONpxx	MORPH=empty
Sire	seignor	NOMcom	MORPH=empty
,	,	PONfbl	MORPH=empty
quant	cant1	CONsub	MORPH=empty
vos	vos	PROper	MORPH=empty
pleira	plaire	VERcjg	MORPH=empty
,	,	PONfbl	MORPH=empty
ma	mon1	DETpos	MORPH=empty
dame	dame	NOMcom	MORPH=empty
veoir	vëoir	VERinf	MORPH=empty
vos	vos	PROper	MORPH=empty
vanra	venir	VERcjg	MORPH=empty
.	.	PONfrt	MORPH=empty
Et	et	CONcoo	MORPH=empty
li	le	DETdef	MORPH=empty
mangiers	mangier	VERinf	MORPH=empty
est	estre1	VERcjg	MORPH=empty
atornez	atorner	VERppe	MORPH=empty
,	,	PONfbl	MORPH=empty
si	si	ADVgen	MORPH=empty
mangeroiz	mangier	VERcjg	MORPH=empty
,	,	PONfbl	MORPH=empty
se	se	CONsub	MORPH=empty
vos	vos	PROper	MORPH=empty
volez	voloir	VERcjg	MORPH=empty
,	,	PONfbl	MORPH=empty
ou	o3	CONcoo	MORPH=empty
ça	ça	ADVgen	MORPH=empty
aval	aval	ADVgen	MORPH=empty
ou	o3	CONcoo	MORPH=empty
la	là	ADVgen	MORPH=empty
amont	amont	ADVgen	MORPH=empty
.	.	PONfrt	MORPH=empty
"	"	PONpxx	MORPH=empty
Et	et	CONcoo	MORPH=empty
messire	seignor	NOMcom	MORPH=empty
Gauvains	Gauvain	NOMpro	MORPH=empty
respont	respondre1	VERcjg	MORPH=empty
:	:	PONfbl	MORPH=empty
"	"	PONpxx	MORPH=empty
Bele	bel1	ADJqua	MORPH=empty
,	,	PONfbl	MORPH=empty
ge	je	PROper	MORPH=empty
n'	ne1	ADVneg	MORPH=empty
ai	avoir	VERcjg	MORPH=empty
de	de	PRE	MORPH=empty
mangier	mangier	VERinf	MORPH=empty
cure	cure	NOMcom	MORPH=empty
.	.	PONfrt	MORPH=empty
Li	le	DETdef	MORPH=empty
miens	mien	ADJpos	MORPH=empty
cors	cors1	NOMcom	MORPH=empty
ait	avoir	VERcjg	MORPH=empty
male	mal1	ADJqua	MORPH=empty
avanture	aventure	NOMcom	MORPH=empty
quant	cant1	CONsub	MORPH=empty
mangerai	mangier	VERcjg	MORPH=empty
ne	ne2	CONcoo	MORPH=empty
n'	ne1	ADVneg	MORPH=empty
avrei	avoir	VERcjg	MORPH=empty
joie	joie	NOMcom	MORPH=empty
devant	devant	ADVgen	MORPH=empty
qu'	que4	CONsub	MORPH=empty
autres	autre	DETind	MORPH=empty
noveles	novele	NOMcom	MORPH=empty
oie	öir	VERcjg	MORPH=empty
don	dont	PROrel	MORPH=empty
ge	je	PROper	MORPH=empty
me	je	PROper	MORPH=empty
puisse	pöoir	VERcjg	MORPH=empty
resjoïr	resjöir	VERinf	MORPH=empty
,	,	PONfbl	MORPH=empty
que	que4	CONcoo	MORPH=empty
grant	grant	ADJqua	MORPH=empty
mestier	mestier	NOMcom	MORPH=empty
ai	avoir	VERcjg	MORPH=empty
de	de	PRE	MORPH=empty
l'	il	PROper	MORPH=empty
oïr	öir	VERinf	MORPH=empty
.	.	PONfrt	MORPH=empty
"	"	PONpxx	MORPH=empty
La	le	DETdef	MORPH=empty
pucele	pucele	NOMcom	MORPH=empty
,	,	PONfbl	MORPH=empty
mout	mout	ADVgen	MORPH=empty
esbaïe	esbäir	VERppe	MORPH=empty
,	,	PONfbl	MORPH=empty
s'	soi1	PROper	MORPH=empty
an	en2	PROadv	MORPH=empty
est	estre1	VERcjg	MORPH=empty
maintenant	maintenant	ADVgen	MORPH=empty
repeirie	repairier	VERppe	MORPH=empty
;	;	PONfbl	MORPH=empty
et	et	CONcoo	MORPH=empty
la	le	DETdef	MORPH=empty
reïne	röine1	NOMcom	MORPH=empty
l'	il	PROper	MORPH=empty
an	en2	PROadv	MORPH=empty
apele	apeler	VERcjg	MORPH=empty
,	,	PONfbl	MORPH=empty
si	si	ADVgen	MORPH=empty
li	il	PROper	MORPH=empty
demande	demander	VERcjg	MORPH=empty
quel	quel1	DETrel	MORPH=empty
novele	novele	NOMcom	MORPH=empty
:	:	PONfbl	MORPH=empty
"	"	PONpxx	MORPH=empty
Bele	bel1	ADJqua	MORPH=empty
niece	niece	NOMcom	MORPH=empty
,	,	PONfbl	MORPH=empty
fet	faire	VERcjg	MORPH=empty
la	le	DETdef	MORPH=empty
reïne	röine1	NOMcom	MORPH=empty
,	,	PONfbl	MORPH=empty
de	de	PRE	MORPH=empty
quel	quel1	DETrel	MORPH=empty
estre	estre2	NOMcom	MORPH=empty
,	,	PONfbl	MORPH=empty
de	de	PRE	MORPH=empty
quel	quel1	DETrel	MORPH=empty
covine	covine	NOMcom	MORPH=empty
avez	avoir	VERcjg	MORPH=empty
le	le	DETdef	MORPH=empty
boen	bon	ADJqua	MORPH=empty
seignor	seignor	NOMcom	MORPH=empty
trové	trover	VERppe	MORPH=empty
que	que2	PROrel	MORPH=empty
Dex	Dieu	NOMpro	MORPH=empty
nos	nos1	PROper	MORPH=empty
a	avoir	VERcjg	MORPH=empty
ceanz	çaienz	ADVgen	MORPH=empty
doné	doner	VERppe	MORPH=empty
?	?	PONfrt	MORPH=empty
Ha	ha	INJ	MORPH=empty
!	!	PONfrt	MORPH=empty
gentix	gentil	ADJqua	MORPH=empty
reïne	röine1	NOMcom	MORPH=empty
enoree	onorer	VERppe	MORPH=empty
,	,	PONfbl	MORPH=empty
de	de	PRE	MORPH=empty
duel	duel	NOMcom	MORPH=empty
sui	estre1	VERcjg	MORPH=empty
morte	morir	VERppe	MORPH=empty
et	et	CONcoo	MORPH=empty
acoree	acorer	VERppe	MORPH=empty
del	de+le	PRE.DETdef	MORPH=empty
franc	franc1	ADJqua	MORPH=empty
chevalier	chevalier	NOMcom	MORPH=empty
debonaire	debonaire	ADJqua	MORPH=empty
dom	dont	PROrel	MORPH=empty
an	on	PROind	MORPH=empty
ne	ne1	ADVneg	MORPH=empty
puet	pöoir	VERcjg	MORPH=empty
parole	parole	NOMcom	MORPH=empty
traire	traire	VERinf	MORPH=empty
qui	qui	PROrel	MORPH=empty
ne	ne1	ADVneg	MORPH=empty
soit	estre1	VERcjg	MORPH=empty
de	de	PRE	MORPH=empty
corroz	corroz	NOMcom	MORPH=empty
ou	o3	CONcoo	MORPH=empty
d'	de	PRE	MORPH=empty
ire	ire	NOMcom	MORPH=empty
.	.	PONfrt	MORPH=empty
Et	et	CONcoo	MORPH=empty
le	le	DETdef	MORPH=empty
por	por2	PRE	MORPH=empty
coi	coi2	PROrel	MORPH=empty
ne	ne1	ADVneg	MORPH=empty
vos	vos	PROper	MORPH=empty
sai	savoir	VERcjg	MORPH=empty
dire	dire	VERinf	MORPH=empty
,	,	PONfbl	MORPH=empty
qu'	que4	CONcoo	MORPH=empty
il	il	PROper	MORPH=empty
nel	ne1+il	ADVneg.PROper	MORPH=empty
m'	je	PROper	MORPH=empty
a	avoir	VERcjg	MORPH=empty
dit	dire	VERppe	MORPH=empty
ne	ne2	CONcoo	MORPH=empty
ge	je	PROper	MORPH=empty
nel	ne1+il	ADVneg.PROper	MORPH=empty
sai	savoir	VERcjg	MORPH=empty
ne	ne2	CONcoo	MORPH=empty
demander	demander	VERinf	MORPH=empty
ne	ne1	ADVneg	MORPH=empty
li	il	PROper	MORPH=empty
osai	oser	VERcjg	MORPH=empty
.	.	PONfrt	MORPH=empty
Mes	mais1	CONcoo	MORPH=empty
bien	bien1	ADVgen	MORPH=empty
vos	vos	PROper	MORPH=empty
sai	savoir	VERcjg	MORPH=empty
dire	dire	VERinf	MORPH=empty
de	de	PRE	MORPH=empty
lui	il	PROper	MORPH=empty
que	que4	CONsub	MORPH=empty
la	le	DETdef	MORPH=empty
premiere	premier	ADJord	MORPH=empty
foiz	foiz	NOMcom	MORPH=empty
gehui	jehui	ADVgen	MORPH=empty
le	il	PROper	MORPH=empty
trovai	trover	VERcjg	MORPH=empty
si	si	ADVgen	MORPH=empty
bien	bien1	ADVgen	MORPH=empty
afeitié	afaitier	VERppe	MORPH=empty
,	,	PONfbl	MORPH=empty
si	si	ADVgen	MORPH=empty
bien	bien1	ADVgen	MORPH=empty
parlant	parler	VERppa	MORPH=empty
et	et	CONcoo	MORPH=empty
anseignié	enseignier	VERppe	MORPH=empty
qu'	que4	CONsub	MORPH=empty
an	on	PROind	MORPH=empty
ne	ne1	ADVneg	MORPH=empty
s'	soi1	PROper	MORPH=empty
an	en2	PROadv	MORPH=empty
pooit	pöoir	VERcjg	MORPH=empty
saoler	säoler	VERinf	MORPH=empty
,	,	PONfbl	MORPH=empty
de	de	PRE	MORPH=empty
ses	son4	DETpos	MORPH=empty
paroles	parole	NOMcom	MORPH=empty
escoter	escouter	VERinf	MORPH=empty
ne	ne2	CONcoo	MORPH=empty
de	de	PRE	MORPH=empty
veoir	vëoir	VERinf	MORPH=empty
sa	son4	DETpos	MORPH=empty
bele	bel1	ADJqua	MORPH=empty
chiere	chiere	NOMcom	MORPH=empty
;	;	PONfbl	MORPH=empty
or	or4	ADVgen	MORPH=empty
est	estre1	VERcjg	MORPH=empty
si	si	ADVgen	MORPH=empty
toz	tot	ADVgen	MORPH=empty
d'	de	PRE	MORPH=empty
autre	autre	DETind	MORPH=empty
meniere	maniere	NOMcom	MORPH=empty
qu'	que4	CONsub	MORPH=empty
il	il	PROper	MORPH=empty
voldroit	voloir	VERcjg	MORPH=empty
estre	estre1	VERinf	MORPH=empty
morz	morir	VERppe	MORPH=empty
,	,	PONfbl	MORPH=empty
ce	ce1	PROdem	MORPH=empty
cuit	cuidier1	VERcjg	MORPH=empty
.	.	PONfrt	MORPH=empty
Il	il	PROper	MORPH=empty
ne	ne1	ADVneg	MORPH=empty
voit	vëoir	VERcjg	MORPH=empty
rien	rien	PROind	MORPH=empty
ne	ne1	ADVneg	MORPH=empty
li	il	PROper	MORPH=empty
enuit	enoiier	VERcjg	MORPH=empty
.	.	PONfrt	MORPH=empty
Ma	mon1	DETpos	MORPH=empty
niece	niece	NOMcom	MORPH=empty
,	,	PONfbl	MORPH=empty
or	or4	ADVgen	MORPH=empty
ne	ne1	ADVneg	MORPH=empty
vos	vos	PROper	MORPH=empty
esmaiez	esmaiier	VERcjg	MORPH=empty
,	,	PONfbl	MORPH=empty
que	que4	CONcoo	MORPH=empty
il	il	PROper	MORPH=empty
sera	estre1	VERcjg	MORPH=empty
toz	tot	ADVgen	MORPH=empty
rapaiez	rapaiier	VERppe	MORPH=empty
maintenant	maintenant	ADVgen	MORPH=empty
que	que4	CONsub	MORPH=empty
il	il	PROper	MORPH=empty
me	je	PROper	MORPH=empty
verra	vëoir	VERcjg	MORPH=empty
.	.	PONfrt	MORPH=empty
Ja	ja	ADVgen	MORPH=empty
si	si	ADVgen	MORPH=empty
grant	grant	ADJqua	MORPH=empty
ire	ire	NOMcom	MORPH=empty
el	en1+le	PRE.DETdef	MORPH=empty
cuer	cuer2	NOMcom	MORPH=empty
n'	ne1	ADVneg	MORPH=empty
avra	avoir	VERcjg	MORPH=empty
que	que4	CONsub	MORPH=empty
tost	tost1	ADVgen	MORPH=empty
ne	ne1	ADVneg	MORPH=empty
l'	il	PROper	MORPH=empty
an	en2	PROadv	MORPH=empty
aie	avoir	VERcjg	MORPH=empty
fors	fors1	ADVgen	MORPH=empty
mise	metre2	VERppe	MORPH=empty
et	et	CONcoo	MORPH=empty
grant	grant	ADJqua	MORPH=empty
joie	joie	NOMcom	MORPH=empty
an	en1	PRE	MORPH=empty
leu	lieu	NOMcom	MORPH=empty
d'	de	PRE	MORPH=empty
ire	ire	NOMcom	MORPH=empty
mise	metre2	VERppe	MORPH=empty
.	.	PONfrt	MORPH=empty
"	"	PONpxx	MORPH=empty
Lors	lors	ADVgen	MORPH=empty
s'	soi1	PROper	MORPH=empty
est	estre1	VERcjg	MORPH=empty
la	le	DETdef	MORPH=empty
reïne	röine1	NOMcom	MORPH=empty
esmeüe	esmovoir	VERppe	MORPH=empty
,	,	PONfbl	MORPH=empty
si	si	ADVgen	MORPH=empty
s'	soi1	PROper	MORPH=empty
an	en2	PROadv	MORPH=empty
est	estre1	VERcjg	MORPH=empty
el	en1+le	PRE.DETdef	MORPH=empty
palés	palais2	NOMcom	MORPH=empty
venue	venir	VERppe	MORPH=empty
,	,	PONfbl	MORPH=empty
et	et	CONcoo	MORPH=empty
l'	le	DETdef	MORPH=empty
autre	autre	ADJind	MORPH=empty
reïne	röine1	NOMcom	MORPH=empty
avoec	avuec	PRE	MORPH=empty
li	il	PROper	MORPH=empty
,	,	PONfbl	MORPH=empty
cui	cui	PROrel	MORPH=empty
li	le	DETdef	MORPH=empty
alers	aler	VERinf	MORPH=empty
mout	mout	ADVgen	MORPH=empty
abeli	abel1ir	VERcjg	MORPH=empty
,	,	PONfbl	MORPH=empty
et	et	CONcoo	MORPH=empty
si	si	ADVgen	MORPH=empty
menerent	mener	VERcjg	MORPH=empty
avoec	avuec	PRE	MORPH=empty
eles	il	PROper	MORPH=empty
bien	bien1	ADVgen	MORPH=empty
.c.	100	DETcar	MORPH=empty
.l.	50	DETcar	MORPH=empty
dameiseles	damoisele	NOMcom	MORPH=empty
et	et	CONcoo	MORPH=empty
autretant	autretant	ADVgen	MORPH=empty
vaslez	vaslet	NOMcom	MORPH=empty
au	a3+le	PRE.DETdef	MORPH=empty
mains	moins	ADVgen	MORPH=empty
.	.	PONfrt	MORPH=empty
Tantost	tantost	ADVgen	MORPH=empty
que	que4	CONsub	MORPH=empty
messire	seignor	NOMcom	MORPH=empty
Gauvains	Gauvain	NOMpro	MORPH=empty
voit	vëoir	VERcjg	MORPH=empty
la	le	DETdef	MORPH=empty
reïne	röine1	NOMcom	MORPH=empty
qui	qui	PROrel	MORPH=empty
venoit	venir	VERcjg	MORPH=empty
et	et	CONcoo	MORPH=empty
l'	le	DETdef	MORPH=empty
autre	autre	PROind	MORPH=empty
par	par	PRE	MORPH=empty
la	le	DETdef	MORPH=empty
main	main2	NOMcom	MORPH=empty
tenoit	tenir1	VERcjg	MORPH=empty
,	,	PONfbl	MORPH=empty
et	et	CONcoo	MORPH=empty
ses	son4	DETpos	MORPH=empty
cuers	cuer2	NOMcom	MORPH=empty
li	il	PROper	MORPH=empty
dit	dire	VERcjg	MORPH=empty
et	et	CONcoo	MORPH=empty
devine	deviner	VERcjg	MORPH=empty
que	que4	CONsub	MORPH=empty
ce	ce1	PROdem	MORPH=empty
estoit	estre1	VERcjg	MORPH=empty
cele	cel	DETdem	MORPH=empty
reïne	röine1	NOMcom	MORPH=empty
dom	dont	PROrel	MORPH=empty
il	il	PROper	MORPH=empty
avoit	avoir	VERcjg	MORPH=empty
oï	öir	VERppe	MORPH=empty
parler	parler	VERinf	MORPH=empty
;	;	PONfbl	MORPH=empty
mes	mais1	CONcoo	MORPH=empty
asez	assez	ADVgen	MORPH=empty
le	il	PROper	MORPH=empty
puet	pöoir	VERcjg	MORPH=empty
deviner	deviner	VERinf	MORPH=empty
a	a3	PRE	MORPH=empty
ce	ce1	PROdem	MORPH=empty
qu'	que4	CONsub	MORPH=empty
il	il	PROper	MORPH=empty
vit	vëoir	VERcjg	MORPH=empty
les	le	DETdef	MORPH=empty
treces	trece	NOMcom	MORPH=empty
blanches	blanc	ADJqua	MORPH=empty
qui	qui	PROrel	MORPH=empty
li	il	PROper	MORPH=empty
pandoient	pendre	VERcjg	MORPH=empty
sor	sor2	PRE	MORPH=empty
les	le	DETdef	MORPH=empty
hanches	hanche	NOMcom	MORPH=empty
,	,	PONfbl	MORPH=empty
et	et	CONcoo	MORPH=empty
fu	estre1	VERcjg	MORPH=empty
d'	de	PRE	MORPH=empty
un	un	DETndf	MORPH=empty
diapre	dïaspre	NOMcom	MORPH=empty
vestue	vestir	VERppe	MORPH=empty
,	,	PONfbl	MORPH=empty
blanc	blanc	ADJqua	MORPH=empty
a	a3	PRE	MORPH=empty
fil	fil1	NOMcom	MORPH=empty
d'	de	PRE	MORPH=empty
or	or1	NOMcom	MORPH=empty
,	,	PONfbl	MORPH=empty
d'	de	PRE	MORPH=empty
uevre	uevre	NOMcom	MORPH=empty
menue	menu	ADJqua	MORPH=empty
.	.	PONfrt	MORPH=empty
Qant	cant1	CONsub	MORPH=empty
messire	seignor	NOMcom	MORPH=empty
Gauvains	Gauvain	NOMpro	MORPH=empty
l'	il	PROper	MORPH=empty
esgarde	esgarder	VERcjg	MORPH=empty
,	,	PONfbl	MORPH=empty
d'	de	PRE	MORPH=empty
aler	aler	VERinf	MORPH=empty
contre	contre	PRE	MORPH=empty
li	il	PROper	MORPH=empty
ne	ne1	ADVneg	MORPH=empty
se	soi1	PROper	MORPH=empty
tarde	tarder	VERcjg	MORPH=empty
,	,	PONfbl	MORPH=empty
si	si	ADVgen	MORPH=empty
la	il	PROper	MORPH=empty
salue	salüer	VERcjg	MORPH=empty
et	et	CONcoo	MORPH=empty
ele	il	PROper	MORPH=empty
lui	il	PROper	MORPH=empty
.	.	PONfrt	MORPH=empty
Ele	il	PROper	MORPH=empty
li	il	PROper	MORPH=empty
dist	dire	VERcjg	MORPH=empty
:	:	PONfbl	MORPH=empty
"	"	PONpxx	MORPH=empty
Sire	seignor	NOMcom	MORPH=empty
,	,	PONfbl	MORPH=empty
ge	je	PROper	MORPH=empty
sui	estre1	VERcjg	MORPH=empty
dame	dame	NOMcom	MORPH=empty
aprés	après	PRE	MORPH=empty
vos	vos	PROper	MORPH=empty
de	de	PRE	MORPH=empty
cest	cest	DETdem	MORPH=empty
palés	palais2	NOMcom	MORPH=empty
.	.	PONfrt	MORPH=empty
La	le	DETdef	MORPH=empty
seignorie	seignorie	NOMcom	MORPH=empty
vos	vos	PROper	MORPH=empty
an	en2	PROadv	MORPH=empty
les	laissier	VERcjg	MORPH=empty
,	,	PONfbl	MORPH=empty
que	que4	CONcoo	MORPH=empty
mout	mout	ADVgen	MORPH=empty
l'	il	PROper	MORPH=empty
avez	avoir	VERcjg	MORPH=empty
bien	bien1	ADVgen	MORPH=empty
desservie	deservir	VERppe	MORPH=empty
.	.	PONfrt	MORPH=empty
Mes	mais1	ADVgen	MORPH=empty
estes	estre1	VERcjg	MORPH=empty
vos	vos	PROper	MORPH=empty
de	de	PRE	MORPH=empty
la	le	DETdef	MORPH=empty
mesnie	maisniee	NOMcom	MORPH=empty
le	le	DETdef	MORPH=empty
roi	roi2	NOMcom	MORPH=empty
Artus	Artu	NOMpro	MORPH=empty
?	?	PONfrt	MORPH=empty
Dame	dame	NOMcom	MORPH=empty
,	,	PONfbl	MORPH=empty
oïl	öil	ADVgen	MORPH=empty
voir	voir	ADVgen	MORPH=empty
.	.	PONfrt	MORPH=empty
Et	et	CONcoo	MORPH=empty
estes	estre1	VERcjg	MORPH=empty
vos	vos	PROper	MORPH=empty
,	,	PONfbl	MORPH=empty
gel	je+il	PROper.PROper	MORPH=empty
voel	voloir	VERcjg	MORPH=empty
savoir	savoir	VERinf	MORPH=empty
,	,	PONfbl	MORPH=empty
des	de+le	PRE.DETdef	MORPH=empty
chevaliers	chevalier	NOMcom	MORPH=empty
de	de	PRE	MORPH=empty
l'	le	DETdef	MORPH=empty
eschargaite	eschargaite	NOMcom	MORPH=empty
,	,	PONfbl	MORPH=empty
qui	qui	PROrel	MORPH=empty
ont	avoir	VERcjg	MORPH=empty
mainte	maint	DETind	MORPH=empty
proesce	pröece	NOMcom	MORPH=empty
faite	faire	VERppe	MORPH=empty
?	?	PONfrt	MORPH=empty
Dame	dame	NOMcom	MORPH=empty
,	,	PONfbl	MORPH=empty
nenil	nenil	ADVneg	MORPH=empty
.	.	PONfrt	MORPH=empty
Bien	bien1	ADVgen	MORPH=empty
vos	vos	PROper	MORPH=empty
an	en2	PROadv	MORPH=empty
croi	croire	VERcjg	MORPH=empty
.	.	PONfrt	MORPH=empty
Et	et	CONcoo	MORPH=empty
estes	estre1	VERcjg	MORPH=empty
vos	vos	PROper	MORPH=empty
,	,	PONfbl	MORPH=empty
dites	dire	VERcjg	MORPH=empty
le	il	PROper	MORPH=empty
moi	je	PROper	MORPH=empty
,	,	PONfbl	MORPH=empty
de	de	PRE	MORPH=empty
ces	ce2	PROdem	MORPH=empty
de	de	PRE	MORPH=empty
la	le	DETdef	MORPH=empty
Table	table	NOMcom	MORPH=empty
Reonde	rëont	ADJqua	MORPH=empty
,	,	PONfbl	MORPH=empty
des	de+le	PRE.DETdef	MORPH=empty
meillors	meillor	ADJqua	MORPH=empty
chevaliers	chevalier	NOMcom	MORPH=empty
del	de+le	PRE.DETdef	MORPH=empty
monde	monde1	NOMcom	MORPH=empty
?	?	PONfrt	MORPH=empty
Dame	dame	NOMcom	MORPH=empty
,	,	PONfbl	MORPH=empty
fet	faire	VERcjg	MORPH=empty
il	il	PROper	MORPH=empty
,	,	PONfbl	MORPH=empty
ge	je	PROper	MORPH=empty
n'	ne1	ADVneg	MORPH=empty
oseroie	oser	VERcjg	MORPH=empty
dire	dire	VERinf	MORPH=empty
que	que4	CONsub	MORPH=empty
des	de+le	PRE.DETdef	MORPH=empty
plus	plus	ADVgen	MORPH=empty
prisiez	prisier	VERppe	MORPH=empty
soie	estre1	VERcjg	MORPH=empty
.	.	PONfrt	MORPH=empty
Ne	ne1	ADVneg	MORPH=empty
me	je	PROper	MORPH=empty
faz	faire	VERcjg	MORPH=empty
mie	mie	ADVneg	MORPH=empty
des	de+le	PRE.DETdef	MORPH=empty
meillors	meillor	ADJqua	MORPH=empty
ne	ne2	CONcoo	MORPH=empty
ne	ne1	ADVneg	MORPH=empty
cuit	cuidier1	VERcjg	MORPH=empty
estre	estre1	VERinf	MORPH=empty
des	de+le	PRE.DETdef	MORPH=empty
peiors	pejor	NOMcom	MORPH=empty
.	.	PONfrt	MORPH=empty
"	"	PONpxx	MORPH=empty
Et	et	CONcoo	MORPH=empty
ele	il	PROper	MORPH=empty
li	il	PROper	MORPH=empty
respont	respondre1	VERcjg	MORPH=empty
:	:	PONfbl	MORPH=empty
"	"	PONpxx	MORPH=empty
Biau	bel1	ADJqua	MORPH=empty
sire	seignor	NOMcom	MORPH=empty
,	,	PONfbl	MORPH=empty
grant	grant	ADJqua	MORPH=empty
corteisie	cortoisie	NOMcom	MORPH=empty
vos	vos	PROper	MORPH=empty
oi	avoir	VERcjg	MORPH=empty
dire	dire	VERinf	MORPH=empty
,	,	PONfbl	MORPH=empty
qui	qui	PROrel	MORPH=empty
ne	ne1	ADVneg	MORPH=empty
vos	vos	PROper	MORPH=empty
ametez	ametre	VERcjg	MORPH=empty
le	le	DETdef	MORPH=empty
pris	pris1	NOMcom	MORPH=empty
del	de+le	PRE.DETdef	MORPH=empty
mialz	mieus	ADVgen	MORPH=empty
,	,	PONfbl	MORPH=empty
ne	ne2	CONcoo	MORPH=empty
del	de+le	PRE.DETdef	MORPH=empty
blasme	blasme	NOMcom	MORPH=empty
le	le	DETdef	MORPH=empty
pis	pis1	ADVgen	MORPH=empty
.	.	PONfrt	MORPH=empty
Mes	mais1	CONcoo	MORPH=empty
or	or4	ADVgen	MORPH=empty
me	je	PROper	MORPH=empty
dites	dire	VERcjg	MORPH=empty
del	de+le	PRE.DETdef	MORPH=empty
roi	roi2	NOMcom	MORPH=empty
Lot	Lot	NOMpro	MORPH=empty
,	,	PONfbl	MORPH=empty
de	de	PRE	MORPH=empty
sa	son4	DETpos	MORPH=empty
fame	feme	NOMcom	MORPH=empty
quant	cant2	DETrel	MORPH=empty
filz	fil2	NOMcom	MORPH=empty
il	il	PROper	MORPH=empty
ot	avoir	VERcjg	MORPH=empty
.	.	PONfrt	MORPH=empty
Dame	dame	NOMcom	MORPH=empty
,	,	PONfbl	MORPH=empty
.iiii.	4	PROcar	MORPH=empty
Or	or4	ADVgen	MORPH=empty
les	il	PROper	MORPH=empty
me	je	PROper	MORPH=empty
nomez	nomer	VERcjg	MORPH=empty
.	.	PONfrt	MORPH=empty
Dame	dame	NOMcom	MORPH=empty
,	,	PONfbl	MORPH=empty
Gauvains	Gauvain	NOMpro	MORPH=empty
est	estre1	VERcjg	MORPH=empty
li	le	DETdef	MORPH=empty
ainznez	ainzné	NOMcom	MORPH=empty
,	,	PONfbl	MORPH=empty
et	et	CONcoo	MORPH=empty
li	le	DETdef	MORPH=empty
seconz	secont1	PROord	MORPH=empty
est	estre1	VERcjg	MORPH=empty
Agravains	Agrevain	NOMpro	MORPH=empty
,	,	PONfbl	MORPH=empty
li	le	DETdef	MORPH=empty
Orguilleus	orgoillos	ADJqua	MORPH=empty
as	a3+le	PRE.DETdef	MORPH=empty
dures	dur	ADJqua	MORPH=empty
mains	main2	NOMcom	MORPH=empty
;	;	PONfbl	MORPH=empty
Kaeriez	Gaherïet	NOMpro	MORPH=empty
et	et	CONcoo	MORPH=empty
Gaerés	Guerehes	NOMpro	MORPH=empty
ont	avoir	VERcjg	MORPH=empty
non	nom	NOMcom	MORPH=empty
li	le	DETdef	MORPH=empty
altre	autre	ADJind	MORPH=empty
dui	deus	PROcar	MORPH=empty
aprés	après	ADVgen	MORPH=empty
.	.	PONfrt	MORPH=empty
"	"	PONpxx	MORPH=empty
Et	et	CONcoo	MORPH=empty
la	le	DETdef	MORPH=empty
reïne	röine1	NOMcom	MORPH=empty
li	il	PROper	MORPH=empty
redist	redire	VERcjg	MORPH=empty
:	:	PONfbl	MORPH=empty
Sire	seignor	NOMcom	MORPH=empty
,	,	PONfbl	MORPH=empty
se	se	CONsub	MORPH=empty
Damedex	Damnedeu	NOMpro	MORPH=empty
m'	je	PROper	MORPH=empty
aïst	aidier	VERcjg	MORPH=empty
,	,	PONfbl	MORPH=empty
ensi	ainsi	ADVgen	MORPH=empty
ont	avoir	VERcjg	MORPH=empty
il	il	PROper	MORPH=empty
non	nom	NOMcom	MORPH=empty
,	,	PONfbl	MORPH=empty
ce	ce1	PROdem	MORPH=empty
me	je	PROper	MORPH=empty
sanble	sembler	VERcjg	MORPH=empty
.	.	PONfrt	MORPH=empty
Car	car	ADVgen	MORPH=empty
pleüst	plaire	VERcjg	MORPH=empty
Deu	Dieu	NOMpro	MORPH=empty
que	que4	CONsub	MORPH=empty
tuit	tot	PROind	MORPH=empty
ansanble	ensemble	ADVgen	MORPH=empty
fussent	estre1	VERcjg	MORPH=empty
or	or4	ADVgen	MORPH=empty
ci	ci	ADVgen	MORPH=empty
avoeques	avuec	PRE	MORPH=empty
nos	nos1	PROper	MORPH=empty
!	!	PONfrt	MORPH=empty
Or	or4	ADVgen	MORPH=empty
me	je	PROper	MORPH=empty
dites	dire	VERcjg	MORPH=empty
,	,	PONfbl	MORPH=empty
conuissiez	conoistre	VERcjg	MORPH=empty
vos	vos	PROper	MORPH=empty
le	le	DETdef	MORPH=empty
roi	roi2	NOMcom	MORPH=empty
Urien	Uriien	NOMpro	MORPH=empty
?	?	PONfrt	MORPH=empty
Dame	dame	NOMcom	MORPH=empty
,	,	PONfbl	MORPH=empty
oïl	öil	ADVgen	MORPH=empty
.	.	PONfrt	MORPH=empty
Et	et	CONcoo	MORPH=empty
a	avoir	VERcjg	MORPH=empty
il	il	PROper	MORPH=empty
a	a3	PRE	MORPH=empty
la	le	DETdef	MORPH=empty
cort	cort1	NOMcom	MORPH=empty
nul	nul	DETind	MORPH=empty
fil	fil2	NOMcom	MORPH=empty
?	?	PONfrt	MORPH=empty
Dame	dame	NOMcom	MORPH=empty
,	,	PONfbl	MORPH=empty
oïl	öil	ADVgen	MORPH=empty
,	,	PONfbl	MORPH=empty
.ii.	2	PROcar	MORPH=empty
de	de	PRE	MORPH=empty
grant	grant	ADJqua	MORPH=empty
renon	renom	NOMcom	MORPH=empty
.	.	PONfrt	MORPH=empty
Li	le	DETdef	MORPH=empty
uns	un	PROind	MORPH=empty
messire	seignor	NOMcom	MORPH=empty
Yveins	Yvain	NOMpro	MORPH=empty
a	avoir	VERcjg	MORPH=empty
non	nom	NOMcom	MORPH=empty
,	,	PONfbl	MORPH=empty
li	le	DETdef	MORPH=empty
cortois	cortois	ADJqua	MORPH=empty
,	,	PONfbl	MORPH=empty
li	le	DETdef	MORPH=empty
bien	bien1	ADVgen	MORPH=empty
afeitiez	afaitier	VERppe	MORPH=empty
.	.	PONfrt	MORPH=empty
Tot	tot	DETind	MORPH=empty
le	le	DETdef	MORPH=empty
jor	jor	NOMcom	MORPH=empty
an	en2	PROadv	MORPH=empty
sui	estre1	VERcjg	MORPH=empty
plus	plus	ADVgen	MORPH=empty
heitiez	haitier	VERppe	MORPH=empty
quant	cant1	CONsub	MORPH=empty
au	a3+le	PRE.DETdef	MORPH=empty
matin	matin2	NOMcom	MORPH=empty
veoir	vëoir	VERinf	MORPH=empty
le	il	PROper	MORPH=empty
puis	pöoir	VERcjg	MORPH=empty
,	,	PONfbl	MORPH=empty
tant	tant	ADVgen	MORPH=empty
sage	sage	ADJqua	MORPH=empty
et	et	CONcoo	MORPH=empty
tant	tant	ADVgen	MORPH=empty
cortois	cortois	ADJqua	MORPH=empty
le	il	PROper	MORPH=empty
truis	trover	VERcjg	MORPH=empty
.	.	PONfrt	MORPH=empty
Et	et	CONcoo	MORPH=empty
li	le	DETdef	MORPH=empty
autres	autre	PROind	MORPH=empty
a	avoir	VERcjg	MORPH=empty
non	nom	NOMcom	MORPH=empty
Yvains	Yvain	NOMpro	MORPH=empty
,	,	PONfbl	MORPH=empty
qui	qui	PROrel	MORPH=empty
n'	ne1	ADVneg	MORPH=empty
est	estre1	VERcjg	MORPH=empty
pas	pas	ADVneg	MORPH=empty
ses	son4	DETpos	MORPH=empty
freres	frere	NOMcom	MORPH=empty
germains	germain	ADJqua	MORPH=empty
,	,	PONfbl	MORPH=empty
por	por2	PRE	MORPH=empty
ce	ce1	PROdem	MORPH=empty
l'	il	PROper	MORPH=empty
apele	apeler	VERcjg	MORPH=empty
l'	le	DETdef	MORPH=empty
an	on	PROind	MORPH=empty
Avoutre	avoutre	ADJqua	MORPH=empty
,	,	PONfbl	MORPH=empty
que	que4	CONcoo	MORPH=empty
cil	cel	PROdem	MORPH=empty
toz	tot	DETind	MORPH=empty
les	le	DETdef	MORPH=empty
chevaliers	chevalier	NOMcom	MORPH=empty
outre	outrer	VERcjg	MORPH=empty
qui	qui	PROrel	MORPH=empty
meslee	meslee	NOMcom	MORPH=empty
prenent	prendre	VERcjg	MORPH=empty
a	a3	PRE	MORPH=empty
lui	il	PROper	MORPH=empty
.	.	PONfrt	MORPH=empty
Cil	cel	PROdem	MORPH=empty
sont	estre1	VERcjg	MORPH=empty
a	a3	PRE	MORPH=empty
la	le	DETdef	MORPH=empty
cort	cort1	NOMcom	MORPH=empty
amedui	ambedos	PROcar	MORPH=empty
mout	mout	ADVgen	MORPH=empty
preu	pro	ADJqua	MORPH=empty
,	,	PONfbl	MORPH=empty
mout	mout	ADVgen	MORPH=empty
sage	sage	ADJqua	MORPH=empty
et	et	CONcoo	MORPH=empty
mout	mout	ADVgen	MORPH=empty
cortois	cortois	ADJqua	MORPH=empty
.	.	PONfrt	MORPH=empty
Biax	bel1	ADJqua	MORPH=empty
sire	seignor	NOMcom	MORPH=empty
,	,	PONfbl	MORPH=empty
fet	faire	VERcjg	MORPH=empty
ele	il	PROper	MORPH=empty
,	,	PONfbl	MORPH=empty
li	le	DETdef	MORPH=empty
rois	roi2	NOMcom	MORPH=empty
Artus	Artu	NOMpro	MORPH=empty
,	,	PONfbl	MORPH=empty
comant	coment1	ADVint	MORPH=empty
se	soi1	PROper	MORPH=empty
contient	contenir	VERcjg	MORPH=empty
ore	or4	ADVgen	MORPH=empty
?	?	PONfrt	MORPH=empty
Mialz	mieus	ADVgen	MORPH=empty
qu'	que1	CONsub	MORPH=empty
il	il	PROper	MORPH=empty
ne	ne1	ADVneg	MORPH=empty
fist	faire	VERcjg	MORPH=empty
onques	onque	ADVgen	MORPH=empty
ancore	encore	ADVgen	MORPH=empty
,	,	PONfbl	MORPH=empty
plus	plus	ADVgen	MORPH=empty
sains	sain	ADJqua	MORPH=empty
et	et	CONcoo	MORPH=empty
plus	plus	ADVgen	MORPH=empty
haitiez	haitier	VERppe	MORPH=empty
,	,	PONfbl	MORPH=empty
plus	plus	ADVgen	MORPH=empty
forz	fort	ADJqua	MORPH=empty
.	.	PONfrt	MORPH=empty
Par	par	PRE	MORPH=empty
foi	foi	NOMcom	MORPH=empty
,	,	PONfbl	MORPH=empty
fet	faire	VERcjg	MORPH=empty
el	il	PROper	MORPH=empty
,	,	PONfbl	MORPH=empty
ce	ce1	PROdem	MORPH=empty
n'	ne1	ADVneg	MORPH=empty
est	estre1	VERcjg	MORPH=empty
pas	pas	ADVneg	MORPH=empty
torz	tort2	NOMcom	MORPH=empty
.	.	PONfrt	MORPH=empty
Il	il	PROper	MORPH=empty
est	estre1	VERcjg	MORPH=empty
anfes	enfant	NOMcom	MORPH=empty
,	,	PONfbl	MORPH=empty
li	le	DETdef	MORPH=empty
rois	roi2	NOMcom	MORPH=empty
Artus	Artu	NOMpro	MORPH=empty
.	.	PONfrt	MORPH=empty
S'	se	CONsub	MORPH=empty
il	il	PROper	MORPH=empty
a	avoir	VERcjg	MORPH=empty
.c.	100	DETcar	MORPH=empty
anz	an	NOMcom	MORPH=empty
,	,	PONfbl	MORPH=empty
il	il	PROper	MORPH=empty
n'	ne1	ADVneg	MORPH=empty
a	avoir	VERcjg	MORPH=empty
pas	pas	ADVneg	MORPH=empty
plus	plus	ADVgen	MORPH=empty
ne	ne2	CONcoo	MORPH=empty
plus	plus	ADVgen	MORPH=empty
ne	ne1	ADVneg	MORPH=empty
puet	pöoir	VERcjg	MORPH=empty
il	il	PROper	MORPH=empty
pas	pas	ADVneg	MORPH=empty
avoir	avoir	VERinf	MORPH=empty
.	.	PONfrt	MORPH=empty
Mes	mais1	CONcoo	MORPH=empty
ancor	encore	ADVgen	MORPH=empty
voel	voloir	VERcjg	MORPH=empty
de	de	PRE	MORPH=empty
vos	vos	PROper	MORPH=empty
savoir	savoir	VERinf	MORPH=empty
que	que4	CONsub	MORPH=empty
vos	vos	PROper	MORPH=empty
me	je	PROper	MORPH=empty
dites	dire	VERcjg	MORPH=empty
seulemant	solement2	ADVgen	MORPH=empty
de	de	PRE	MORPH=empty
l'	le	DETdef	MORPH=empty
estre	estre2	NOMcom	MORPH=empty
et	et	CONcoo	MORPH=empty
del	de+le	PRE.DETdef	MORPH=empty
contenement	contenement	NOMcom	MORPH=empty
la	le	DETdef	MORPH=empty
reïne	röine1	NOMcom	MORPH=empty
,	,	PONfbl	MORPH=empty
s'	se	CONsub	MORPH=empty
il	il	PROimp	MORPH=empty
ne	ne1	ADVneg	MORPH=empty
vos	vos	PROper	MORPH=empty
poise	peser	VERcjg	MORPH=empty
.	.	PONfrt	MORPH=empty
Certes	certes	ADVgen	MORPH=empty
,	,	PONfbl	MORPH=empty
dame	dame	NOMcom	MORPH=empty
,	,	PONfbl	MORPH=empty
tant	tant	ADVgen	MORPH=empty
est	estre1	VERcjg	MORPH=empty
cortoise	cortois	ADJqua	MORPH=empty
et	et	CONcoo	MORPH=empty
tant	tant	ADVgen	MORPH=empty
est	estre1	VERcjg	MORPH=empty
bele	bel1	ADJqua	MORPH=empty
et	et	CONcoo	MORPH=empty
tant	tant	ADVgen	MORPH=empty
est	estre1	VERcjg	MORPH=empty
sage	sage	ADJqua	MORPH=empty
que	que4	CONsub	MORPH=empty
Dex	Dieu	NOMpro	MORPH=empty
ne	ne1	ADVneg	MORPH=empty
fist	faire	VERcjg	MORPH=empty
loi	loi3	NOMcom	MORPH=empty
ne	ne2	CONcoo	MORPH=empty
lengage	langage	NOMcom	MORPH=empty
ou	où	PROrel	MORPH=empty
l'	le	DETdef	MORPH=empty
an	on	PROind	MORPH=empty
trovast	trover	VERcjg	MORPH=empty
si	si	ADVgen	MORPH=empty
sage	sage	ADJqua	MORPH=empty
dame	dame	NOMcom	MORPH=empty
.	.	PONfrt	MORPH=empty
Puis	puis	ADVgen	MORPH=empty
que	que4	CONsub	MORPH=empty
Dex	Dieu	NOMpro	MORPH=empty
la	le	DETdef	MORPH=empty
premiere	premier	ADJord	MORPH=empty
fame	feme	NOMcom	MORPH=empty
ot	avoir	VERcjg	MORPH=empty
de	de	PRE	MORPH=empty
la	le	DETdef	MORPH=empty
coste	coste2	NOMcom	MORPH=empty
Adan	Adam	NOMpro	MORPH=empty
formee	former	VERppe	MORPH=empty
,	,	PONfbl	MORPH=empty
ne	ne1	ADVneg	MORPH=empty
fu	estre1	VERcjg	MORPH=empty
dame	dame	NOMcom	MORPH=empty
si	si	ADVgen	MORPH=empty
renomee	renomer	VERppe	MORPH=empty
;	;	PONfbl	MORPH=empty
et	et	CONcoo	MORPH=empty
ele	il	PROper	MORPH=empty
le	il	PROper	MORPH=empty
doit	devoir	VERcjg	MORPH=empty
mout	mout	ADVgen	MORPH=empty
bien	bien1	ADVgen	MORPH=empty
estre	estre1	VERinf	MORPH=empty
,	,	PONfbl	MORPH=empty
qu'	que4	CONcoo	MORPH=empty
ausins	aussi	ADVgen	MORPH=empty
come	come1	CONsub	MORPH=empty
li	le	DETdef	MORPH=empty
sages	sage	ADJqua	MORPH=empty
mestre	maistre	NOMcom	MORPH=empty
les	le	DETdef	MORPH=empty
petiz	petit	ADJqua	MORPH=empty
anfanz	enfant	NOMcom	MORPH=empty
andoctrine	endoctriner	VERcjg	MORPH=empty
,	,	PONfbl	MORPH=empty
ausi	aussi	ADVgen	MORPH=empty
ma	mon1	DETpos	MORPH=empty
dame	dame	NOMcom	MORPH=empty
la	le	DETdef	MORPH=empty
reïne	röine1	NOMcom	MORPH=empty
tot	tot	DETind	MORPH=empty
le	le	DETdef	MORPH=empty
monde	monde1	NOMcom	MORPH=empty
anseigne	enseignier	VERcjg	MORPH=empty
et	et	CONcoo	MORPH=empty
aprant	aprendre	VERcjg	MORPH=empty
,	,	PONfbl	MORPH=empty
que	que4	CONsub	MORPH=empty
de	de	PRE	MORPH=empty
li	il	PROper	MORPH=empty
toz	tot	DETind	MORPH=empty
li	le	DETdef	MORPH=empty
biens	bien2	NOMcom	MORPH=empty
descent	descendre	VERcjg	MORPH=empty
,	,	PONfbl	MORPH=empty
car	car	CONcoo	MORPH=empty
de	de	PRE	MORPH=empty
li	il	PROper	MORPH=empty
vient	venir	VERcjg	MORPH=empty
et	et	CONcoo	MORPH=empty
de	de	PRE	MORPH=empty
li	il	PROper	MORPH=empty
muet	movoir	VERcjg	MORPH=empty
.	.	PONfrt	MORPH=empty
De	de	PRE	MORPH=empty
ma	mon1	DETpos	MORPH=empty
dame	dame	NOMcom	MORPH=empty
partir	partir	VERinf	MORPH=empty
ne	ne1	ADVneg	MORPH=empty
puet	pöoir	VERcjg	MORPH=empty
nus	nul	PROind	MORPH=empty
qui	qui	PROrel	MORPH=empty
desconselliez	desconseillier	VERppe	MORPH=empty
s'	soi1	PROper	MORPH=empty
an	en2	PROadv	MORPH=empty
aut	aler	VERcjg	MORPH=empty
,	,	PONfbl	MORPH=empty
qu'	que4	CONcoo	MORPH=empty
ele	il	PROper	MORPH=empty
set	savoir	VERcjg	MORPH=empty
bien	bien1	ADVgen	MORPH=empty
que	que2	PROrel	MORPH=empty
chascuns	chascun	PROind	MORPH=empty
vaut	valoir	VERcjg	MORPH=empty
et	et	CONcoo	MORPH=empty
que	que2	PROrel	MORPH=empty
an	on	PROind	MORPH=empty
doit	devoir	VERcjg	MORPH=empty
a	a3	PRE	MORPH=empty
chascun	chascun	PROind	MORPH=empty
fere	faire	VERinf	MORPH=empty
por	por2	PRE	MORPH=empty
ce	ce1	PROdem	MORPH=empty
qu'	que4	CONsub	MORPH=empty
ele	il	PROper	MORPH=empty
li	il	PROper	MORPH=empty
doie	devoir	VERcjg	MORPH=empty
plere	plaire	VERinf	MORPH=empty
.	.	PONfrt	MORPH=empty
Nus	nul	DETind	MORPH=empty
hom	ome	NOMcom	MORPH=empty
bien	bien2	NOMcom	MORPH=empty
ne	ne2	CONcoo	MORPH=empty
enor	onor	NOMcom	MORPH=empty
ne	ne1	ADVneg	MORPH=empty
fait	faire	VERcjg	MORPH=empty
a	a3	PRE	MORPH=empty
cui	cui	PROrel	MORPH=empty
ma	mon1	DETpos	MORPH=empty
dame	dame	NOMcom	MORPH=empty
apris	aprendre	VERppe	MORPH=empty
ne	ne1	ADVneg	MORPH=empty
l'	il	PROper	MORPH=empty
ait	avoir	VERcjg	MORPH=empty
,	,	PONfbl	MORPH=empty
ne	ne2	CONcoo	MORPH=empty
ja	ja	ADVgen	MORPH=empty
nus	nul	PROind	MORPH=empty
n'	ne1	ADVneg	MORPH=empty
iert	estre1	VERcjg	MORPH=empty
si	si	ADVgen	MORPH=empty
desheitiez	deshaitier	VERppe	MORPH=empty
qui	qui	PROrel	MORPH=empty
de	de	PRE	MORPH=empty
ma	mon1	DETpos	MORPH=empty
dame	dame	NOMcom	MORPH=empty
parte	partir	VERcjg	MORPH=empty
iriez	irier	ADJqua	MORPH=empty
.	.	PONfrt	MORPH=empty
Nel	ne1+il	ADVneg.PROper	MORPH=empty
feroiz	faire	VERcjg	MORPH=empty
vos	vos	PROper	MORPH=empty
,	,	PONfbl	MORPH=empty
sire	seignor	NOMcom	MORPH=empty
,	,	PONfbl	MORPH=empty
de	de	PRE	MORPH=empty
moi	je	PROper	MORPH=empty
.	.	PONfrt	MORPH=empty
Dame	dame	NOMcom	MORPH=empty
,	,	PONfbl	MORPH=empty
fet	faire	VERcjg	MORPH=empty
il	il	PROper	MORPH=empty
,	,	PONfbl	MORPH=empty
bien	bien1	ADVgen	MORPH=empty
vos	vos	PROper	MORPH=empty
an	en2	PROadv	MORPH=empty
croi	croire	VERcjg	MORPH=empty
que	que4	CONsub	MORPH=empty
ençois	ainçois	ADVgen	MORPH=empty
que	que4	CONsub	MORPH=empty
ge	je	PROper	MORPH=empty
vos	vos	PROper	MORPH=empty
veïsse	vëoir	VERcjg	MORPH=empty
ne	ne1	ADVneg	MORPH=empty
me	je	PROper	MORPH=empty
chaloit	chaloir	VERcjg	MORPH=empty
que	que2	PROrel	MORPH=empty
ge	je	PROper	MORPH=empty
feïsse	faire	VERcjg	MORPH=empty
,	,	PONfbl	MORPH=empty
tant	tant	ADVgen	MORPH=empty
estoie	estre1	VERcjg	MORPH=empty
maz	mat	ADJqua	MORPH=empty
et	et	CONcoo	MORPH=empty
dolanz	dolent	ADJqua	MORPH=empty
.	.	PONfrt	MORPH=empty
Or	or4	ADVgen	MORPH=empty
sui	estre1	VERcjg	MORPH=empty
si	si	ADVgen	MORPH=empty
liez	lié1	ADJqua	MORPH=empty
et	et	CONcoo	MORPH=empty
si	si	ADVgen	MORPH=empty
joianz	joiant	ADJqua	MORPH=empty
que	que4	CONsub	MORPH=empty
ge	je	PROper	MORPH=empty
nel	ne1+il	ADVneg.PROper	MORPH=empty
porroie	pöoir	VERcjg	MORPH=empty
plus	plus	ADVgen	MORPH=empty
estre	estre1	VERinf	MORPH=empty
.	.	PONfrt	MORPH=empty
Sire	seignor	NOMcom	MORPH=empty
,	,	PONfbl	MORPH=empty
par	par	PRE	MORPH=empty
Deu	Dieu	NOMpro	MORPH=empty
qui	qui	PROrel	MORPH=empty
me	je	PROper	MORPH=empty
fist	faire	VERcjg	MORPH=empty
nestre	naistre	VERinf	MORPH=empty
,	,	PONfbl	MORPH=empty
fet	faire	VERcjg	MORPH=empty
la	le	DETdef	MORPH=empty
reïne	röine1	NOMcom	MORPH=empty
as	a3+le	PRE.DETdef	MORPH=empty
blanches	blanc	ADJqua	MORPH=empty
treces	trece	NOMcom	MORPH=empty
,	,	PONfbl	MORPH=empty
ancor	encore	ADVgen	MORPH=empty
dobleront	dobler	VERcjg	MORPH=empty
voz	vostre	DETpos	MORPH=empty
leeces	lëece	NOMcom	MORPH=empty
et	et	CONcoo	MORPH=empty
crestra	croistre	VERcjg	MORPH=empty
vostre	vostre	DETpos	MORPH=empty
joie	joie	NOMcom	MORPH=empty
adés	adès	ADVgen	MORPH=empty
,	,	PONfbl	MORPH=empty
et	et	CONcoo	MORPH=empty
si	si	ADVgen	MORPH=empty
ne	ne1	ADVneg	MORPH=empty
vos	vos	PROper	MORPH=empty
faudra	falir	VERcjg	MORPH=empty
ja	ja	ADVgen	MORPH=empty
mes	mais1	ADVgen	MORPH=empty
.	.	PONfrt	MORPH=empty
Et	et	CONcoo	MORPH=empty
quant	cant1	CONsub	MORPH=empty
vos	vos	PROper	MORPH=empty
estes	estre1	VERcjg	MORPH=empty
bauz	baut	ADJqua	MORPH=empty
et	et	CONcoo	MORPH=empty
liez	lié1	ADJqua	MORPH=empty
,	,	PONfbl	MORPH=empty
li	le	DETdef	MORPH=empty
mangiers	mangier	VERinf	MORPH=empty
est	estre1	VERcjg	MORPH=empty
aparelliez	apareillier1	VERppe	MORPH=empty
,	,	PONfbl	MORPH=empty
si	si	ADVgen	MORPH=empty
mangeroiz	mangier	VERcjg	MORPH=empty
quant	cant1	CONsub	MORPH=empty
vos	vos	PROper	MORPH=empty
pleira	plaire	VERcjg	MORPH=empty
,	,	PONfbl	MORPH=empty
an	en1	PRE	MORPH=empty
quelque	quel1	DETind	MORPH=empty
leu	lieu	NOMcom	MORPH=empty
que	que2	PROrel	MORPH=empty
vos	vos	PROper	MORPH=empty
serra	sëoir	VERcjg	MORPH=empty
:	:	PONfbl	MORPH=empty
se	se	CONsub	MORPH=empty
vos	vos	PROper	MORPH=empty
plest	plaire	VERcjg	MORPH=empty
,	,	PONfbl	MORPH=empty
ceisus	ça	ADVgen	MORPH=empty
mangeroiz	mangier	VERcjg	MORPH=empty
,	,	PONfbl	MORPH=empty
et	et	CONcoo	MORPH=empty
,	,	PONfbl	MORPH=empty
s'	se	CONsub	MORPH=empty
il	il	PROimp	MORPH=empty
vos	vos	PROper	MORPH=empty
plest	plaire	VERcjg	MORPH=empty
,	,	PONfbl	MORPH=empty
vos	vos	PROper	MORPH=empty
an	en2	PROadv	MORPH=empty
vanroiz	venir	VERcjg	MORPH=empty
an	en1	PRE	MORPH=empty
mes	mon1	DETpos	MORPH=empty
chanbres	chambre1	NOMcom	MORPH=empty
leanz	laienz	ADVgen	MORPH=empty
mangier	mangier	VERinf	MORPH=empty
.	.	PONfrt	MORPH=empty
Dame	dame	NOMcom	MORPH=empty
,	,	PONfbl	MORPH=empty
je	je	PROper	MORPH=empty
ne	ne1	ADVneg	MORPH=empty
quier	querre	VERcjg	MORPH=empty
ja	ja	ADVgen	MORPH=empty
changier	changier	VERinf	MORPH=empty
por	por2	PRE	MORPH=empty
nule	nul	DETind	MORPH=empty
chanbre	chambre1	NOMcom	MORPH=empty
cest	cest	DETdem	MORPH=empty
palés	palais2	NOMcom	MORPH=empty
,	,	PONfbl	MORPH=empty
que	que4	CONcoo	MORPH=empty
l'	le	DETdef	MORPH=empty
an	on	PROind	MORPH=empty
me	je	PROper	MORPH=empty
dit	dire	VERcjg	MORPH=empty
que	que4	CONsub	MORPH=empty
onques	onque	ADVgen	MORPH=empty
mes	mais1	ADVgen	MORPH=empty
chevaliers	chevalier	NOMcom	MORPH=empty
n'	ne1	ADVneg	MORPH=empty
i	i2	PROadv	MORPH=empty
manja	mangier	VERcjg	MORPH=empty
ne	ne2	CONcoo	MORPH=empty
sist	sëoir	VERcjg	MORPH=empty
.	.	PONfrt	MORPH=empty
Non	non	ADVneg	MORPH=empty
,	,	PONfbl	MORPH=empty
sire	seignor	NOMcom	MORPH=empty
,	,	PONfbl	MORPH=empty
qui	qui	PROrel	MORPH=empty
vis	vif	ADJqua	MORPH=empty
an	en2	PROadv	MORPH=empty
rissist	rissir	VERcjg	MORPH=empty
ne	ne2	CONcoo	MORPH=empty
qui	qui	PROrel	MORPH=empty
vis	vif	ADJqua	MORPH=empty
i	i2	PROadv	MORPH=empty
demorast	demorer	VERcjg	MORPH=empty
mie	mie	ADVgen	MORPH=empty
une	un	DETcar	MORPH=empty
liuee	lieuee	NOMcom	MORPH=empty
ne	ne2	CONcoo	MORPH=empty
demie	demi2	ADJqua	MORPH=empty
.	.	PONfrt	MORPH=empty
Dame	dame	NOMcom	MORPH=empty
,	,	PONfbl	MORPH=empty
donc	donc	ADVgen	MORPH=empty
i	i2	PROadv	MORPH=empty
mangerai	mangier	VERcjg	MORPH=empty
gié	je	PROper	MORPH=empty
,	,	PONfbl	MORPH=empty
se	se	CONsub	MORPH=empty
vos	vos	PROper	MORPH=empty
m'	je	PROper	MORPH=empty
an	en2	PROadv	MORPH=empty
donez	doner	VERcjg	MORPH=empty
le	le	DETdef	MORPH=empty
congié	congié	NOMcom	MORPH=empty
.	.	PONfrt	MORPH=empty
Sire	seignor	NOMcom	MORPH=empty
,	,	PONfbl	MORPH=empty
gel	je+il	PROper.PROper	MORPH=empty
vos	vos	PROper	MORPH=empty
doing	doner	VERcjg	MORPH=empty
volantiers	volentiers	ADVgen	MORPH=empty
,	,	PONfbl	MORPH=empty
et	et	CONcoo	MORPH=empty
vos	vos	PROper	MORPH=empty
seroiz	estre1	VERcjg	MORPH=empty
toz	tot	DETind	MORPH=empty
li	le	DETdef	MORPH=empty
premiers	premier	ADJord	MORPH=empty
chevaliers	chevalier	NOMcom	MORPH=empty
qui	qui	PROrel	MORPH=empty
mangié	mangier	VERppe	MORPH=empty
i	i2	PROadv	MORPH=empty
a	avoir	VERcjg	MORPH=empty
.	.	PONfrt	MORPH=empty
"	"	PONpxx	MORPH=empty
Atant	atant	ADVgen	MORPH=empty
la	le	DETdef	MORPH=empty
reïne	röine1	NOMcom	MORPH=empty
s'	soi1	PROper	MORPH=empty
an	en2	PROadv	MORPH=empty
va	aler	VERcjg	MORPH=empty
,	,	PONfbl	MORPH=empty
si	si	ADVgen	MORPH=empty
li	il	PROper	MORPH=empty
lesse	laissier	VERcjg	MORPH=empty
de	de	PRE	MORPH=empty
ses	son4	DETpos	MORPH=empty
puceles	pucele	NOMcom	MORPH=empty
bien	bien1	ADVgen	MORPH=empty
.c.	100	PROcar	MORPH=empty
.l.	50	PROcar	MORPH=empty
des	de+le	PRE.DETdef	MORPH=empty
plus	plus	ADVgen	MORPH=empty
beles	bel1	ADJqua	MORPH=empty
,	,	PONfbl	MORPH=empty
qui	qui	PROrel	MORPH=empty
el	en1+le	PRE.DETdef	MORPH=empty
palés	palais2	NOMcom	MORPH=empty
lez	lez	PRE	MORPH=empty
lui	il	PROper	MORPH=empty
mangierent	mangier	VERcjg	MORPH=empty
,	,	PONfbl	MORPH=empty
sel	si+il	ADVgen.PROper	MORPH=empty
servirent	servir	VERcjg	MORPH=empty
et	et	CONcoo	MORPH=empty
losangierent	losengier2	VERcjg	MORPH=empty
de	de	PRE	MORPH=empty
quanque	cantque	PROrel	MORPH=empty
li	il	PROper	MORPH=empty
vint	venir	VERcjg	MORPH=empty
a	a3	PRE	MORPH=empty
talant	talent	NOMcom	MORPH=empty
.	.	PONfrt	MORPH=empty
Vaslet	vaslet	NOMcom	MORPH=empty
servirent	servir	VERcjg	MORPH=empty
plus	plus	ADVgen	MORPH=empty
de	de	PRE	MORPH=empty
cent	cent	PROcar	MORPH=empty
au	a3+le	PRE.DETdef	MORPH=empty
mangier	mangier	VERinf	MORPH=empty
,	,	PONfbl	MORPH=empty
don	dont	PROrel	MORPH=empty
li	le	DETdef	MORPH=empty
un	un	PROind	MORPH=empty
estoient	estre1	VERcjg	MORPH=empty
tuit	tot	ADVgen	MORPH=empty
blanc	blanc	ADJqua	MORPH=empty
,	,	PONfbl	MORPH=empty
,	,	PONfbl	MORPH=empty
et	et	CONcoo	MORPH=empty
li	le	DETdef	MORPH=empty
autre	autre	PROind	MORPH=empty
non	non	ADVneg	MORPH=empty
;	;	PONfbl	MORPH=empty
li	le	DETdef	MORPH=empty
altre	autre	PROind	MORPH=empty
barbe	barbe	NOMcom	MORPH=empty
ne	ne2	CONcoo	MORPH=empty
grenon	grenon	NOMcom	MORPH=empty
n'	ne1	ADVneg	MORPH=empty
avoient	avoir	VERcjg	MORPH=empty
,	,	PONfbl	MORPH=empty
et	et	CONcoo	MORPH=empty
de	de	PRE	MORPH=empty
cez	ce2	PROdem	MORPH=empty
li	le	DETdef	MORPH=empty
dui	deus	PROcar	MORPH=empty
furent	estre1	VERcjg	MORPH=empty
a	a3	PRE	MORPH=empty
genolz	genoil	NOMcom	MORPH=empty
amedui	ambedos	PROcar	MORPH=empty
,	,	PONfbl	MORPH=empty
si	si	ADVgen	MORPH=empty
servi	servir	VERcjg	MORPH=empty
li	le	DETdef	MORPH=empty
uns	un	PROind	MORPH=empty
del	de+le	PRE.DETdef	MORPH=empty
taillier	taillier1	VERinf	MORPH=empty
et	et	CONcoo	MORPH=empty
li	le	DETdef	MORPH=empty
autres	autre	PROind	MORPH=empty
del	de+le	PRE.DETdef	MORPH=empty
vin	vin	NOMcom	MORPH=empty
baillier	baillier	VERinf	MORPH=empty
.	.	PONfrt	MORPH=empty
Messire	seignor	NOMcom	MORPH=empty
Gauvains	Gauvain	NOMpro	MORPH=empty
coste	coste2	NOMcom	MORPH=empty
a	a3	PRE	MORPH=empty
coste	coste2	NOMcom	MORPH=empty
fist	faire	VERcjg	MORPH=empty
devant	devant	PRE	MORPH=empty
lui	il	PROper	MORPH=empty
mangier	mangier	VERinf	MORPH=empty
son	son4	DETpos	MORPH=empty
oste	oste	NOMcom	MORPH=empty
,	,	PONfbl	MORPH=empty
et	et	CONcoo	MORPH=empty
li	le	DETdef	MORPH=empty
mangiers	mangier	VERinf	MORPH=empty
ne	ne1	ADVneg	MORPH=empty
fu	estre1	VERcjg	MORPH=empty
pas	pas	ADVneg	MORPH=empty
corz	cort2	ADJqua	MORPH=empty
,	,	PONfbl	MORPH=empty
qu'	que4	CONcoo	MORPH=empty
il	il	PROper	MORPH=empty
dura	durer	VERcjg	MORPH=empty
plus	plus	ADVgen	MORPH=empty
que	que1	CONsub	MORPH=empty
uns	un	PROind	MORPH=empty
des	de+le	PRE.DETdef	MORPH=empty
jorz	jor	NOMcom	MORPH=empty
antor	entor	PRE	MORPH=empty
Natevité	nativité	NOMcom	MORPH=empty
ne	ne1	ADVneg	MORPH=empty
dure	durer	VERcjg	MORPH=empty
,	,	PONfbl	MORPH=empty
qu'	que4	CONcoo	MORPH=empty
il	il	PROimp	MORPH=empty
fu	estre1	VERcjg	MORPH=empty
nuiz	nuit	NOMcom	MORPH=empty
serree	serrer	VERppe	MORPH=empty
et	et	CONcoo	MORPH=empty
oscure	oscur	ADJqua	MORPH=empty
et	et	CONcoo	MORPH=empty
mout	mout	PROind	MORPH=empty
i	i2	PROadv	MORPH=empty
ot	avoir	VERcjg	MORPH=empty
ars	ardre	VERppe	MORPH=empty
gros	gros	ADJqua	MORPH=empty
tortiz	tortiz	NOMcom	MORPH=empty
einz	ainz	ADVgen	MORPH=empty
que	que4	CONsub	MORPH=empty
li	le	DETdef	MORPH=empty
mangiers	mangier	VERinf	MORPH=empty
fust	estre1	VERcjg	MORPH=empty
feniz	fenir	VERppe	MORPH=empty
.	.	PONfrt	MORPH=empty
Aprés	après	PRE	MORPH=empty
mangier	mangier	VERinf	MORPH=empty
,	,	PONfbl	MORPH=empty
einz	ainz	ADVgen	MORPH=empty
qu'	que4	CONsub	MORPH=empty
il	il	PROper	MORPH=empty
colchassent	couchier	VERcjg	MORPH=empty
,	,	PONfbl	MORPH=empty
de	de	PRE	MORPH=empty
joie	joie	NOMcom	MORPH=empty
faire	faire	VERinf	MORPH=empty
tuit	tot	PROind	MORPH=empty
se	soi1	PROper	MORPH=empty
lassent	lasser	VERcjg	MORPH=empty
por	por2	PRE	MORPH=empty
lor	lor2	DETpos	MORPH=empty
seignor	seignor	NOMcom	MORPH=empty
qu'	que2	PROrel	MORPH=empty
il	il	PROper	MORPH=empty
ont	avoir	VERcjg	MORPH=empty
mout	mout	ADVgen	MORPH=empty
chier	chier	ADJqua	MORPH=empty
.	.	PONfrt	MORPH=empty
Ençois	ainçois	ADVgen	MORPH=empty
que	que4	CONsub	MORPH=empty
il	il	PROper	MORPH=empty
s'	soi1	PROper	MORPH=empty
alast	aler	VERcjg	MORPH=empty
colchier	couchier	VERinf	MORPH=empty
,	,	PONfbl	MORPH=empty
si	si	ADVgen	MORPH=empty
jut	jesir	VERcjg	MORPH=empty
el	en1+le	PRE.DETdef	MORPH=empty
Lit	lit1	NOMcom	MORPH=empty
de	de	PRE	MORPH=empty
la	le	DETdef	MORPH=empty
Mervoille	merveille	NOMcom	MORPH=empty
.	.	PONfrt	MORPH=empty
.I.	un	DETndf	MORPH=empty
orellier	oreillier3	NOMcom	MORPH=empty
desoz	desoz	PRE	MORPH=empty
s'	son4	DETpos	MORPH=empty
oroille	oreille	NOMcom	MORPH=empty
une	un	DETndf	MORPH=empty
dameisele	damoisele	NOMcom	MORPH=empty
li	il	PROper	MORPH=empty
mist	metre2	VERcjg	MORPH=empty
,	,	PONfbl	MORPH=empty
qui	qui	PROrel	MORPH=empty
ilueques	iluec	ADVgen	MORPH=empty
dormir	dormir	VERinf	MORPH=empty
le	il	PROper	MORPH=empty
fist	faire	VERcjg	MORPH=empty
;	;	PONfbl	MORPH=empty
et	et	CONcoo	MORPH=empty
l'	le	DETdef	MORPH=empty
andemain	endemain	NOMcom	MORPH=empty
au	a3+le	PRE.DETdef	MORPH=empty
resvellier	resveillier	VERinf	MORPH=empty
li	il	PROper	MORPH=empty
ot	avoir	VERcjg	MORPH=empty
an	on	PROind	MORPH=empty
fet	faire	VERcjg	MORPH=empty
aparellier	apareillier1	VERinf	MORPH=empty
robe	robe	NOMcom	MORPH=empty
d'	de	PRE	MORPH=empty
ermine	ermine	NOMcom	MORPH=empty
et	et	CONcoo	MORPH=empty
de	de	PRE	MORPH=empty
samit	samit	NOMcom	MORPH=empty
.	.	PONfrt	MORPH=empty
Li	le	DETdef	MORPH=empty
notoniers	notonier	NOMcom	MORPH=empty
devant	devant	PRE	MORPH=empty
son	son4	DETpos	MORPH=empty
lit	lit1	NOMcom	MORPH=empty
au	a3+le	PRE.DETdef	MORPH=empty
matin	matin2	NOMcom	MORPH=empty
vint	venir	VERcjg	MORPH=empty
,	,	PONfbl	MORPH=empty
sel	si+il	ADVgen.PROper	MORPH=empty
fist	faire	VERcjg	MORPH=empty
lever	lever	VERinf	MORPH=empty
et	et	CONcoo	MORPH=empty
vestir	vestir	VERinf	MORPH=empty
et	et	CONcoo	MORPH=empty
ses	son4	DETpos	MORPH=empty
mains	main2	NOMcom	MORPH=empty
laver	laver	VERinf	MORPH=empty
.	.	PONfrt	MORPH=empty
A	a3	PRE	MORPH=empty
son	son4	DETpos	MORPH=empty
lever	lever	VERinf	MORPH=empty
fu	estre1	VERcjg	MORPH=empty
Clarissanz	Clarissant	NOMpro	MORPH=empty
,	,	PONfbl	MORPH=empty
la	le	DETdef	MORPH=empty
granz	grant	ADJqua	MORPH=empty
,	,	PONfbl	MORPH=empty
la	le	DETdef	MORPH=empty
bele	bel1	ADJqua	MORPH=empty
,	,	PONfbl	MORPH=empty
l'	le	DETdef	MORPH=empty
avenanz	avenant	VERppa	MORPH=empty
,	,	PONfbl	MORPH=empty
la	le	DETdef	MORPH=empty
sage	sage	ADJqua	MORPH=empty
,	,	PONfbl	MORPH=empty
la	le	DETdef	MORPH=empty
bien	bien1	ADVgen	MORPH=empty
anparlee	emparlé	ADJqua	MORPH=empty
.	.	PONfrt	MORPH=empty
An	en1	PRE	MORPH=empty
la	le	DETdef	MORPH=empty
chanbre	chambre1	NOMcom	MORPH=empty
s'	soi1	PROper	MORPH=empty
an	en2	PROadv	MORPH=empty
est	estre1	VERcjg	MORPH=empty
alee	aler	VERppe	MORPH=empty
devant	devant	PRE	MORPH=empty
la	le	DETdef	MORPH=empty
reïne	röine1	NOMcom	MORPH=empty
s'	son4	DETpos	MORPH=empty
aiole	aiuele	NOMcom	MORPH=empty
,	,	PONfbl	MORPH=empty
qui	qui	PROrel	MORPH=empty
li	il	PROper	MORPH=empty
demande	demander	VERcjg	MORPH=empty
et	et	CONcoo	MORPH=empty
si	si	ADVgen	MORPH=empty
l'	il	PROper	MORPH=empty
acole	acoler	VERcjg	MORPH=empty
:	:	PONfbl	MORPH=empty
"	"	PONpxx	MORPH=empty
Niece	niece	NOMcom	MORPH=empty
,	,	PONfbl	MORPH=empty
foi	foi	NOMcom	MORPH=empty
que	que2	PROrel	MORPH=empty
vos	vos	PROper	MORPH=empty
me	je	PROper	MORPH=empty
devez	devoir	VERcjg	MORPH=empty
,	,	PONfbl	MORPH=empty
est	estre1	VERcjg	MORPH=empty
vostre	vostre	DETpos	MORPH=empty
sire	seignor	NOMcom	MORPH=empty
ancor	encore	ADVgen	MORPH=empty
levez	lever	VERppe	MORPH=empty
?	?	PONfrt	MORPH=empty
Oïl	öil	ADVgen	MORPH=empty
,	,	PONfbl	MORPH=empty
dame	dame	NOMcom	MORPH=empty
,	,	PONfbl	MORPH=empty
mout	mout	ADVgen	MORPH=empty
a	avoir	VERcjg	MORPH=empty
grant	grant	ADJqua	MORPH=empty
piece	piece	NOMcom	MORPH=empty
.	.	PONfrt	MORPH=empty
Et	et	CONcoo	MORPH=empty
ou	où	PROint	MORPH=empty
est	estre1	VERcjg	MORPH=empty
il	il	PROper	MORPH=empty
,	,	PONfbl	MORPH=empty
ma	mon1	DETpos	MORPH=empty
bele	bel1	ADJqua	MORPH=empty
niece	niece	NOMcom	MORPH=empty
?	?	PONfrt	MORPH=empty
Dame	dame	NOMcom	MORPH=empty
,	,	PONfbl	MORPH=empty
an	en1	PRE	MORPH=empty
la	le	DETdef	MORPH=empty
tornele	tornele1	NOMcom	MORPH=empty
en	en2	PROadv	MORPH=empty
ala	aler	VERcjg	MORPH=empty
,	,	PONfbl	MORPH=empty
ne	ne1	ADVneg	MORPH=empty
sai	savoir	VERcjg	MORPH=empty
se	se	CONsub	MORPH=empty
puis	puis	ADVgen	MORPH=empty
en	en2	PROadv	MORPH=empty
avala	avaler	VERcjg	MORPH=empty
.	.	PONfrt	MORPH=empty
Niece	niece	NOMcom	MORPH=empty
,	,	PONfbl	MORPH=empty
je	je	PROper	MORPH=empty
voel	voloir	VERcjg	MORPH=empty
aler	aler	VERinf	MORPH=empty
a	a3	PRE	MORPH=empty
lui	il	PROper	MORPH=empty
,	,	PONfbl	MORPH=empty
et	et	CONcoo	MORPH=empty
,	,	PONfbl	MORPH=empty
se	se	CONsub	MORPH=empty
Deu	Dieu	NOMpro	MORPH=empty
plest	plaire	VERcjg	MORPH=empty
,	,	PONfbl	MORPH=empty
n'	ne1	ADVneg	MORPH=empty
avra	avoir	VERcjg	MORPH=empty
mes	mais1	ADVgen	MORPH=empty
hui	ui	ADVgen	MORPH=empty
se	se	CONsub	MORPH=empty
bien	bien2	NOMcom	MORPH=empty
non	non	ADVneg	MORPH=empty
et	et	CONcoo	MORPH=empty
joie	joie	NOMcom	MORPH=empty
et	et	CONcoo	MORPH=empty
leesce	lëece	NOMcom	MORPH=empty
.	.	PONfrt	MORPH=empty
"	"	PONpxx	MORPH=empty
Tantost	tantost	ADVgen	MORPH=empty
la	le	DETdef	MORPH=empty
reïne	röine1	NOMcom	MORPH=empty
se	soi1	PROper	MORPH=empty
dresce	drecier	VERcjg	MORPH=empty
,	,	PONfbl	MORPH=empty
que	que4	CONcoo	MORPH=empty
talant	talent	NOMcom	MORPH=empty
a	avoir	VERcjg	MORPH=empty
que	que4	CONsub	MORPH=empty
a	a3	PRE	MORPH=empty
lui	il	PROper	MORPH=empty
aut	aler	VERcjg	MORPH=empty
,	,	PONfbl	MORPH=empty
tant	tant	ADVgen	MORPH=empty
qu'	que4	CONsub	MORPH=empty
ele	il	PROper	MORPH=empty
le	il	PROper	MORPH=empty
trova	trover	VERcjg	MORPH=empty
an	en1	PRE	MORPH=empty
haut	haut	ADJqua	MORPH=empty
,	,	PONfbl	MORPH=empty
as	a3+le	PRE.DETdef	MORPH=empty
fenestres	fenestre	NOMcom	MORPH=empty
d'	de	PRE	MORPH=empty
une	un	DETndf	MORPH=empty
tornele	tornele1	NOMcom	MORPH=empty
ou	où	PROrel	MORPH=empty
esgardoit	esgarder	VERcjg	MORPH=empty
une	un	DETndf	MORPH=empty
pucele	pucele	NOMcom	MORPH=empty
qui	qui	PROrel	MORPH=empty
venoit	venir	VERcjg	MORPH=empty
tot	tot	ADVgen	MORPH=empty
aval	aval	PRE	MORPH=empty
.i.	un	DETndf	MORPH=empty
pré	pré	NOMcom	MORPH=empty
,	,	PONfbl	MORPH=empty
et	et	CONcoo	MORPH=empty
.i.	un	DETndf	MORPH=empty
chevalier	chevalier	NOMcom	MORPH=empty
vit	vëoir	VERcjg	MORPH=empty
armé	armer	VERppe	MORPH=empty
.	.	PONfrt	MORPH=empty
La	là	ADVgen	MORPH=empty
ou	où	PROrel	MORPH=empty
il	il	PROper	MORPH=empty
ert	estre1	VERcjg	MORPH=empty
an	en1	PRE	MORPH=empty
son	son4	DETpos	MORPH=empty
esgart	esgart	NOMcom	MORPH=empty
,	,	PONfbl	MORPH=empty
atant	atant	ADVgen	MORPH=empty
ez	ez	ADVgen	MORPH=empty
vos	vos	PROper	MORPH=empty
de	de	PRE	MORPH=empty
l'	le	DETdef	MORPH=empty
autre	autre	ADJind	MORPH=empty
part	part1	NOMcom	MORPH=empty
les	le	DETdef	MORPH=empty
.ii.	2	ADJcar	MORPH=empty
reïnes	röine1	NOMcom	MORPH=empty
coste	coste2	NOMcom	MORPH=empty
a	a3	PRE	MORPH=empty
coste	coste2	NOMcom	MORPH=empty
;	;	PONfbl	MORPH=empty
monseignor	seignor	NOMcom	MORPH=empty
Gauvain	Gauvain	NOMpro	MORPH=empty
et	et	CONcoo	MORPH=empty
son	son4	DETpos	MORPH=empty
oste	oste	NOMcom	MORPH=empty
ont	avoir	VERcjg	MORPH=empty
a	a3	PRE	MORPH=empty
.ii.	2	DETcar	MORPH=empty
fenestres	fenestre	NOMcom	MORPH=empty
trovez	trover	VERppe	MORPH=empty
.	.	PONfrt	MORPH=empty
"	"	PONpxx	MORPH=empty
Sire	seignor	NOMcom	MORPH=empty
,	,	PONfbl	MORPH=empty
bien	bien1	ADVgen	MORPH=empty
soiez	estre1	VERcjg	MORPH=empty
vos	vos	PROper	MORPH=empty
levez	lever	VERppe	MORPH=empty
,	,	PONfbl	MORPH=empty
font	faire	VERcjg	MORPH=empty
les	le	DETdef	MORPH=empty
reïnes	röine1	NOMcom	MORPH=empty
amedeus	ambedos	ADJcar	MORPH=empty
.	.	PONfrt	MORPH=empty
Cist	cest	DETdem	MORPH=empty
jorz	jor	NOMcom	MORPH=empty
vos	vos	PROper	MORPH=empty
soit	estre1	VERcjg	MORPH=empty
liez	lié1	ADJqua	MORPH=empty
et	et	CONcoo	MORPH=empty
joieus	joios	ADJqua	MORPH=empty
,	,	PONfbl	MORPH=empty
ce	ce1	PROdem	MORPH=empty
doint	doner	VERcjg	MORPH=empty
icil	icel	DETdem	MORPH=empty
glorieus	glorïos	ADJqua	MORPH=empty
pere	pere1	NOMcom	MORPH=empty
qui	qui	PROrel	MORPH=empty
de	de	PRE	MORPH=empty
sa	son4	DETpos	MORPH=empty
fille	fille	NOMcom	MORPH=empty
fist	faire	VERcjg	MORPH=empty
sa	son4	DETpos	MORPH=empty
mere	mere	NOMcom	MORPH=empty
.	.	PONfrt	MORPH=empty
Dame	dame	NOMcom	MORPH=empty
,	,	PONfbl	MORPH=empty
grant	grant	ADJqua	MORPH=empty
joie	joie	NOMcom	MORPH=empty
vos	vos	PROper	MORPH=empty
doint	doner	VERcjg	MORPH=empty
cil	cel	PROdem	MORPH=empty
qui	qui	PROrel	MORPH=empty
an	en1	PRE	MORPH=empty
terre	terre	NOMcom	MORPH=empty
anvea	envoiier	VERcjg	MORPH=empty
son	son4	DETpos	MORPH=empty
fil	fil2	NOMcom	MORPH=empty
por	por2	PRE	MORPH=empty
essaucier	essaucier	VERinf	MORPH=empty
crestianté	crestïenté	NOMcom	MORPH=empty
.	.	PONfrt	MORPH=empty
Mes	mais1	ADVgen	MORPH=empty
,	,	PONfbl	MORPH=empty
s'	se	CONsub	MORPH=empty
il	il	PROimp	MORPH=empty
vos	vos	PROper	MORPH=empty
vient	venir	VERcjg	MORPH=empty
a	a3	PRE	MORPH=empty
volanté	volenté	NOMcom	MORPH=empty
,	,	PONfbl	MORPH=empty
.i.	un	DETndf	MORPH=empty
po	poi	PROind	MORPH=empty
venez	venir	VERcjg	MORPH=empty
a	a3	PRE	MORPH=empty
la	le	DETdef	MORPH=empty
fenestre	fenestre	NOMcom	MORPH=empty
et	et	CONcoo	MORPH=empty
si	si	ADVgen	MORPH=empty
me	je	PROper	MORPH=empty
dites	dire	VERcjg	MORPH=empty
qui	qui	PROrel	MORPH=empty
puet	pöoir	VERcjg	MORPH=empty
estre	estre1	VERinf	MORPH=empty
une	un	DETndf	MORPH=empty
pucele	pucele	NOMcom	MORPH=empty
qui	qui	PROrel	MORPH=empty
vient	venir	VERcjg	MORPH=empty
ci	ci	ADVgen	MORPH=empty
,	,	PONfbl	MORPH=empty
s'	si	ADVgen	MORPH=empty
a	avoir	VERcjg	MORPH=empty
.i.	un	DETndf	MORPH=empty
chevalier	chevalier	NOMcom	MORPH=empty
avoec	avuec	PRE	MORPH=empty
li	il	PROper	MORPH=empty
et	et	CONcoo	MORPH=empty
porte	porter	VERcjg	MORPH=empty
.i.	un	DETndf	MORPH=empty
escu	escu	NOMcom	MORPH=empty
de	de	PRE	MORPH=empty
cartiers	cartier	NOMcom	MORPH=empty
.	.	PONfrt	MORPH=empty
Ge	je	PROper	MORPH=empty
le	il	PROper	MORPH=empty
vos	vos	PROper	MORPH=empty
dirai	dire	VERcjg	MORPH=empty
volantiers	volentiers	ADVgen	MORPH=empty
,	,	PONfbl	MORPH=empty
fet	faire	VERcjg	MORPH=empty
la	le	DETdef	MORPH=empty
reïne	röine1	NOMcom	MORPH=empty
qui	qui	PROrel	MORPH=empty
l'	il	PROper	MORPH=empty
esgarde	esgarder	VERcjg	MORPH=empty
.	.	PONfrt	MORPH=empty
Ce	ce1	PROdem	MORPH=empty
est	estre1	VERcjg	MORPH=empty
cele	cel	PROdem	MORPH=empty
cui	cui	PROrel	MORPH=empty
max	mal1	ADJqua	MORPH=empty
feus	feu	NOMcom	MORPH=empty
arde	ardre	VERcjg	MORPH=empty
,	,	PONfbl	MORPH=empty
qui	qui	PROrel	MORPH=empty
ersoir	ersoir	ADVgen	MORPH=empty
vos	vos	PROper	MORPH=empty
amena	amener	VERcjg	MORPH=empty
ça	ça	ADVgen	MORPH=empty
.	.	PONfrt	MORPH=empty
Mes	mais1	CONcoo	MORPH=empty
de	de	PRE	MORPH=empty
li	il	PROper	MORPH=empty
ne	ne1	ADVneg	MORPH=empty
vos	vos	PROper	MORPH=empty
chaille	chaloir	VERcjg	MORPH=empty
ja	ja	ADVgen	MORPH=empty
,	,	PONfbl	MORPH=empty
qu'	que4	CONcoo	MORPH=empty
ele	il	PROper	MORPH=empty
est	estre1	VERcjg	MORPH=empty
trop	trop	ADVgen	MORPH=empty
male	mal1	ADJqua	MORPH=empty
et	et	CONcoo	MORPH=empty
trop	trop	ADVgen	MORPH=empty
vilainne	vilain	ADJqua	MORPH=empty
.	.	PONfrt	MORPH=empty
Del	de+le	PRE.DETdef	MORPH=empty
chevalier	chevalier	NOMcom	MORPH=empty
que	que2	PROrel	MORPH=empty
ele	il	PROper	MORPH=empty
mainne	mener	VERcjg	MORPH=empty
vos	vos	PROper	MORPH=empty
pri	priier	VERcjg	MORPH=empty
ge	je	PROper	MORPH=empty
que	que4	CONsub	MORPH=empty
il	il	PROimp	MORPH=empty
ne	ne1	ADVneg	MORPH=empty
vos	vos	PROper	MORPH=empty
chaille	chaloir	VERcjg	MORPH=empty
,	,	PONfbl	MORPH=empty
que	que4	CONcoo	MORPH=empty
il	il	PROper	MORPH=empty
est	estre1	VERcjg	MORPH=empty
chevaliers	chevalier	NOMcom	MORPH=empty
sanz	sans	PRE	MORPH=empty
faille	faille3	NOMcom	MORPH=empty
sor	sor2	PRE	MORPH=empty
toz	tot	DETind	MORPH=empty
chevaliers	chevalier	NOMcom	MORPH=empty
corageus	corajos	ADJqua	MORPH=empty
.	.	PONfrt	MORPH=empty
Sa	son4	DETpos	MORPH=empty
bataille	bataille	NOMcom	MORPH=empty
n'	ne1	ADVneg	MORPH=empty
est	estre1	VERcjg	MORPH=empty
mie	mie	ADVneg	MORPH=empty
a	a3	PRE	MORPH=empty
geus	jeu	NOMcom	MORPH=empty
,	,	PONfbl	MORPH=empty
que	que4	CONcoo	MORPH=empty
maint	maint	DETind	MORPH=empty
chevalier	chevalier	NOMcom	MORPH=empty
a	a3	PRE	MORPH=empty
ce	ce2	DETdem	MORPH=empty
port	port2	NOMcom	MORPH=empty
a	avoir	VERcjg	MORPH=empty
,	,	PONfbl	MORPH=empty
veant	vëoir	VERppa	MORPH=empty
moi	je	PROper	MORPH=empty
,	,	PONfbl	MORPH=empty
conquis	conquerre	VERppe	MORPH=empty
et	et	CONcoo	MORPH=empty
mort	morir	VERppe	MORPH=empty
.	.	PONfrt	MORPH=empty
Dame	dame	NOMcom	MORPH=empty
,	,	PONfbl	MORPH=empty
fet	faire	VERcjg	MORPH=empty
il	il	PROper	MORPH=empty
,	,	PONfbl	MORPH=empty
ge	je	PROper	MORPH=empty
voel	voloir	VERcjg	MORPH=empty
aler	aler	VERinf	MORPH=empty
a	a3	PRE	MORPH=empty
la	le	DETdef	MORPH=empty
dameisele	damoisele	NOMcom	MORPH=empty
parler	parler	VERinf	MORPH=empty
,	,	PONfbl	MORPH=empty
se	se	CONsub	MORPH=empty
vos	vos	PROper	MORPH=empty
m'	je	PROper	MORPH=empty
an	en2	PROadv	MORPH=empty
donez	doner	VERcjg	MORPH=empty
le	le	DETdef	MORPH=empty
congié	congié	NOMcom	MORPH=empty
.	.	PONfrt	MORPH=empty
Sire	seignor	NOMcom	MORPH=empty
,	,	PONfbl	MORPH=empty
ne	ne1	ADVneg	MORPH=empty
place	plaire	VERcjg	MORPH=empty
Deu	Dieu	NOMpro	MORPH=empty
que	que4	CONsub	MORPH=empty
gié	je	PROper	MORPH=empty
de	de	PRE	MORPH=empty
vostre	vostre	DETpos	MORPH=empty
mal	mal1	NOMcom	MORPH=empty
congié	congié	NOMcom	MORPH=empty
vos	vos	PROper	MORPH=empty
doingne	doner	VERcjg	MORPH=empty
.	.	PONfrt	MORPH=empty
Lessiez	laissier	VERcjg	MORPH=empty
aler	aler	VERinf	MORPH=empty
an	en1	PRE	MORPH=empty
sa	son4	DETpos	MORPH=empty
besoigne	besoigne	NOMcom	MORPH=empty
la	le	DETdef	MORPH=empty
pucele	pucele	NOMcom	MORPH=empty
male	mal1	ADJqua	MORPH=empty
enuieuse	enoios	ADJqua	MORPH=empty
.	.	PONfrt	MORPH=empty
Ja	ja	ADVgen	MORPH=empty
,	,	PONfbl	MORPH=empty
se	se	CONsub	MORPH=empty
Deu	Dieu	NOMpro	MORPH=empty
plest	plaire	VERcjg	MORPH=empty
,	,	PONfbl	MORPH=empty
por	por2	PRE	MORPH=empty
tel	tel	DETind	MORPH=empty
oiseuse	oisose	NOMcom	MORPH=empty
n'	ne1	ADVneg	MORPH=empty
istroiz	issir	VERcjg	MORPH=empty
vos	vos	PROper	MORPH=empty
ja	ja	ADVgen	MORPH=empty
de	de	PRE	MORPH=empty
cest	cest	DETdem	MORPH=empty
palés	palais2	NOMcom	MORPH=empty
.	.	PONfrt	MORPH=empty
Vos	vos	PROper	MORPH=empty
n'	ne1	ADVneg	MORPH=empty
an	en2	PROadv	MORPH=empty
devez	devoir	VERcjg	MORPH=empty
issir	issir	VERinf	MORPH=empty
ja	ja	ADVgen	MORPH=empty
mes	mais1	ADVgen	MORPH=empty
,	,	PONfbl	MORPH=empty
se	se	CONsub	MORPH=empty
vos	vos	PROper	MORPH=empty
tort	tort2	NOMcom	MORPH=empty
ne	ne1	ADVneg	MORPH=empty
nos	nos1	PROper	MORPH=empty
volez	voloir	VERcjg	MORPH=empty
fere	faire	VERinf	MORPH=empty
.	.	PONfrt	MORPH=empty
Avoi	avoi	INJ	MORPH=empty
,	,	PONfbl	MORPH=empty
reïne	röine1	NOMcom	MORPH=empty
debonere	debonaire	ADJqua	MORPH=empty
!	!	PONfrt	MORPH=empty
Or	or4	ADVgen	MORPH=empty
m'	je	PROper	MORPH=empty
avez	avoir	VERcjg	MORPH=empty
vos	vos	PROper	MORPH=empty
mout	mout	ADVgen	MORPH=empty
esmaié	esmaiier	VERppe	MORPH=empty
.	.	PONfrt	MORPH=empty
Je	je	PROper	MORPH=empty
m'	je	PROper	MORPH=empty
an	en2	PROadv	MORPH=empty
tanroie	tenir1	VERcjg	MORPH=empty
a	a3	PRE	MORPH=empty
mal	mal1	ADJqua	MORPH=empty
paié	paiier	VERppe	MORPH=empty
del	de+le	PRE.DETdef	MORPH=empty
chastel	chastel	NOMcom	MORPH=empty
se	se	CONsub	MORPH=empty
ja	ja	ADVgen	MORPH=empty
n'	ne1	ADVneg	MORPH=empty
an	en2	PROadv	MORPH=empty
issoie	issir	VERcjg	MORPH=empty
.	.	PONfrt	MORPH=empty
Ne	ne1	ADVneg	MORPH=empty
place	plaire	VERcjg	MORPH=empty
Deu	Dieu	NOMpro	MORPH=empty
que	que4	CONsub	MORPH=empty
ja	ja	ADVgen	MORPH=empty
i	i2	PROadv	MORPH=empty
soie	estre1	VERcjg	MORPH=empty
ensi	ainsi	ADVgen	MORPH=empty
longuemant	longement2	ADVgen	MORPH=empty
prisoniers	prisonier	NOMcom	MORPH=empty
.	.	PONfrt	MORPH=empty
Ha	ha	INJ	MORPH=empty
!	!	PONfrt	MORPH=empty
dame	dame	NOMcom	MORPH=empty
,	,	PONfbl	MORPH=empty
fet	faire	VERcjg	MORPH=empty
li	le	DETdef	MORPH=empty
notoniers	notonier	NOMcom	MORPH=empty
,	,	PONfbl	MORPH=empty
lessiez	laissier	VERcjg	MORPH=empty
li	il	PROper	MORPH=empty
fere	faire	VERinf	MORPH=empty
tot	tot	DETind	MORPH=empty
son	son4	DETpos	MORPH=empty
buen	bon	ADJqua	MORPH=empty
.	.	PONfrt	MORPH=empty
Ja	ja	ADVgen	MORPH=empty
nel	ne1+il	ADVneg.PROper	MORPH=empty
retenez	retenir	VERcjg	MORPH=empty
mal	mal1	ADJqua	MORPH=empty
gré	gré2	NOMcom	MORPH=empty
suen	suen	ADJpos	MORPH=empty
,	,	PONfbl	MORPH=empty
qu'	que4	CONcoo	MORPH=empty
il	il	PROper	MORPH=empty
an	en2	PROadv	MORPH=empty
porroit	pöoir	VERcjg	MORPH=empty
de	de	PRE	MORPH=empty
duel	duel	NOMcom	MORPH=empty
morir	morir	VERinf	MORPH=empty
.	.	PONfrt	MORPH=empty
Et	et	CONcoo	MORPH=empty
ge	je	PROper	MORPH=empty
l'	il	PROper	MORPH=empty
an	en2	PROadv	MORPH=empty
lesserai	laissier	VERcjg	MORPH=empty
issir	issir	VERinf	MORPH=empty
,	,	PONfbl	MORPH=empty
fet	faire	VERcjg	MORPH=empty
la	le	DETdef	MORPH=empty
reïne	röine1	NOMcom	MORPH=empty
,	,	PONfbl	MORPH=empty
par	par	PRE	MORPH=empty
covant	covent1	NOMcom	MORPH=empty
que	que4	CONsub	MORPH=empty
,	,	PONfbl	MORPH=empty
se	se	CONsub	MORPH=empty
Dex	Dieu	NOMpro	MORPH=empty
de	de	PRE	MORPH=empty
mort	mort	NOMcom	MORPH=empty
le	il	PROper	MORPH=empty
desfant	defendre	VERcjg	MORPH=empty
,	,	PONfbl	MORPH=empty
qu'	que4	CONsub	MORPH=empty
il	il	PROper	MORPH=empty
revanra	revenir	VERcjg	MORPH=empty
ancor	encore	ADVgen	MORPH=empty
enuit	anuit	ADVgen	MORPH=empty
.	.	PONfrt	MORPH=empty
Dame	dame	NOMcom	MORPH=empty
,	,	PONfbl	MORPH=empty
fet	faire	VERcjg	MORPH=empty
il	il	PROper	MORPH=empty
,	,	PONfbl	MORPH=empty
ne	ne1	ADVneg	MORPH=empty
vos	vos	PROper	MORPH=empty
enuit	enoiier	VERcjg	MORPH=empty
,	,	PONfbl	MORPH=empty
que	que4	CONcoo	MORPH=empty
ge	je	PROper	MORPH=empty
revandrai	revenir	VERcjg	MORPH=empty
se	se	CONsub	MORPH=empty
ge	je	PROper	MORPH=empty
puis	pöoir	VERcjg	MORPH=empty
.	.	PONfrt	MORPH=empty
Mes	mais1	CONcoo	MORPH=empty
.i.	1	DETcar	MORPH=empty
don	don	NOMcom	MORPH=empty
vos	vos	PROper	MORPH=empty
demant	demander	VERcjg	MORPH=empty
et	et	CONcoo	MORPH=empty
ruis	rover	VERcjg	MORPH=empty
,	,	PONfbl	MORPH=empty
se	se	CONsub	MORPH=empty
vos	vos	PROper	MORPH=empty
plest	plaire	VERcjg	MORPH=empty
et	et	CONcoo	MORPH=empty
vos	vos	PROper	MORPH=empty
comandez	comander	VERcjg	MORPH=empty
,	,	PONfbl	MORPH=empty
que	que4	CONsub	MORPH=empty
vos	vos	PROper	MORPH=empty
mon	mon1	DETpos	MORPH=empty
non	nom	NOMcom	MORPH=empty
ne	ne1	ADVneg	MORPH=empty
demandez	demander	VERcjg	MORPH=empty
devant	devant	PRE	MORPH=empty
.viii.	8	DETcar	MORPH=empty
jorz	jor	NOMcom	MORPH=empty
,	,	PONfbl	MORPH=empty
si	si	ADVgen	MORPH=empty
ne	ne1	ADVneg	MORPH=empty
vos	vos	PROper	MORPH=empty
griet	grever	VERcjg	MORPH=empty
.	.	PONfrt	MORPH=empty
Et	et	CONcoo	MORPH=empty
ge	je	PROper	MORPH=empty
,	,	PONfbl	MORPH=empty
sire	seignor	NOMcom	MORPH=empty
,	,	PONfbl	MORPH=empty
puis	puis	ADVgen	MORPH=empty
qu'	que4	CONsub	MORPH=empty
il	il	PROimp	MORPH=empty
vos	vos	PROper	MORPH=empty
siet	sëoir	VERcjg	MORPH=empty
,	,	PONfbl	MORPH=empty
m'	je	PROper	MORPH=empty
an	en2	PROadv	MORPH=empty
soferrai	sofrir	VERcjg	MORPH=empty
,	,	PONfbl	MORPH=empty
fet	faire	VERcjg	MORPH=empty
la	le	DETdef	MORPH=empty
reïne	röine1	NOMcom	MORPH=empty
,	,	PONfbl	MORPH=empty
qu'	que4	CONcoo	MORPH=empty
avoir	avoir	VERinf	MORPH=empty
ne	ne1	ADVneg	MORPH=empty
voel	voloir	VERcjg	MORPH=empty
vostre	vostre	DETpos	MORPH=empty
haïne	häine	NOMcom	MORPH=empty
.	.	PONfrt	MORPH=empty
Si	si	ADVgen	MORPH=empty
fust	estre1	VERcjg	MORPH=empty
ce	ce1	PROdem	MORPH=empty
la	le	DETdef	MORPH=empty
chose	chose	NOMcom	MORPH=empty
premiere	premier	ADJord	MORPH=empty
don	dont	PROrel	MORPH=empty
ge	je	PROper	MORPH=empty
vos	vos	PROper	MORPH=empty
feïsse	faire	VERcjg	MORPH=empty
proiere	priiere	NOMcom	MORPH=empty
,	,	PONfbl	MORPH=empty
que	que4	CONsub	MORPH=empty
vostre	vostre	DETpos	MORPH=empty
non	nom	NOMcom	MORPH=empty
me	je	PROper	MORPH=empty
deïssiez	dire	VERcjg	MORPH=empty
,	,	PONfbl	MORPH=empty
se	se	CONsub	MORPH=empty
desfandu	defendre	VERppe	MORPH=empty
nel	ne1+il	ADVneg.PROper	MORPH=empty
m'	je	PROper	MORPH=empty
eüssiez	avoir	VERcjg	MORPH=empty
.	.	PONfrt	MORPH=empty
"	"	PONpxx	MORPH=empty
De	de	PRE	MORPH=empty
la	le	DETdef	MORPH=empty
tornele	tornele1	NOMcom	MORPH=empty
ensi	ainsi	ADVgen	MORPH=empty
descendent	descendre	VERcjg	MORPH=empty
,	,	PONfbl	MORPH=empty
et	et	CONcoo	MORPH=empty
vaslet	vaslet	NOMcom	MORPH=empty
corent	corir	VERcjg	MORPH=empty
,	,	PONfbl	MORPH=empty
si	si	ADVgen	MORPH=empty
li	il	PROper	MORPH=empty
randent	rendre	VERcjg	MORPH=empty
ses	son4	DETpos	MORPH=empty
armes	arme	NOMcom	MORPH=empty
por	por2	PRE	MORPH=empty
armer	armer	VERinf	MORPH=empty
son	son4	DETpos	MORPH=empty
cors	cors1	NOMcom	MORPH=empty
,	,	PONfbl	MORPH=empty
et	et	CONcoo	MORPH=empty
son	son4	DETpos	MORPH=empty
cheval	cheval	NOMcom	MORPH=empty
li	il	PROper	MORPH=empty
ont	avoir	VERcjg	MORPH=empty
trait	traire	VERppe	MORPH=empty
fors	fors1	ADVgen	MORPH=empty
,	,	PONfbl	MORPH=empty
et	et	CONcoo	MORPH=empty
il	il	PROper	MORPH=empty
i	i2	PROadv	MORPH=empty
monte	monter	VERcjg	MORPH=empty
toz	tot	ADVgen	MORPH=empty
armez	armer	VERppe	MORPH=empty
,	,	PONfbl	MORPH=empty
si	si	ADVgen	MORPH=empty
s'	soi1	PROper	MORPH=empty
an	en2	PROadv	MORPH=empty
est	estre1	VERcjg	MORPH=empty
jusqu'	jusque	PRE	MORPH=empty
au	a3+le	PRE.DETdef	MORPH=empty
port	port2	NOMcom	MORPH=empty
alez	aler	VERppe	MORPH=empty
,	,	PONfbl	MORPH=empty
et	et	CONcoo	MORPH=empty
li	le	DETdef	MORPH=empty
notoniers	notonier	NOMcom	MORPH=empty
avoec	avuec	PRE	MORPH=empty
lui	il	PROper	MORPH=empty
;	;	PONfbl	MORPH=empty
s'	si	ADVgen	MORPH=empty
antrent	entrer	VERcjg	MORPH=empty
an	en1	PRE	MORPH=empty
.i.	un	DETndf	MORPH=empty
batel	batel2	NOMcom	MORPH=empty
andui	ambedos	PROcar	MORPH=empty
,	,	PONfbl	MORPH=empty
si	si	ADVgen	MORPH=empty
nagierent	nagier	VERcjg	MORPH=empty
si	si	ADVgen	MORPH=empty
fort	fort	ADJqua	MORPH=empty
a	a3	PRE	MORPH=empty
brive	brive	NOMcom	MORPH=empty
que	que4	CONsub	MORPH=empty
venu	venir	VERppe	MORPH=empty
sont	estre1	VERcjg	MORPH=empty
a	a3	PRE	MORPH=empty
l'	le	DETdef	MORPH=empty
autre	autre	ADJind	MORPH=empty
rive	rive	NOMcom	MORPH=empty
,	,	PONfbl	MORPH=empty
et	et	CONcoo	MORPH=empty
messire	seignor	NOMcom	MORPH=empty
Gauvains	Gauvain	NOMpro	MORPH=empty
s'	soi1	PROper	MORPH=empty
an	en2	PROadv	MORPH=empty
ist	issir	VERcjg	MORPH=empty
.	.	PONfrt	MORPH=empty
Et	et	CONcoo	MORPH=empty
li	le	DETdef	MORPH=empty
autres	autre	ADJind	MORPH=empty
chevaliers	chevalier	NOMcom	MORPH=empty
dist	dire	VERcjg	MORPH=empty
a	a3	PRE	MORPH=empty
la	le	DETdef	MORPH=empty
pucele	pucele	NOMcom	MORPH=empty
sanz	sans	PRE	MORPH=empty
merci	merci	NOMcom	MORPH=empty
:	:	PONfbl	MORPH=empty
"	"	PONpxx	MORPH=empty
Amie	ami	NOMcom	MORPH=empty
,	,	PONfbl	MORPH=empty
cest	cest	DETdem	MORPH=empty
chevalier	chevalier	NOMcom	MORPH=empty
ci	ci	ADVgen	MORPH=empty
qui	qui	PROrel	MORPH=empty
vient	venir	VERcjg	MORPH=empty
armez	armer	VERppe	MORPH=empty
ancontre	encontre1	PRE	MORPH=empty
nos	nos1	PROper	MORPH=empty
,	,	PONfbl	MORPH=empty
dites	dire	VERcjg	MORPH=empty
moi	je	PROper	MORPH=empty
,	,	PONfbl	MORPH=empty
conuissiez	conoistre	VERcjg	MORPH=empty
le	il	PROper	MORPH=empty
vos	vos	PROper	MORPH=empty
?	?	PONfrt	MORPH=empty
"	"	PONpxx	MORPH=empty
Et	et	CONcoo	MORPH=empty
la	le	DETdef	MORPH=empty
pucele	pucele	NOMcom	MORPH=empty
dit	dire	VERcjg	MORPH=empty
:	:	PONfbl	MORPH=empty
"	"	PONpxx	MORPH=empty
Nenil	nenil	ADVneg	MORPH=empty
,	,	PONfbl	MORPH=empty
mes	mais1	CONcoo	MORPH=empty
ge	je	PROper	MORPH=empty
sai	savoir	VERcjg	MORPH=empty
bien	bien1	ADVgen	MORPH=empty
que	que4	CONsub	MORPH=empty
ce	ce1	PROdem	MORPH=empty
est	estre1	VERcjg	MORPH=empty
cil	cel	PROdem	MORPH=empty
qui	qui	PROrel	MORPH=empty
hier	ier	ADVgen	MORPH=empty
m'	je	PROper	MORPH=empty
amena	amener	VERcjg	MORPH=empty
ceste	cest	DETdem	MORPH=empty
part	part1	NOMcom	MORPH=empty
.	.	PONfrt	MORPH=empty
"	"	PONpxx	MORPH=empty
Et	et	CONcoo	MORPH=empty
cil	cel	PROdem	MORPH=empty
respont	respondre1	VERcjg	MORPH=empty
:	:	PONfbl	MORPH=empty
"	"	PONpxx	MORPH=empty
Se	se	CONsub	MORPH=empty
Dex	Dieu	NOMpro	MORPH=empty
me	je	PROper	MORPH=empty
gart	garder	VERcjg	MORPH=empty
,	,	PONfbl	MORPH=empty
autre	autre	PROind	MORPH=empty
n'	ne1	ADVneg	MORPH=empty
aloie	aler	VERcjg	MORPH=empty
ge	je	PROper	MORPH=empty
querant	querre	VERppa	MORPH=empty
.	.	PONfrt	MORPH=empty
Peor	pëor	NOMcom	MORPH=empty
en	en2	PROadv	MORPH=empty
ai	avoir	VERcjg	MORPH=empty
eü	avoir	VERppe	MORPH=empty
mout	mout	ADVgen	MORPH=empty
grant	grant	ADJqua	MORPH=empty
que	que4	CONsub	MORPH=empty
il	il	PROper	MORPH=empty
ne	ne1	ADVneg	MORPH=empty
me	je	PROper	MORPH=empty
fust	estre1	VERcjg	MORPH=empty
eschapez	eschaper	VERppe	MORPH=empty
,	,	PONfbl	MORPH=empty
qu'	que4	CONcoo	MORPH=empty
ainz	ainc	ADVgen	MORPH=empty
chevaliers	chevalier	NOMcom	MORPH=empty
ne	ne1	ADVneg	MORPH=empty
passa	passer1	VERcjg	MORPH=empty
mer	mer	NOMcom	MORPH=empty
de	de	PRE	MORPH=empty
mere	mere	NOMcom	MORPH=empty
nez	naistre	VERppe	MORPH=empty
,	,	PONfbl	MORPH=empty
ne	ne1	ADVneg	MORPH=empty
passa	passer1	VERcjg	MORPH=empty
les	le	DETdef	MORPH=empty
porz	port2	NOMcom	MORPH=empty
de	de	PRE	MORPH=empty
Galvoie	Galveide	NOMpro	MORPH=empty
,	,	PONfbl	MORPH=empty
se	se	CONsub	MORPH=empty
tant	tant	ADVgen	MORPH=empty
avient	avenant	VERcjg	MORPH=empty
que	que4	CONsub	MORPH=empty
ge	je	PROper	MORPH=empty
le	il	PROper	MORPH=empty
voie	vëoir	VERcjg	MORPH=empty
et	et	CONcoo	MORPH=empty
que	que4	CONsub	MORPH=empty
ge	je	PROper	MORPH=empty
devant	devant	PRE	MORPH=empty
moi	je	PROper	MORPH=empty
le	il	PROper	MORPH=empty
truisse	trover	VERcjg	MORPH=empty
,	,	PONfbl	MORPH=empty
que	que4	CONsub	MORPH=empty
ja	ja	ADVgen	MORPH=empty
aillors	aillors	ADVgen	MORPH=empty
vanter	vanter	VERinf	MORPH=empty
se	soi1	PROper	MORPH=empty
puisse	pöoir	VERcjg	MORPH=empty
qu'	que4	CONsub	MORPH=empty
il	il	PROper	MORPH=empty
soit	estre1	VERcjg	MORPH=empty
de	de	PRE	MORPH=empty
cest	cest	DETdem	MORPH=empty
païs	päis	NOMcom	MORPH=empty
venuz	venir	VERppe	MORPH=empty
.	.	PONfrt	MORPH=empty
Cist	cest	PROdem	MORPH=empty
ert	estre1	VERcjg	MORPH=empty
bien	bien1	ADVgen	MORPH=empty
pris	prendre	VERppe	MORPH=empty
et	et	CONcoo	MORPH=empty
retenuz	retenir	VERppe	MORPH=empty
,	,	PONfbl	MORPH=empty
puis	puis	ADVgen	MORPH=empty
que	que4	CONsub	MORPH=empty
Dex	Dieu	NOMpro	MORPH=empty
veoir	vëoir	VERinf	MORPH=empty
le	il	PROper	MORPH=empty
me	je	PROper	MORPH=empty
lesse	laissier	VERcjg	MORPH=empty
.	.	PONfrt	MORPH=empty
"	"	PONpxx	MORPH=empty
Tantost	tantost	ADVgen	MORPH=empty
li	le	DETdef	MORPH=empty
chevaliers	chevalier	NOMcom	MORPH=empty
s'	soi1	PROper	MORPH=empty
eslesse	eslaissier	VERcjg	MORPH=empty
sanz	sans	PRE	MORPH=empty
desfiance	desfïance	NOMcom	MORPH=empty
et	et	CONcoo	MORPH=empty
sanz	sans	PRE	MORPH=empty
menace	menace	NOMcom	MORPH=empty
,	,	PONfbl	MORPH=empty
le	le	DETdef	MORPH=empty
cheval	cheval	NOMcom	MORPH=empty
point	poindre	VERcjg	MORPH=empty
,	,	PONfbl	MORPH=empty
l'	le	DETdef	MORPH=empty
escu	escu	NOMcom	MORPH=empty
anbrace	embracier	VERcjg	MORPH=empty
.	.	PONfrt	MORPH=empty
Et	et	CONcoo	MORPH=empty
messire	seignor	NOMcom	MORPH=empty
Gauvains	Gauvain	NOMpro	MORPH=empty
s'	soi1	PROper	MORPH=empty
adresce	adrecier	VERcjg	MORPH=empty
vers	vers2	PRE	MORPH=empty
lui	il	PROper	MORPH=empty
,	,	PONfbl	MORPH=empty
sel	si+il	ADVgen.PROper	MORPH=empty
fiert	ferir	VERcjg	MORPH=empty
si	si	ADVgen	MORPH=empty
qu'	que4	CONsub	MORPH=empty
il	il	PROper	MORPH=empty
le	il	PROper	MORPH=empty
blesce	blecier	VERcjg	MORPH=empty
el	en1+le	PRE.DETdef	MORPH=empty
braz	braz	NOMcom	MORPH=empty
et	et	CONcoo	MORPH=empty
el	en1+le	PRE.DETdef	MORPH=empty
costé	costé	NOMcom	MORPH=empty
mout	mout	ADVgen	MORPH=empty
fort	fort	ADJqua	MORPH=empty
;	;	PONfbl	MORPH=empty
mes	mais1	CONcoo	MORPH=empty
ne	ne1	ADVneg	MORPH=empty
fu	estre1	VERcjg	MORPH=empty
pas	pas	ADVneg	MORPH=empty
navrez	navrer	VERppe	MORPH=empty
a	a3	PRE	MORPH=empty
mort	mort	NOMcom	MORPH=empty
,	,	PONfbl	MORPH=empty
que	que4	CONcoo	MORPH=empty
si	si	ADVgen	MORPH=empty
bien	bien1	ADVgen	MORPH=empty
se	soi1	PROper	MORPH=empty
tint	tenir1	VERcjg	MORPH=empty
li	le	DETdef	MORPH=empty
haubers	hauberc	NOMcom	MORPH=empty
c'	que4	CONsub	MORPH=empty
onques	onque	ADVgen	MORPH=empty
n'	ne1	ADVneg	MORPH=empty
i	i2	PROadv	MORPH=empty
pot	pöoir	VERcjg	MORPH=empty
passer	passer1	VERinf	MORPH=empty
li	le	DETdef	MORPH=empty
fers	fer	NOMcom	MORPH=empty
,	,	PONfbl	MORPH=empty
fors	fors1	ADVgen	MORPH=empty
que	que4	CONsub	MORPH=empty
de	de	PRE	MORPH=empty
la	le	DETdef	MORPH=empty
pointe	pointe	NOMcom	MORPH=empty
an	en1	PRE	MORPH=empty
somet	somet	NOMcom	MORPH=empty
plain	plein	ADJqua	MORPH=empty
doi	doi	NOMcom	MORPH=empty
dedanz	dedenz	PRE	MORPH=empty
le	le	DETdef	MORPH=empty
cors	cors1	NOMcom	MORPH=empty
li	il	PROper	MORPH=empty
met	metre2	VERcjg	MORPH=empty
,	,	PONfbl	MORPH=empty
sel	si+il	ADVgen.PROper	MORPH=empty
porte	porter	VERcjg	MORPH=empty
a	a3	PRE	MORPH=empty
terre	terre	NOMcom	MORPH=empty
.	.	PONfrt	MORPH=empty
Et	et	CONcoo	MORPH=empty
cil	cel	PROdem	MORPH=empty
relieve	relever	VERcjg	MORPH=empty
,	,	PONfbl	MORPH=empty
si	si	ADVgen	MORPH=empty
voit	vëoir	VERcjg	MORPH=empty
son	son4	DETpos	MORPH=empty
sanc	sanc	NOMcom	MORPH=empty
,	,	PONfbl	MORPH=empty
qui	qui	PROrel	MORPH=empty
mout	mout	ADVgen	MORPH=empty
li	il	PROper	MORPH=empty
grieve	grever	VERcjg	MORPH=empty
,	,	PONfbl	MORPH=empty
que	que4	CONcoo	MORPH=empty
par	par	PRE	MORPH=empty
le	le	DETdef	MORPH=empty
braz	braz	NOMcom	MORPH=empty
et	et	CONcoo	MORPH=empty
par	par	PRE	MORPH=empty
le	le	DETdef	MORPH=empty
flanc	flanc	NOMcom	MORPH=empty
li	il	PROper	MORPH=empty
coroit	corir	VERcjg	MORPH=empty
uns	un	DETndf	MORPH=empty
randons	randon	NOMcom	MORPH=empty
de	de	PRE	MORPH=empty
sanc	sanc	NOMcom	MORPH=empty
.	.	PONfrt	MORPH=empty
Si	si	ADVgen	MORPH=empty
li	il	PROper	MORPH=empty
cort	corir	VERcjg	MORPH=empty
a	a3	PRE	MORPH=empty
l'	le	DETdef	MORPH=empty
espee	espee	NOMcom	MORPH=empty
sore	sore	ADVgen	MORPH=empty
,	,	PONfbl	MORPH=empty
mes	mais1	CONcoo	MORPH=empty
lassez	lasser	VERppe	MORPH=empty
fu	estre1	VERcjg	MORPH=empty
an	en1	PRE	MORPH=empty
mout	mout	ADVgen	MORPH=empty
po	poi	PROind	MORPH=empty
d'	de	PRE	MORPH=empty
ore	ore3	NOMcom	MORPH=empty
si	si	ADVgen	MORPH=empty
qu'	que4	CONsub	MORPH=empty
il	il	PROper	MORPH=empty
ne	ne1	ADVneg	MORPH=empty
se	soi1	PROper	MORPH=empty
pot	pöoir	VERcjg	MORPH=empty
sostenir	sostenir	VERinf	MORPH=empty
,	,	PONfbl	MORPH=empty
einz	ainz	ADVgen	MORPH=empty
l'	il	PROper	MORPH=empty
estut	estovoir1	VERcjg	MORPH=empty
a	a3	PRE	MORPH=empty
merci	merci	NOMcom	MORPH=empty
venir	venir	VERinf	MORPH=empty
.	.	PONfrt	MORPH=empty
Et	et	CONcoo	MORPH=empty
messire	seignor	NOMcom	MORPH=empty
Gauvains	Gauvain	NOMpro	MORPH=empty
an	en2	PROadv	MORPH=empty
prant	prendre	VERcjg	MORPH=empty
la	le	DETdef	MORPH=empty
fiance	fïance	NOMcom	MORPH=empty
et	et	CONcoo	MORPH=empty
puis	puis	ADVgen	MORPH=empty
si	si	ADVgen	MORPH=empty
le	il	PROper	MORPH=empty
rant	rendre	VERcjg	MORPH=empty
au	a3+le	PRE.DETdef	MORPH=empty
notonier	notonier	NOMcom	MORPH=empty
,	,	PONfbl	MORPH=empty
qui	qui	PROrel	MORPH=empty
l'	il	PROper	MORPH=empty
atandoit	atendre	VERcjg	MORPH=empty
.	.	PONfrt	MORPH=empty
Et	et	CONcoo	MORPH=empty
la	le	DETdef	MORPH=empty
male	mal1	ADJqua	MORPH=empty
pucele	pucele	NOMcom	MORPH=empty
estoit	estre1	VERcjg	MORPH=empty
de	de	PRE	MORPH=empty
son	son4	DETpos	MORPH=empty
palefroi	palefroi	NOMcom	MORPH=empty
descendue	descendre	VERppe	MORPH=empty
.	.	PONfrt	MORPH=empty
Il	il	PROper	MORPH=empty
vient	venir	VERcjg	MORPH=empty
a	a3	PRE	MORPH=empty
li	il	PROper	MORPH=empty
,	,	PONfbl	MORPH=empty
si	si	ADVgen	MORPH=empty
la	il	PROper	MORPH=empty
salue	salüer	VERcjg	MORPH=empty
et	et	CONcoo	MORPH=empty
dit	dire	VERcjg	MORPH=empty
:	:	PONfbl	MORPH=empty
"	"	PONpxx	MORPH=empty
Remontez	remonter	VERcjg	MORPH=empty
,	,	PONfbl	MORPH=empty
bele	bel1	ADJqua	MORPH=empty
amie	ami	NOMcom	MORPH=empty
,	,	PONfbl	MORPH=empty
qu'	que4	CONcoo	MORPH=empty
ainsi	ainsi	ADVgen	MORPH=empty
ne	ne1	ADVneg	MORPH=empty
vos	vos	PROper	MORPH=empty
lesserai	laissier	VERcjg	MORPH=empty
mie	mie	ADVneg	MORPH=empty
,	,	PONfbl	MORPH=empty
einz	ainz	ADVgen	MORPH=empty
vos	vos	PROper	MORPH=empty
an	en2	PROadv	MORPH=empty
manrai	mener	VERcjg	MORPH=empty
avoec	avuec	PRE	MORPH=empty
moi	je	PROper	MORPH=empty
oltre	outre1	PRE	MORPH=empty
cele	cel	DETdem	MORPH=empty
eve	aigue	NOMcom	MORPH=empty
ou	où	PROrel	MORPH=empty
passer	passer1	VERinf	MORPH=empty
doi	devoir	VERcjg	MORPH=empty
.	.	PONfrt	MORPH=empty
Haï	häi!	INJ	MORPH=empty
!	!	PONfrt	MORPH=empty
fet	faire	VERcjg	MORPH=empty
ele	il	PROper	MORPH=empty
,	,	PONfbl	MORPH=empty
chevaliers	chevalier	NOMcom	MORPH=empty
,	,	PONfbl	MORPH=empty
con	come1	CONsub	MORPH=empty
or	or4	ADVgen	MORPH=empty
vos	vos	PROper	MORPH=empty
feites	faire	VERcjg	MORPH=empty
bauz	baut	ADJqua	MORPH=empty
et	et	CONcoo	MORPH=empty
fiers	fier	ADJqua	MORPH=empty
!	!	PONfrt	MORPH=empty
Vos	vos	PROper	MORPH=empty
eüssiez	avoir	VERcjg	MORPH=empty
bataille	bataille	NOMcom	MORPH=empty
assez	assez	ADVgen	MORPH=empty
se	se	CONsub	MORPH=empty
mes	mon1	DETpos	MORPH=empty
amis	ami	NOMcom	MORPH=empty
ne	ne1	ADVneg	MORPH=empty
fust	estre1	VERcjg	MORPH=empty
lassez	lasser	VERppe	MORPH=empty
de	de	PRE	MORPH=empty
viez	viez	ADJqua	MORPH=empty
plaies	plaie1	NOMcom	MORPH=empty
qu'	que2	PROrel	MORPH=empty
il	il	PROper	MORPH=empty
a	avoir	VERcjg	MORPH=empty
eües	avoir	VERppe	MORPH=empty
.	.	PONfrt	MORPH=empty
Mout	mout	ADVgen	MORPH=empty
fussent	estre1	VERcjg	MORPH=empty
voz	vostre	DETpos	MORPH=empty
jengles	jangle	NOMcom	MORPH=empty
cheües	chëoir	VERppe	MORPH=empty
,	,	PONfbl	MORPH=empty
n'	ne1	ADVneg	MORPH=empty
eüssiez	avoir	VERcjg	MORPH=empty
or	or4	ADVgen	MORPH=empty
mie	mie	ADVneg	MORPH=empty
tant	tant	ADVgen	MORPH=empty
jengle	jangle	NOMcom	MORPH=empty
,	,	PONfbl	MORPH=empty
plus	plus	ADVgen	MORPH=empty
fussiez	estre1	VERcjg	MORPH=empty
muz	mu1	ADJqua	MORPH=empty
que	que4	CONsub	MORPH=empty
maz	mat	ADJqua	MORPH=empty
an	en1	PRE	MORPH=empty
engle	angle	NOMcom	MORPH=empty
.	.	PONfrt	MORPH=empty
Mes	mais1	CONcoo	MORPH=empty
or	or4	ADVgen	MORPH=empty
me	je	PROper	MORPH=empty
reconuissiez	reconoistre	VERcjg	MORPH=empty
voir	voir	ADVgen	MORPH=empty
:	:	PONfbl	MORPH=empty
cuidiez	cuidier1	VERcjg	MORPH=empty
vos	vos	PROper	MORPH=empty
mialz	mieus	ADVgen	MORPH=empty
de	de	PRE	MORPH=empty
lui	il	PROper	MORPH=empty
valoir	valoir	VERinf	MORPH=empty
por	por2	PRE	MORPH=empty
ce	ce1	PROdem	MORPH=empty
que	que4	CONsub	MORPH=empty
abatu	abatre	VERppe	MORPH=empty
l'	il	PROper	MORPH=empty
avez	avoir	VERcjg	MORPH=empty
?	?	PONfrt	MORPH=empty
Sovant	sovent	ADVgen	MORPH=empty
avient	avenant	VERcjg	MORPH=empty
,	,	PONfbl	MORPH=empty
bien	bien1	ADVgen	MORPH=empty
le	il	PROper	MORPH=empty
savez	savoir	VERcjg	MORPH=empty
,	,	PONfbl	MORPH=empty
que	que4	CONsub	MORPH=empty
li	le	DETdef	MORPH=empty
foibles	foible	ADJqua	MORPH=empty
abat	abatre	VERcjg	MORPH=empty
le	le	DETdef	MORPH=empty
fort	fort	ADJqua	MORPH=empty
.	.	PONfrt	MORPH=empty
Mes	mais1	CONcoo	MORPH=empty
se	se	CONsub	MORPH=empty
vos	vos	PROper	MORPH=empty
lesseiez	laissier	VERcjg	MORPH=empty
cest	cest	DETdem	MORPH=empty
port	port2	NOMcom	MORPH=empty
et	et	CONcoo	MORPH=empty
ansanble	ensemble	ADVgen	MORPH=empty
o	o4	PRE	MORPH=empty
moi	je	PROper	MORPH=empty
veniez	venir	VERcjg	MORPH=empty
vers	vers2	PRE	MORPH=empty
cel	cel	DETdem	MORPH=empty
arbre	arbre	NOMcom	MORPH=empty
et	et	CONcoo	MORPH=empty
vos	vos	PROper	MORPH=empty
feisiez	faire	VERcjg	MORPH=empty
une	un	DETndf	MORPH=empty
chose	chose	NOMcom	MORPH=empty
que	que2	PROrel	MORPH=empty
mes	mon1	DETpos	MORPH=empty
amis	ami	NOMcom	MORPH=empty
,	,	PONfbl	MORPH=empty
que	que2	PROrel	MORPH=empty
vos	vos	PROper	MORPH=empty
avez	avoir	VERcjg	MORPH=empty
an	en1	PRE	MORPH=empty
la	le	DETdef	MORPH=empty
nef	nef2	NOMcom	MORPH=empty
mis	metre2	VERppe	MORPH=empty
,	,	PONfbl	MORPH=empty
feisoit	faire	VERcjg	MORPH=empty
por	por2	PRE	MORPH=empty
moi	je	PROper	MORPH=empty
quant	cant1	CONsub	MORPH=empty
je	je	PROper	MORPH=empty
voloie	voloir	VERcjg	MORPH=empty
,	,	PONfbl	MORPH=empty
adonques	adonc	ADVgen	MORPH=empty
vos	vos	PROper	MORPH=empty
tesmoingneroie	tesmoignier	VERcjg	MORPH=empty
que	que4	CONsub	MORPH=empty
vos	vos	PROper	MORPH=empty
vaudreiez	valoir	VERcjg	MORPH=empty
mialz	mieus	ADVgen	MORPH=empty
que	que1	CONsub	MORPH=empty
il	il	PROper	MORPH=empty
ne	ne2	CONcoo	MORPH=empty
ne	ne1	ADVneg	MORPH=empty
vos	vos	PROper	MORPH=empty
avroie	avoir	VERcjg	MORPH=empty
plus	plus	ADVgen	MORPH=empty
vil	vil1	ADJqua	MORPH=empty
.	.	PONfrt	MORPH=empty
Por	por2	PRE	MORPH=empty
aler	aler	VERinf	MORPH=empty
,	,	PONfbl	MORPH=empty
fet	faire	VERcjg	MORPH=empty
il	il	PROper	MORPH=empty
,	,	PONfbl	MORPH=empty
jusque	jusque	PRE	MORPH=empty
la	là	ADVgen	MORPH=empty
,	,	PONfbl	MORPH=empty
pucele	pucele	NOMcom	MORPH=empty
,	,	PONfbl	MORPH=empty
ne	ne1	ADVneg	MORPH=empty
remanra	remanoir	VERcjg	MORPH=empty
ja	ja	ADVgen	MORPH=empty
que	que4	CONsub	MORPH=empty
vostre	vostre	DETpos	MORPH=empty
volanté	volenté	NOMcom	MORPH=empty
ne	ne1	ADVneg	MORPH=empty
face	faire	VERcjg	MORPH=empty
.	.	PONfrt	MORPH=empty
"	"	PONpxx	MORPH=empty
Et	et	CONcoo	MORPH=empty
cele	cel	PROdem	MORPH=empty
dit	dire	VERcjg	MORPH=empty
:	:	PONfbl	MORPH=empty
"	"	PONpxx	MORPH=empty
Ja	ja	ADVgen	MORPH=empty
Dex	Dieu	NOMpro	MORPH=empty
ne	ne1	ADVneg	MORPH=empty
place	plaire	VERcjg	MORPH=empty
que	que4	CONsub	MORPH=empty
ge	je	PROper	MORPH=empty
retorner	retorner	VERinf	MORPH=empty
vos	vos	PROper	MORPH=empty
an	en2	PROadv	MORPH=empty
voie	vëoir	VERcjg	MORPH=empty
!	!	PONfrt	MORPH=empty
"	"	PONpxx	MORPH=empty
Atant	atant	ADVgen	MORPH=empty
se	soi1	PROper	MORPH=empty
metent	metre2	VERcjg	MORPH=empty
a	a3	PRE	MORPH=empty
la	le	DETdef	MORPH=empty
voie	voie	NOMcom	MORPH=empty
,	,	PONfbl	MORPH=empty
ele	il	PROper	MORPH=empty
devant	devant	ADVgen	MORPH=empty
et	et	CONcoo	MORPH=empty
il	il	PROper	MORPH=empty
aprés	après	ADVgen	MORPH=empty
.	.	PONfrt	MORPH=empty
Et	et	CONcoo	MORPH=empty
les	le	DETdef	MORPH=empty
puceles	pucele	NOMcom	MORPH=empty
del	de+le	PRE.DETdef	MORPH=empty
palés	palais2	NOMcom	MORPH=empty
et	et	CONcoo	MORPH=empty
les	le	DETdef	MORPH=empty
dames	dame	NOMcom	MORPH=empty
lor	lor2	DETpos	MORPH=empty
chevox	chevel	NOMcom	MORPH=empty
tirent	tirer	VERcjg	MORPH=empty
et	et	CONcoo	MORPH=empty
lor	lor2	DETpos	MORPH=empty
dras	drap	NOMcom	MORPH=empty
ronpent	rompre	VERcjg	MORPH=empty
et	et	CONcoo	MORPH=empty
dessirent	descirier	VERcjg	MORPH=empty
;	;	PONfbl	MORPH=empty
et	et	CONcoo	MORPH=empty
dïent	dire	VERcjg	MORPH=empty
:	:	PONfbl	MORPH=empty
"	"	PONpxx	MORPH=empty
Ha	ha	INJ	MORPH=empty
!	!	PONfrt	MORPH=empty
lasses	las	ADJqua	MORPH=empty
cheitives	chaitif	ADJqua	MORPH=empty
,	,	PONfbl	MORPH=empty
por	por2	PRE	MORPH=empty
coi	coi2	PROrel	MORPH=empty
somes	estre1	VERcjg	MORPH=empty
nos	nos1	PROper	MORPH=empty
or	or4	ADVgen	MORPH=empty
tant	tant	ADVgen	MORPH=empty
vives	vif	ADJqua	MORPH=empty
,	,	PONfbl	MORPH=empty
quant	cant1	CONsub	MORPH=empty
nos	nos1	PROper	MORPH=empty
veons	vëoir	VERcjg	MORPH=empty
aler	aler	VERinf	MORPH=empty
celui	cel	PROdem	MORPH=empty
a	a3	PRE	MORPH=empty
sa	son4	DETpos	MORPH=empty
honte	honte	NOMcom	MORPH=empty
et	et	CONcoo	MORPH=empty
a	a3	PRE	MORPH=empty
son	son4	DETpos	MORPH=empty
enui	enui	NOMcom	MORPH=empty
qui	qui	PROrel	MORPH=empty
nostre	nostre	DETpos	MORPH=empty
sires	seignor	NOMcom	MORPH=empty
devoit	devoir	VERcjg	MORPH=empty
estre	estre1	VERinf	MORPH=empty
?	?	PONfrt	MORPH=empty
La	le	DETdef	MORPH=empty
male	mal1	ADJqua	MORPH=empty
pucele	pucele	NOMcom	MORPH=empty
l'	il	PROper	MORPH=empty
adestre	adestrer	VERcjg	MORPH=empty
,	,	PONfbl	MORPH=empty
si	si	ADVgen	MORPH=empty
l'	il	PROper	MORPH=empty
an	en2	PROadv	MORPH=empty
mainne	mener	VERcjg	MORPH=empty
,	,	PONfbl	MORPH=empty
la	le	DETdef	MORPH=empty
deputaire	deputaire	ADJqua	MORPH=empty
,	,	PONfbl	MORPH=empty
la	là	ADVgen	MORPH=empty
don	dont	PROrel	MORPH=empty
chevaliers	chevalier	NOMcom	MORPH=empty
ne	ne1	ADVneg	MORPH=empty
repaire	repairier	VERcjg	MORPH=empty
.	.	PONfrt	MORPH=empty
Lasses	las	ADJqua	MORPH=empty
,	,	PONfbl	MORPH=empty
tant	tant	ADVgen	MORPH=empty
somes	estre1	VERcjg	MORPH=empty
acorees	acorer	VERppe	MORPH=empty
qui	qui	PROrel	MORPH=empty
si	si	ADVgen	MORPH=empty
buer	buer	ADVgen	MORPH=empty
estions	estre1	VERcjg	MORPH=empty
or	or4	ADVgen	MORPH=empty
nees	naistre	VERppe	MORPH=empty
,	,	PONfbl	MORPH=empty
que	que4	CONsub	MORPH=empty
Dex	Dieu	NOMpro	MORPH=empty
anveié	envoiier	VERppe	MORPH=empty
nos	nos1	PROper	MORPH=empty
avoit	avoir	VERcjg	MORPH=empty
celui	cel	PROdem	MORPH=empty
qui	qui	PROrel	MORPH=empty
toz	tot	DETind	MORPH=empty
les	le	DETdef	MORPH=empty
biens	bien2	NOMcom	MORPH=empty
savoit	savoir	VERcjg	MORPH=empty
,	,	PONfbl	MORPH=empty
celui	cel	PROdem	MORPH=empty
an	en1	PRE	MORPH=empty
cui	cui	PROrel	MORPH=empty
ne	ne1	ADVneg	MORPH=empty
failloit	falir	VERcjg	MORPH=empty
riens	rien	PROind	MORPH=empty
,	,	PONfbl	MORPH=empty
ne	ne2	CONcoo	MORPH=empty
hardemenz	hardement	NOMcom	MORPH=empty
ne	ne2	CONcoo	MORPH=empty
autres	autre	DETind	MORPH=empty
biens	bien2	NOMcom	MORPH=empty
.	.	PONfrt	MORPH=empty
"	"	PONpxx	MORPH=empty
Ensi	ainsi	ADVgen	MORPH=empty
lor	lor2	DETpos	MORPH=empty
duel	duel	NOMcom	MORPH=empty
celes	cel	PROdem	MORPH=empty
feisoient	faire	VERcjg	MORPH=empty
por	por2	PRE	MORPH=empty
lor	lor2	DETpos	MORPH=empty
seignor	seignor	NOMcom	MORPH=empty
qu'	que2	PROrel	MORPH=empty
eles	il	PROper	MORPH=empty
veoient	vëoir	VERcjg	MORPH=empty
sivre	sivre	VERinf	MORPH=empty
la	le	DETdef	MORPH=empty
male	mal1	ADJqua	MORPH=empty
dameisele	damoisele	NOMcom	MORPH=empty
.	.	PONfrt	MORPH=empty
Soz	soz	PRE	MORPH=empty
l'	le	DETdef	MORPH=empty
arbre	arbre	NOMcom	MORPH=empty
vienent	venir	VERcjg	MORPH=empty
cil	cel	PROdem	MORPH=empty
et	et	CONcoo	MORPH=empty
cele	cel	PROdem	MORPH=empty
,	,	PONfbl	MORPH=empty
et	et	CONcoo	MORPH=empty
quant	cant1	CONsub	MORPH=empty
il	il	PROper	MORPH=empty
furent	estre1	VERcjg	MORPH=empty
venu	venir	VERppe	MORPH=empty
la	là	ADVgen	MORPH=empty
,	,	PONfbl	MORPH=empty
messire	seignor	NOMcom	MORPH=empty
Gauvains	Gauvain	NOMpro	MORPH=empty
l'	il	PROper	MORPH=empty
apela	apeler	VERcjg	MORPH=empty
:	:	PONfbl	MORPH=empty
"	"	PONpxx	MORPH=empty
Pucele	pucele	NOMcom	MORPH=empty
,	,	PONfbl	MORPH=empty
fet	faire	VERcjg	MORPH=empty
il	il	PROper	MORPH=empty
,	,	PONfbl	MORPH=empty
or	or4	ADVgen	MORPH=empty
me	je	PROper	MORPH=empty
dites	dire	VERcjg	MORPH=empty
se	se	CONsub	MORPH=empty
ge	je	PROper	MORPH=empty
puis	pöoir	VERcjg	MORPH=empty
ancor	encore	ADVgen	MORPH=empty
estre	estre1	VERinf	MORPH=empty
quites	quite	ADJqua	MORPH=empty
.	.	PONfrt	MORPH=empty
Se	se	CONsub	MORPH=empty
il	il	PROimp	MORPH=empty
vos	vos	PROper	MORPH=empty
plest	plaire	VERcjg	MORPH=empty
que	que4	CONsub	MORPH=empty
ge	je	PROper	MORPH=empty
plus	plus	ADVgen	MORPH=empty
face	faire	VERcjg	MORPH=empty
,	,	PONfbl	MORPH=empty
einz	ainz	ADVgen	MORPH=empty
que	que4	CONsub	MORPH=empty
ge	je	PROper	MORPH=empty
perde	perdre	VERcjg	MORPH=empty
vostre	vostre	DETpos	MORPH=empty
grace	grace	NOMcom	MORPH=empty
,	,	PONfbl	MORPH=empty
le	il	PROper	MORPH=empty
ferai	faire	VERcjg	MORPH=empty
ge	je	PROper	MORPH=empty
,	,	PONfbl	MORPH=empty
se	se	CONsub	MORPH=empty
j'	je	PROper	MORPH=empty
onques	onque	ADVgen	MORPH=empty
puis	pöoir	VERcjg	MORPH=empty
.	.	PONfrt	MORPH=empty
"	"	PONpxx	MORPH=empty
Et	et	CONcoo	MORPH=empty
la	le	DETdef	MORPH=empty
pucele	pucele	NOMcom	MORPH=empty
li	il	PROper	MORPH=empty
dist	dire	VERcjg	MORPH=empty
puis	puis	ADVgen	MORPH=empty
:	:	PONfbl	MORPH=empty
"	"	PONpxx	MORPH=empty
Veez	vëoir	VERcjg	MORPH=empty
vos	vos	PROper	MORPH=empty
or	or4	ADVgen	MORPH=empty
ce	ce2	DETdem	MORPH=empty
gué	gué	NOMcom	MORPH=empty
parfont	parfont	ADJqua	MORPH=empty
,	,	PONfbl	MORPH=empty
don	dont	PROrel	MORPH=empty
les	le	DETdef	MORPH=empty
rives	rive	NOMcom	MORPH=empty
si	si	ADVgen	MORPH=empty
hautes	haut	ADJqua	MORPH=empty
sont	estre1	VERcjg	MORPH=empty
?	?	PONfrt	MORPH=empty
Mes	mon1	DETpos	MORPH=empty
amis	ami	NOMcom	MORPH=empty
passer	passer1	VERinf	MORPH=empty
i	i2	PROadv	MORPH=empty
soloit	soloir	VERcjg	MORPH=empty
.	.	PONfrt	MORPH=empty
Mes	mais1	CONcoo	MORPH=empty
ge	je	PROper	MORPH=empty
ne	ne1	ADVneg	MORPH=empty
sai	savoir	VERcjg	MORPH=empty
ou	où	PROrel	MORPH=empty
li	le	DETdef	MORPH=empty
guez	gué	NOMcom	MORPH=empty
soit	estre1	VERcjg	MORPH=empty
!	!	PONfrt	MORPH=empty
La	le	DETdef	MORPH=empty
rive	rive	NOMcom	MORPH=empty
est	estre1	VERcjg	MORPH=empty
trop	trop	ADVgen	MORPH=empty
haute	haut	ADJqua	MORPH=empty
,	,	PONfbl	MORPH=empty
ce	ce1	PROdem	MORPH=empty
dot	doter2	VERcjg	MORPH=empty
,	,	PONfbl	MORPH=empty
et	et	CONcoo	MORPH=empty
li	le	DETdef	MORPH=empty
guez	gué	NOMcom	MORPH=empty
trop	trop	ADVgen	MORPH=empty
parfonz	parfont	ADJqua	MORPH=empty
par	par	PRE	MORPH=empty
tot	tot	PROind	MORPH=empty
,	,	PONfbl	MORPH=empty
si	si	ADVgen	MORPH=empty
qu'	que4	CONsub	MORPH=empty
an	on	PROind	MORPH=empty
n'	ne1	ADVneg	MORPH=empty
i	i2	PROadv	MORPH=empty
porroit	pöoir	VERcjg	MORPH=empty
avaler	avaler	VERinf	MORPH=empty
.	.	PONfrt	MORPH=empty
Vos	vos	PROper	MORPH=empty
n'	ne1	ADVneg	MORPH=empty
i	i2	PROadv	MORPH=empty
oseriez	oser	VERcjg	MORPH=empty
antrer	entrer	VERinf	MORPH=empty
,	,	PONfbl	MORPH=empty
fet	faire	VERcjg	MORPH=empty
la	le	DETdef	MORPH=empty
pucele	pucele	NOMcom	MORPH=empty
,	,	PONfbl	MORPH=empty
bien	bien1	ADVgen	MORPH=empty
le	il	PROper	MORPH=empty
sai	savoir	VERcjg	MORPH=empty
.	.	PONfrt	MORPH=empty
Onques	onque	ADVgen	MORPH=empty
certes	certes	ADVgen	MORPH=empty
nel	ne1+il	ADVneg.PROper	MORPH=empty
me	je	PROper	MORPH=empty
pansai	penser	VERcjg	MORPH=empty
que	que4	CONsub	MORPH=empty
vos	vos	PROper	MORPH=empty
tant	tant	ADVgen	MORPH=empty
de	de	PRE	MORPH=empty
cuer	cuer2	NOMcom	MORPH=empty
eüssiez	avoir	VERcjg	MORPH=empty
que	que4	CONsub	MORPH=empty
ja	ja	ADVgen	MORPH=empty
passer	passer1	VERinf	MORPH=empty
i	i2	PROadv	MORPH=empty
osessiez	oser	VERcjg	MORPH=empty
,	,	PONfbl	MORPH=empty
que	que4	CONcoo	MORPH=empty
ce	ce1	PROdem	MORPH=empty
est	estre1	VERcjg	MORPH=empty
li	le	DETdef	MORPH=empty
Guez	gué	NOMcom	MORPH=empty
Perilleus	perillos	ADJqua	MORPH=empty
que	que2	PROrel	MORPH=empty
nus	nul	PROind	MORPH=empty
,	,	PONfbl	MORPH=empty
se	se	CONsub	MORPH=empty
trop	trop	ADVgen	MORPH=empty
n'	ne1	ADVneg	MORPH=empty
est	estre1	VERcjg	MORPH=empty
mervelleus	merveillos	ADJqua	MORPH=empty
,	,	PONfbl	MORPH=empty
n'	ne1	ADVneg	MORPH=empty
ose	oser	VERcjg	MORPH=empty
passer	passer1	VERinf	MORPH=empty
por	por2	PRE	MORPH=empty
nule	nul	DETind	MORPH=empty
painne	peine	NOMcom	MORPH=empty
.	.	PONfrt	MORPH=empty
"	"	PONpxx	MORPH=empty
Tantost	tantost	ADVgen	MORPH=empty
jusqu'	jusque	PRE	MORPH=empty
a	a3	PRE	MORPH=empty
la	le	DETdef	MORPH=empty
rive	rive	NOMcom	MORPH=empty
amainne	amener	VERcjg	MORPH=empty
messire	seignor	NOMcom	MORPH=empty
Gauvains	Gauvain	NOMpro	MORPH=empty
son	son4	DETpos	MORPH=empty
cheval	cheval	NOMcom	MORPH=empty
et	et	CONcoo	MORPH=empty
voit	vëoir	VERcjg	MORPH=empty
l'	le	DETdef	MORPH=empty
eve	aigue	NOMcom	MORPH=empty
parfonde	parfont	ADJqua	MORPH=empty
aval	aval	ADVgen	MORPH=empty
et	et	CONcoo	MORPH=empty
la	le	DETdef	MORPH=empty
rive	rive	NOMcom	MORPH=empty
contremont	contremont	ADVgen	MORPH=empty
droite	droit	ADJqua	MORPH=empty
,	,	PONfbl	MORPH=empty
mes	mais1	CONcoo	MORPH=empty
la	le	DETdef	MORPH=empty
riviere	riviere	NOMcom	MORPH=empty
fu	estre1	VERcjg	MORPH=empty
estroite	estroit	ADJqua	MORPH=empty
.	.	PONfrt	MORPH=empty
Qant	cant1	CONsub	MORPH=empty
messire	seignor	NOMcom	MORPH=empty
Gauvains	Gauvain	NOMpro	MORPH=empty
la	il	PROper	MORPH=empty
voit	vëoir	VERcjg	MORPH=empty
,	,	PONfbl	MORPH=empty
si	si	ADVgen	MORPH=empty
dit	dire	VERcjg	MORPH=empty
que	que4	CONsub	MORPH=empty
ses	son4	DETpos	MORPH=empty
chevax	cheval	NOMcom	MORPH=empty
avoit	avoir	VERcjg	MORPH=empty
maint	maint	DETind	MORPH=empty
greignor	grant	ADJqua	MORPH=empty
fossé	fossé	NOMcom	MORPH=empty
tressailli	tressalir	VERppe	MORPH=empty
et	et	CONcoo	MORPH=empty
panse	penser	VERcjg	MORPH=empty
qu'	que4	CONsub	MORPH=empty
il	il	PROper	MORPH=empty
avoit	avoir	VERcjg	MORPH=empty
oï	öir	VERppe	MORPH=empty
dire	dire	VERinf	MORPH=empty
et	et	CONcoo	MORPH=empty
conter	conter	VERinf	MORPH=empty
an	en1	PRE	MORPH=empty
plusors	plusor	DETind	MORPH=empty
leus	lieu	NOMcom	MORPH=empty
que	que4	CONsub	MORPH=empty
cil	cel	PROdem	MORPH=empty
qui	qui	PROrel	MORPH=empty
del	de+le	PRE.DETdef	MORPH=empty
Gué	gué	NOMcom	MORPH=empty
Perilleus	perillos	ADJqua	MORPH=empty
porroit	pöoir	VERcjg	MORPH=empty
passer	passer1	VERinf	MORPH=empty
l'	le	DETdef	MORPH=empty
eve	aigue	NOMcom	MORPH=empty
parfonde	parfont	ADJqua	MORPH=empty
,	,	PONfbl	MORPH=empty
qu'	que4	CONsub	MORPH=empty
il	il	PROper	MORPH=empty
avroit	avoir	VERcjg	MORPH=empty
tot	tot	DETind	MORPH=empty
le	le	DETdef	MORPH=empty
pris	pris1	NOMcom	MORPH=empty
del	de+le	PRE.DETdef	MORPH=empty
monde	monde1	NOMcom	MORPH=empty
.	.	PONfrt	MORPH=empty
Lors	lors	ADVgen	MORPH=empty
s'	soi1	PROper	MORPH=empty
esloigne	esloignier	VERcjg	MORPH=empty
de	de	PRE	MORPH=empty
la	le	DETdef	MORPH=empty
riviere	riviere	NOMcom	MORPH=empty
et	et	CONcoo	MORPH=empty
vient	venir	VERcjg	MORPH=empty
toz	tot	DETind	MORPH=empty
les	le	DETdef	MORPH=empty
galoz	galop	NOMcom	MORPH=empty
arriere	ariere	ADVgen	MORPH=empty
por	por2	PRE	MORPH=empty
saillir	salir2	VERinf	MORPH=empty
oltre	outre1	ADVgen	MORPH=empty
;	;	PONfbl	MORPH=empty
mes	mais1	CONcoo	MORPH=empty
il	il	PROper	MORPH=empty
faut	falir	VERcjg	MORPH=empty
,	,	PONfbl	MORPH=empty
qu'	que4	CONcoo	MORPH=empty
il	il	PROper	MORPH=empty
ne	ne1	ADVneg	MORPH=empty
prist	prendre	VERcjg	MORPH=empty
mie	mie	ADVneg	MORPH=empty
bien	bien1	ADVgen	MORPH=empty
son	son4	DETpos	MORPH=empty
saut	saut2	NOMcom	MORPH=empty
,	,	PONfbl	MORPH=empty
si	si	ADVgen	MORPH=empty
sailli	salir2	VERcjg	MORPH=empty
droit	droit	ADJqua	MORPH=empty
enmi	enmi	PRE	MORPH=empty
le	le	DETdef	MORPH=empty
gué	gué	NOMcom	MORPH=empty
,	,	PONfbl	MORPH=empty
et	et	CONcoo	MORPH=empty
ses	son4	DETpos	MORPH=empty
chevax	cheval	NOMcom	MORPH=empty
a	avoir	VERcjg	MORPH=empty
tant	tant	ADVgen	MORPH=empty
noé	nöer1	VERppe	MORPH=empty
qu'	que4	CONsub	MORPH=empty
il	il	PROper	MORPH=empty
prist	prendre	VERcjg	MORPH=empty
terre	terre	NOMcom	MORPH=empty
de	de	PRE	MORPH=empty
.iiii.	4	DETcar	MORPH=empty
piez	pié	NOMcom	MORPH=empty
,	,	PONfbl	MORPH=empty
si	si	ADVgen	MORPH=empty
s'	soi1	PROper	MORPH=empty
est	estre1	VERcjg	MORPH=empty
por	por2	PRE	MORPH=empty
saillir	salir2	VERinf	MORPH=empty
afichiez	afichier	VERppe	MORPH=empty
.	.	PONfrt	MORPH=empty
Si	si	ADVgen	MORPH=empty
bien	bien1	ADVgen	MORPH=empty
s'	soi1	PROper	MORPH=empty
afiche	afichier	VERcjg	MORPH=empty
que	que4	CONsub	MORPH=empty
il	il	PROper	MORPH=empty
saute	sauter	VERcjg	MORPH=empty
sor	sor2	PRE	MORPH=empty
la	le	DETdef	MORPH=empty
rive	rive	NOMcom	MORPH=empty
,	,	PONfbl	MORPH=empty
qui	qui	PROrel	MORPH=empty
mout	mout	ADVgen	MORPH=empty
fu	estre1	VERcjg	MORPH=empty
haute	haut	ADJqua	MORPH=empty
.	.	PONfrt	MORPH=empty
Qant	cant1	CONsub	MORPH=empty
sor	sor2	PRE	MORPH=empty
la	le	DETdef	MORPH=empty
rive	rive	NOMcom	MORPH=empty
fu	estre1	VERcjg	MORPH=empty
venuz	venir	VERppe	MORPH=empty
,	,	PONfbl	MORPH=empty
si	si	ADVgen	MORPH=empty
s'	soi1	PROper	MORPH=empty
est	estre1	VERcjg	MORPH=empty
toz	tot	ADVgen	MORPH=empty
coiz	coi1	ADJqua	MORPH=empty
an	en1	PRE	MORPH=empty
piez	pié	NOMcom	MORPH=empty
tenuz	tenir1	VERppe	MORPH=empty
,	,	PONfbl	MORPH=empty
c'	que4	CONsub	MORPH=empty
onques	onque	ADVgen	MORPH=empty
ne	ne1	ADVneg	MORPH=empty
se	soi1	PROper	MORPH=empty
pot	pöoir	VERcjg	MORPH=empty
removoir	removoir	VERinf	MORPH=empty
;	;	PONfbl	MORPH=empty
ençois	ainçois	ADVgen	MORPH=empty
covint	covenir	VERcjg	MORPH=empty
par	par	PRE	MORPH=empty
estovoir	estovoir2	NOMcom	MORPH=empty
monseignor	seignor	NOMcom	MORPH=empty
Gauvain	Gauvain	NOMpro	MORPH=empty
a	a3	PRE	MORPH=empty
descendre	descendre	VERinf	MORPH=empty
,	,	PONfbl	MORPH=empty
que	que4	CONsub	MORPH=empty
mout	mout	ADVgen	MORPH=empty
trova	trover	VERcjg	MORPH=empty
son	son4	DETpos	MORPH=empty
cheval	cheval	NOMcom	MORPH=empty
tandre	tendre2	ADJqua	MORPH=empty
.	.	PONfrt	MORPH=empty
Et	et	CONcoo	MORPH=empty
il	il	PROper	MORPH=empty
est	estre1	VERcjg	MORPH=empty
descenduz	descendre	VERppe	MORPH=empty
tantost	tantost	ADVgen	MORPH=empty
et	et	CONcoo	MORPH=empty
s'	si	ADVgen	MORPH=empty
a	avoir	VERcjg	MORPH=empty
talant	talent	NOMcom	MORPH=empty
que	que4	CONsub	MORPH=empty
il	il	PROper	MORPH=empty
li	il	PROper	MORPH=empty
ost	oster2	VERcjg	MORPH=empty
la	le	DETdef	MORPH=empty
sele	sele	NOMcom	MORPH=empty
;	;	PONfbl	MORPH=empty
et	et	CONcoo	MORPH=empty
il	il	PROper	MORPH=empty
li	il	PROper	MORPH=empty
a	avoir	VERcjg	MORPH=empty
ostee	oster2	VERppe	MORPH=empty
et	et	CONcoo	MORPH=empty
por	por2	PRE	MORPH=empty
essuier	essuier	VERinf	MORPH=empty
acostee	acoster	VERppe	MORPH=empty
.	.	PONfrt	MORPH=empty
Qant	cant1	CONsub	MORPH=empty
li	le	DETdef	MORPH=empty
peitrax	poitral	NOMcom	MORPH=empty
li	il	PROper	MORPH=empty
fu	estre1	VERcjg	MORPH=empty
ostez	oster2	VERppe	MORPH=empty
,	,	PONfbl	MORPH=empty
l'	le	DETdef	MORPH=empty
eve	aigue	NOMcom	MORPH=empty
del	de+le	PRE.DETdef	MORPH=empty
dos	dos	NOMcom	MORPH=empty
et	et	CONcoo	MORPH=empty
des	de+le	PRE.DETdef	MORPH=empty
costez	costé	NOMcom	MORPH=empty
et	et	CONcoo	MORPH=empty
des	de+le	PRE.DETdef	MORPH=empty
janbes	jambe	NOMcom	MORPH=empty
li	il	PROper	MORPH=empty
abat	abatre	VERcjg	MORPH=empty
jus	jus1	ADVgen	MORPH=empty
.	.	PONfrt	MORPH=empty
Puis	puis	ADVgen	MORPH=empty
met	metre2	VERcjg	MORPH=empty
la	le	DETdef	MORPH=empty
sele	sele	NOMcom	MORPH=empty
et	et	CONcoo	MORPH=empty
monte	monter	VERcjg	MORPH=empty
sus	sus	ADVgen	MORPH=empty
,	,	PONfbl	MORPH=empty
si	si	ADVgen	MORPH=empty
s'	soi1	PROper	MORPH=empty
an	en2	PROadv	MORPH=empty
vet	aler	VERcjg	MORPH=empty
le	le	DETdef	MORPH=empty
passet	passet	NOMcom	MORPH=empty
petit	petit	ADJqua	MORPH=empty
tant	tant	ADVgen	MORPH=empty
que	que4	CONsub	MORPH=empty
.i.	un	DETndf	MORPH=empty
seul	sol1	ADJqua	MORPH=empty
chevalier	chevalier	NOMcom	MORPH=empty
vit	vëoir	VERcjg	MORPH=empty
qui	qui	PROrel	MORPH=empty
gibeçoit	gibecier1	VERcjg	MORPH=empty
d'	de	PRE	MORPH=empty
un	un	DETndf	MORPH=empty
esprevier	esprevier	NOMcom	MORPH=empty
.	.	PONfrt	MORPH=empty
El	en1+le	PRE.DETdef	MORPH=empty
pré	pré	NOMcom	MORPH=empty
devant	devant	PRE	MORPH=empty
le	le	DETdef	MORPH=empty
chevalier	chevalier	NOMcom	MORPH=empty
avoit	avoir	VERcjg	MORPH=empty
.iii.	3	DETcar	MORPH=empty
chiennez	chienet	NOMcom	MORPH=empty
a	a3	PRE	MORPH=empty
oisiax	oisel	NOMcom	MORPH=empty
.	.	PONfrt	MORPH=empty
Li	le	DETdef	MORPH=empty
chevaliers	chevalier	NOMcom	MORPH=empty
par	par2	ADVgen	MORPH=empty
fu	estre1	VERcjg	MORPH=empty
tant	tant	ADVgen	MORPH=empty
biax	bel1	ADJqua	MORPH=empty
qu'	que4	CONsub	MORPH=empty
an	on	PROind	MORPH=empty
nel	ne1+il	ADVneg.PROper	MORPH=empty
porroit	pöoir	VERcjg	MORPH=empty
dire	dire	VERinf	MORPH=empty
de	de	PRE	MORPH=empty
boche	boche	NOMcom	MORPH=empty
.	.	PONfrt	MORPH=empty
Qant	cant1	CONsub	MORPH=empty
messire	seignor	NOMcom	MORPH=empty
Gauvains	Gauvain	NOMpro	MORPH=empty
l'	il	PROper	MORPH=empty
aproche	aprochier	VERcjg	MORPH=empty
,	,	PONfbl	MORPH=empty
biax	bel1	ADJqua	MORPH=empty
fu	estre1	VERcjg	MORPH=empty
sor	sor2	PRE	MORPH=empty
tote	tot	DETind	MORPH=empty
criature	crïature	NOMcom	MORPH=empty
.	.	PONfrt	MORPH=empty
"	"	PONpxx	MORPH=empty
Dex	Dieu	NOMpro	MORPH=empty
vos	vos	PROper	MORPH=empty
doint	doner	VERcjg	MORPH=empty
hui	ui	ADVgen	MORPH=empty
bone	bon	ADJqua	MORPH=empty
avanture	aventure	NOMcom	MORPH=empty
.	.	PONfrt	MORPH=empty
"	"	PONpxx	MORPH=empty
Et	et	CONcoo	MORPH=empty
cil	cel	PROdem	MORPH=empty
fu	estre1	VERcjg	MORPH=empty
de	de	PRE	MORPH=empty
respondre	respondre1	VERinf	MORPH=empty
iniax	isnel	ADJqua	MORPH=empty
:	:	PONfbl	MORPH=empty
"	"	PONpxx	MORPH=empty
Tu	tu	PROper	MORPH=empty
es	estre1	VERcjg	MORPH=empty
li	le	DETdef	MORPH=empty
boens	bon	ADJqua	MORPH=empty
,	,	PONfbl	MORPH=empty
tu	tu	PROper	MORPH=empty
es	estre1	VERcjg	MORPH=empty
li	le	DETdef	MORPH=empty
biax	bel1	ADJqua	MORPH=empty
.	.	PONfrt	MORPH=empty
Mes	mais1	ADVgen	MORPH=empty
di	dire	VERcjg	MORPH=empty
moi	je	PROper	MORPH=empty
,	,	PONfbl	MORPH=empty
se	se	CONsub	MORPH=empty
ne	ne1	ADVneg	MORPH=empty
te	tu	PROper	MORPH=empty
dessiee	dessëoir	VERcjg	MORPH=empty
,	,	PONfbl	MORPH=empty
comant	coment1	ADVsub	MORPH=empty
tu	tu	PROper	MORPH=empty
as	avoir	VERcjg	MORPH=empty
seule	sol1	ADJqua	MORPH=empty
lessiee	laissier	VERppe	MORPH=empty
la	le	DETdef	MORPH=empty
male	mal1	ADJqua	MORPH=empty
pucele	pucele	NOMcom	MORPH=empty
de	de	PRE	MORPH=empty
la	là	ADVgen	MORPH=empty
.	.	PONfrt	MORPH=empty
Sa	son4	DETpos	MORPH=empty
conpaingnie	compagnie	NOMcom	MORPH=empty
ou	où	PROrel	MORPH=empty
en	en2	PROadv	MORPH=empty
ala	aler	VERcjg	MORPH=empty
?	?	PONfrt	MORPH=empty
Sire	seignor	NOMcom	MORPH=empty
,	,	PONfbl	MORPH=empty
fet	faire	VERcjg	MORPH=empty
il	il	PROper	MORPH=empty
,	,	PONfbl	MORPH=empty
uns	un	DETndf	MORPH=empty
chevaliers	chevalier	NOMcom	MORPH=empty
qui	qui	PROrel	MORPH=empty
porte	porter	VERcjg	MORPH=empty
.i.	un	DETndf	MORPH=empty
escu	escu	NOMcom	MORPH=empty
de	de	PRE	MORPH=empty
quartiers	cartier	NOMcom	MORPH=empty
l'	il	PROper	MORPH=empty
an	en2	PROadv	MORPH=empty
menoit	mener	VERcjg	MORPH=empty
quant	cant1	CONsub	MORPH=empty
ge	je	PROper	MORPH=empty
l'	il	PROper	MORPH=empty
ancontrai	encontrer	VERcjg	MORPH=empty
.	.	PONfrt	MORPH=empty
Et	et	CONcoo	MORPH=empty
qu'	que3	PROint	MORPH=empty
an	en2	PROadv	MORPH=empty
feïs	faire	VERcjg	MORPH=empty
?	?	PONfrt	MORPH=empty
D'	de	PRE	MORPH=empty
armes	arme	NOMcom	MORPH=empty
l'	il	PROper	MORPH=empty
outrai	outrer	VERcjg	MORPH=empty
.	.	PONfrt	MORPH=empty
Et	et	CONcoo	MORPH=empty
que	que3	PROint	MORPH=empty
devint	devenir	VERcjg	MORPH=empty
li	le	DETdef	MORPH=empty
chevaliers	chevalier	NOMcom	MORPH=empty
?	?	PONfrt	MORPH=empty
Mené	mener	VERppe	MORPH=empty
l'	il	PROper	MORPH=empty
en	en2	PROadv	MORPH=empty
a	avoir	VERcjg	MORPH=empty
li	le	DETdef	MORPH=empty
notoniers	notonier	NOMcom	MORPH=empty
,	,	PONfbl	MORPH=empty
qu'	que4	CONcoo	MORPH=empty
il	il	PROper	MORPH=empty
me	je	PROper	MORPH=empty
dist	dire	VERcjg	MORPH=empty
qu'	que4	CONsub	MORPH=empty
il	il	PROper	MORPH=empty
le	il	PROper	MORPH=empty
dut	devoir	VERcjg	MORPH=empty
avoir	avoir	VERinf	MORPH=empty
.	.	PONfrt	MORPH=empty
Certes	certes	ADVgen	MORPH=empty
,	,	PONfbl	MORPH=empty
biau	bel1	ADJqua	MORPH=empty
sire	seignor	NOMcom	MORPH=empty
,	,	PONfbl	MORPH=empty
il	il	PROper	MORPH=empty
vos	vos	PROper	MORPH=empty
dist	dire	VERcjg	MORPH=empty
voir	voir	ADJqua	MORPH=empty
.	.	PONfrt	MORPH=empty
Et	et	CONcoo	MORPH=empty
la	le	DETdef	MORPH=empty
pucele	pucele	NOMcom	MORPH=empty
fu	estre1	VERcjg	MORPH=empty
m'	mon1	DETpos	MORPH=empty
amie	ami	NOMcom	MORPH=empty
,	,	PONfbl	MORPH=empty
mes	mais1	CONcoo	MORPH=empty
ensi	ainsi	ADVgen	MORPH=empty
nel	ne1+il	ADVneg.PROper	MORPH=empty
fu	estre1	VERcjg	MORPH=empty
ele	il	PROper	MORPH=empty
mie	mie	ADVneg	MORPH=empty
qu'	que4	CONsub	MORPH=empty
ele	il	PROper	MORPH=empty
onques	onque	ADVgen	MORPH=empty
me	je	PROper	MORPH=empty
deingnast	deignier	VERcjg	MORPH=empty
amer	amer1	VERinf	MORPH=empty
,	,	PONfbl	MORPH=empty
n'	ne2	CONcoo	MORPH=empty
ami	ami	NOMcom	MORPH=empty
ne	ne1	ADVneg	MORPH=empty
me	je	PROper	MORPH=empty
deingnoit	deignier	VERcjg	MORPH=empty
clamer	clamer	VERinf	MORPH=empty
,	,	PONfbl	MORPH=empty
n'	ne2	CONcoo	MORPH=empty
onques	onque	ADVgen	MORPH=empty
ne	ne1	ADVneg	MORPH=empty
fist	faire	VERcjg	MORPH=empty
point	point	ADVneg	MORPH=empty
de	de	PRE	MORPH=empty
mon	mon1	DETpos	MORPH=empty
buen	bon	ADJqua	MORPH=empty
,	,	PONfbl	MORPH=empty
car	car	CONcoo	MORPH=empty
ge	je	PROper	MORPH=empty
l'	il	PROper	MORPH=empty
amoie	amer1	VERcjg	MORPH=empty
mau	mal1	ADJqua	MORPH=empty
gré	gré2	NOMcom	MORPH=empty
suen	suen	ADJpos	MORPH=empty
;	;	PONfbl	MORPH=empty
qu'	que4	CONcoo	MORPH=empty
a	a3	PRE	MORPH=empty
.i.	un	DETndf	MORPH=empty
suen	suen	ADJpos	MORPH=empty
ami	ami	NOMcom	MORPH=empty
la	il	PROper	MORPH=empty
toli	tolir	VERcjg	MORPH=empty
qu'	que2	PROrel	MORPH=empty
ele	il	PROper	MORPH=empty
soloit	soloir	VERcjg	MORPH=empty
mener	mener	VERinf	MORPH=empty
o	o4	PRE	MORPH=empty
li	il	PROper	MORPH=empty
,	,	PONfbl	MORPH=empty
si	si	ADVgen	MORPH=empty
l'	il	PROper	MORPH=empty
ocis	ocire	VERcjg	MORPH=empty
et	et	CONcoo	MORPH=empty
li	il	PROper	MORPH=empty
en	en2	PROadv	MORPH=empty
menai	mener	VERcjg	MORPH=empty
et	et	CONcoo	MORPH=empty
de	de	PRE	MORPH=empty
li	il	PROper	MORPH=empty
servir	servir	VERinf	MORPH=empty
me	je	PROper	MORPH=empty
penai	pener	VERcjg	MORPH=empty
.	.	PONfrt	MORPH=empty
Mes	mon1	DETpos	MORPH=empty
servises	servise	NOMcom	MORPH=empty
mestier	mestier	NOMcom	MORPH=empty
n'	ne1	ADVneg	MORPH=empty
i	i2	PROadv	MORPH=empty
ot	avoir	VERcjg	MORPH=empty
,	,	PONfbl	MORPH=empty
que	que4	CONcoo	MORPH=empty
au	a3+le	PRE.DETdef	MORPH=empty
plus	plus	ADVgen	MORPH=empty
tost	tost1	ADVgen	MORPH=empty
qu'	que1	CONsub	MORPH=empty
ele	il	PROper	MORPH=empty
onques	onque	ADVgen	MORPH=empty
pot	pöoir	VERcjg	MORPH=empty
de	de	PRE	MORPH=empty
moi	je	PROper	MORPH=empty
lessier	laissier	VERinf	MORPH=empty
acoison	ochaison	NOMcom	MORPH=empty
quist	querre	VERcjg	MORPH=empty
et	et	CONcoo	MORPH=empty
de	de	PRE	MORPH=empty
celui	cel	PROdem	MORPH=empty
son	son4	DETpos	MORPH=empty
ami	ami	NOMcom	MORPH=empty
fist	faire	VERcjg	MORPH=empty
cui	cui	PROrel	MORPH=empty
or	or4	ADVgen	MORPH=empty
androit	endroit	ADVgen	MORPH=empty
tolue	tolir	VERppe	MORPH=empty
l'	il	PROper	MORPH=empty
as	avoir	VERcjg	MORPH=empty
,	,	PONfbl	MORPH=empty
qui	qui	PROrel	MORPH=empty
chevaliers	chevalier	NOMcom	MORPH=empty
n'	ne1	ADVneg	MORPH=empty
ert	estre1	VERcjg	MORPH=empty
mie	mie	ADVneg	MORPH=empty
a	a3	PRE	MORPH=empty
gas	gap	NOMcom	MORPH=empty
,	,	PONfbl	MORPH=empty
ainz	ainz	ADVgen	MORPH=empty
ert	estre1	VERcjg	MORPH=empty
mout	mout	ADVgen	MORPH=empty
preuz	pro	ADJqua	MORPH=empty
,	,	PONfbl	MORPH=empty
si	si	ADVgen	MORPH=empty
m'	je	PROper	MORPH=empty
aïst	aidier	VERcjg	MORPH=empty
Dex	Dieu	NOMpro	MORPH=empty
;	;	PONfbl	MORPH=empty
et	et	CONcoo	MORPH=empty
si	si	ADVgen	MORPH=empty
ne	ne1	ADVneg	MORPH=empty
fu	estre1	VERcjg	MORPH=empty
il	il	PROper	MORPH=empty
onques	onque	ADVgen	MORPH=empty
tex	tel	ADJind	MORPH=empty
que	que4	CONsub	MORPH=empty
il	il	PROper	MORPH=empty
onques	onque	ADVgen	MORPH=empty
venir	venir	VERinf	MORPH=empty
osast	oser	VERcjg	MORPH=empty
an	en1	PRE	MORPH=empty
leu	lieu	NOMcom	MORPH=empty
ou	où	PROrel	MORPH=empty
trover	trover	VERinf	MORPH=empty
me	je	PROper	MORPH=empty
cuidast	cuidier1	VERcjg	MORPH=empty
.	.	PONfrt	MORPH=empty
Mes	mais1	CONcoo	MORPH=empty
tu	tu	PROper	MORPH=empty
as	avoir	VERcjg	MORPH=empty
hui	ui	ADVgen	MORPH=empty
feite	faire	VERppe	MORPH=empty
tel	tel	DETind	MORPH=empty
chose	chose	NOMcom	MORPH=empty
que	que2	PROrel	MORPH=empty
nus	nul	DETind	MORPH=empty
chevaliers	chevalier	NOMcom	MORPH=empty
fere	faire	VERinf	MORPH=empty
n'	ne1	ADVneg	MORPH=empty
ose	oser	VERcjg	MORPH=empty
;	;	PONfbl	MORPH=empty
et	et	CONcoo	MORPH=empty
por	por2	PRE	MORPH=empty
ce	ce1	PROdem	MORPH=empty
que	que4	CONsub	MORPH=empty
feire	faire	VERinf	MORPH=empty
l'	il	PROper	MORPH=empty
osas	oser	VERcjg	MORPH=empty
,	,	PONfbl	MORPH=empty
le	le	DETdef	MORPH=empty
pris	pris1	NOMcom	MORPH=empty
del	de+le	PRE.DETdef	MORPH=empty
mont	monde1	NOMcom	MORPH=empty
et	et	CONcoo	MORPH=empty
le	le	DETdef	MORPH=empty
los	los1	NOMcom	MORPH=empty
as	avoir	VERcjg	MORPH=empty
par	par	PRE	MORPH=empty
ta	ton4	DETpos	MORPH=empty
grant	grant	ADJqua	MORPH=empty
proesce	pröece	NOMcom	MORPH=empty
conquis	conquerre	VERppe	MORPH=empty
.	.	PONfrt	MORPH=empty
Qant	cant1	CONsub	MORPH=empty
el	en1+le	PRE.DETdef	MORPH=empty
Gué	gué	NOMcom	MORPH=empty
Perilleus	perillos	ADJqua	MORPH=empty
saillis	salir2	VERcjg	MORPH=empty
,	,	PONfbl	MORPH=empty
mout	mout	ADVgen	MORPH=empty
te	tu	PROper	MORPH=empty
vint	venir	VERcjg	MORPH=empty
de	de	PRE	MORPH=empty
grant	grant	ADJqua	MORPH=empty
hardemant	hardement	NOMcom	MORPH=empty
,	,	PONfbl	MORPH=empty
et	et	CONcoo	MORPH=empty
saiches	savoir	VERcjg	MORPH=empty
bien	bien1	ADVgen	MORPH=empty
certainnemant	certainement	ADVgen	MORPH=empty
c'	que4	CONsub	MORPH=empty
onques	onque	ADVgen	MORPH=empty
chevaliers	chevalier	NOMcom	MORPH=empty
n'	ne1	ADVneg	MORPH=empty
an	en2	PROadv	MORPH=empty
issi	issir	VERcjg	MORPH=empty
.	.	PONfrt	MORPH=empty
Sire	seignor	NOMcom	MORPH=empty
,	,	PONfbl	MORPH=empty
fet	faire	VERcjg	MORPH=empty
il	il	PROper	MORPH=empty
,	,	PONfbl	MORPH=empty
donc	donc	ADVgen	MORPH=empty
me	je	PROper	MORPH=empty
manti	mentir	VERcjg	MORPH=empty
la	le	DETdef	MORPH=empty
dameisele	damoisele	NOMcom	MORPH=empty
,	,	PONfbl	MORPH=empty
qui	qui	PROrel	MORPH=empty
me	je	PROper	MORPH=empty
dist	dire	VERcjg	MORPH=empty
et	et	CONcoo	MORPH=empty
por	por2	PRE	MORPH=empty
voir	voir	ADVgen	MORPH=empty
acroire	acroire	VERinf	MORPH=empty
me	je	PROper	MORPH=empty
fist	faire	VERcjg	MORPH=empty
c'	que4	CONsub	MORPH=empty
une	un	DETcar	MORPH=empty
foiz	foiz	NOMcom	MORPH=empty
i	i2	PROadv	MORPH=empty
passoit	passer1	VERcjg	MORPH=empty
le	le	DETdef	MORPH=empty
jor	jor	NOMcom	MORPH=empty
ses	son4	DETpos	MORPH=empty
amis	ami	NOMcom	MORPH=empty
por	por2	PRE	MORPH=empty
la	le	DETdef	MORPH=empty
soe	suen	ADJpos	MORPH=empty
amor	amor	NOMcom	MORPH=empty
.	.	PONfrt	MORPH=empty
Ce	ce1	PROdem	MORPH=empty
dist	dire	VERcjg	MORPH=empty
ele	il	PROper	MORPH=empty
,	,	PONfbl	MORPH=empty
la	le	DETdef	MORPH=empty
renoiee	renoiier1	VERppe	MORPH=empty
?	?	PONfrt	MORPH=empty
Ha	ha	INJ	MORPH=empty
!	!	PONfrt	MORPH=empty
car	car	ADVgen	MORPH=empty
i	i2	PROadv	MORPH=empty
fust	estre1	VERcjg	MORPH=empty
ele	il	PROper	MORPH=empty
noiee	noiier1	VERppe	MORPH=empty
,	,	PONfbl	MORPH=empty
que	que4	CONcoo	MORPH=empty
mout	mout	ADVgen	MORPH=empty
est	estre1	VERcjg	MORPH=empty
plainne	plein	ADJqua	MORPH=empty
de	de	PRE	MORPH=empty
deable	dïable	NOMcom	MORPH=empty
,	,	PONfbl	MORPH=empty
qant	cant1	CONsub	MORPH=empty
ele	il	PROper	MORPH=empty
vos	vos	PROper	MORPH=empty
dist	dire	VERcjg	MORPH=empty
si	si	ADVgen	MORPH=empty
grant	grant	ADJqua	MORPH=empty
fable	fable	NOMcom	MORPH=empty
.	.	PONfrt	MORPH=empty
Ele	il	PROper	MORPH=empty
vos	vos	PROper	MORPH=empty
het	häir	VERcjg	MORPH=empty
,	,	PONfbl	MORPH=empty
nel	ne1+il	ADVneg.PROper	MORPH=empty
puis	pöoir	VERcjg	MORPH=empty
neier	noiier2	VERinf	MORPH=empty
,	,	PONfbl	MORPH=empty
si	si	ADVgen	MORPH=empty
vos	vos	PROper	MORPH=empty
voloit	voloir	VERcjg	MORPH=empty
feire	faire	VERinf	MORPH=empty
neier	noiier1	VERinf	MORPH=empty
an	en1	PRE	MORPH=empty
l'	le	DETdef	MORPH=empty
eve	aigue	NOMcom	MORPH=empty
hideuse	hisdos	ADJqua	MORPH=empty
et	et	CONcoo	MORPH=empty
parfonde	parfont	ADJqua	MORPH=empty
,	,	PONfbl	MORPH=empty
li	le	DETdef	MORPH=empty
deables	dïable	NOMcom	MORPH=empty
,	,	PONfbl	MORPH=empty
cui	cui	PROrel	MORPH=empty
Dex	Dieu	NOMpro	MORPH=empty
confonde	confondre	VERcjg	MORPH=empty
!	!	PONfrt	MORPH=empty
Mes	mais1	CONcoo	MORPH=empty
or	or4	ADVgen	MORPH=empty
me	je	PROper	MORPH=empty
baille	baillier	VERcjg	MORPH=empty
ça	ça	ADVgen	MORPH=empty
ta	ton4	DETpos	MORPH=empty
foi	foi	NOMcom	MORPH=empty
,	,	PONfbl	MORPH=empty
si	si	ADVgen	MORPH=empty
me	je	PROper	MORPH=empty
pleviras	plevir	VERcjg	MORPH=empty
et	et	CONcoo	MORPH=empty
ge	je	PROper	MORPH=empty
toi	tu	PROper	MORPH=empty
,	,	PONfbl	MORPH=empty
se	se	CONsub	MORPH=empty
tu	tu	PROper	MORPH=empty
rien	rien	PROind	MORPH=empty
demander	demander	VERinf	MORPH=empty
me	je	PROper	MORPH=empty
viax	voloir	VERcjg	MORPH=empty
,	,	PONfbl	MORPH=empty
ou	o3	CONcoo	MORPH=empty
soit	estre1	VERcjg	MORPH=empty
ma	mon1	DETpos	MORPH=empty
joie	joie	NOMcom	MORPH=empty
ou	o3	CONcoo	MORPH=empty
soit	estre1	VERcjg	MORPH=empty
mes	mon1	DETpos	MORPH=empty
diax	duel	NOMcom	MORPH=empty
,	,	PONfbl	MORPH=empty
que	que4	CONcoo	MORPH=empty
ja	ja	ADVgen	MORPH=empty
por	por2	PRE	MORPH=empty
rien	rien	PROind	MORPH=empty
n'	ne1	ADVneg	MORPH=empty
an	en2	PROadv	MORPH=empty
celerai	celer1	VERcjg	MORPH=empty
la	le	DETdef	MORPH=empty
verité	verité	NOMcom	MORPH=empty
,	,	PONfbl	MORPH=empty
se	se	CONsub	MORPH=empty
ge	je	PROper	MORPH=empty
la	il	PROper	MORPH=empty
sai	savoir	VERcjg	MORPH=empty
;	;	PONfbl	MORPH=empty
et	et	CONcoo	MORPH=empty
tu	tu	PROper	MORPH=empty
ausi	aussi	ADVgen	MORPH=empty
me	je	PROper	MORPH=empty
rediras	redire	VERcjg	MORPH=empty
,	,	PONfbl	MORPH=empty
que	que4	CONcoo	MORPH=empty
ja	ja	ADVgen	MORPH=empty
por	por2	PRE	MORPH=empty
rien	rien	PROind	MORPH=empty
n'	ne1	ADVneg	MORPH=empty
an	en2	PROadv	MORPH=empty
mantiras	mentir	VERcjg	MORPH=empty
,	,	PONfbl	MORPH=empty
tot	tot	PROind	MORPH=empty
quanque	cantque	PROrel	MORPH=empty
ge	je	PROper	MORPH=empty
voldrai	voloir	VERcjg	MORPH=empty
savoir	savoir	VERinf	MORPH=empty
,	,	PONfbl	MORPH=empty
se	se	CONsub	MORPH=empty
tu	tu	PROper	MORPH=empty
m'	je	PROper	MORPH=empty
an	en2	PROadv	MORPH=empty
sez	savoir	VERcjg	MORPH=empty
dire	dire	VERinf	MORPH=empty
le	le	DETdef	MORPH=empty
voir	voir	NOMcom	MORPH=empty
.	.	PONfrt	MORPH=empty
"	"	PONpxx	MORPH=empty
Feite	faire	VERppe	MORPH=empty
ont	avoir	VERcjg	MORPH=empty
andui	ambedos	PROcar	MORPH=empty
ceste	cest	DETdem	MORPH=empty
fiance	fïance	NOMcom	MORPH=empty
et	et	CONcoo	MORPH=empty
messire	seignor	NOMcom	MORPH=empty
Gauvains	Gauvain	NOMpro	MORPH=empty
comance	comencier	VERcjg	MORPH=empty
a	a3	PRE	MORPH=empty
demander	demander	VERinf	MORPH=empty
premieremant	premierement	ADVgen	MORPH=empty
:	:	PONfbl	MORPH=empty
"	"	PONpxx	MORPH=empty
Sire	seignor	NOMcom	MORPH=empty
,	,	PONfbl	MORPH=empty
fet	faire	VERcjg	MORPH=empty
il	il	PROper	MORPH=empty
,	,	PONfbl	MORPH=empty
je	je	PROper	MORPH=empty
vos	vos	PROper	MORPH=empty
demant	demander	VERcjg	MORPH=empty
d'	de	PRE	MORPH=empty
une	un	DETndf	MORPH=empty
cité	cité	NOMcom	MORPH=empty
que	que2	PROrel	MORPH=empty
ge	je	PROper	MORPH=empty
voi	vëoir	VERcjg	MORPH=empty
la	là	ADVgen	MORPH=empty
cui	cui	PROrel	MORPH=empty
ele	il	PROper	MORPH=empty
est	estre1	VERcjg	MORPH=empty
et	et	CONcoo	MORPH=empty
quel	quel1	DETrel	MORPH=empty
non	nom	NOMcom	MORPH=empty
ele	il	PROper	MORPH=empty
a	avoir	VERcjg	MORPH=empty
.	.	PONfrt	MORPH=empty
Amis	ami	NOMcom	MORPH=empty
,	,	PONfbl	MORPH=empty
fet	faire	VERcjg	MORPH=empty
il	il	PROper	MORPH=empty
,	,	PONfbl	MORPH=empty
de	de	PRE	MORPH=empty
la	le	DETdef	MORPH=empty
cité	cité	NOMcom	MORPH=empty
vos	vos	PROper	MORPH=empty
dirai	dire	VERcjg	MORPH=empty
ge	je	PROper	MORPH=empty
la	le	DETdef	MORPH=empty
verité	verité	NOMcom	MORPH=empty
.	.	PONfrt	MORPH=empty
La	le	DETdef	MORPH=empty
citez	cité	NOMcom	MORPH=empty
que	que2	PROrel	MORPH=empty
veez	vëoir	VERcjg	MORPH=empty
est	estre1	VERcjg	MORPH=empty
moie	mien	ADJpos	MORPH=empty
;	;	PONfbl	MORPH=empty
il	il	PROper	MORPH=empty
n'	ne1	ADVneg	MORPH=empty
est	estre1	VERcjg	MORPH=empty
hon	ome	NOMcom	MORPH=empty
nez	naistre	VERppe	MORPH=empty
cui	cui	PROrel	MORPH=empty
rien	rien	PROind	MORPH=empty
an	en2	PROadv	MORPH=empty
doie	devoir	VERcjg	MORPH=empty
,	,	PONfbl	MORPH=empty
je	je	PROper	MORPH=empty
n'	ne1	ADVneg	MORPH=empty
an	en2	PROadv	MORPH=empty
tieng	tenir1	VERcjg	MORPH=empty
rien	rien	PROind	MORPH=empty
se	se	CONsub	MORPH=empty
de	de	PRE	MORPH=empty
Deu	Dieu	NOMpro	MORPH=empty
non	non	ADVneg	MORPH=empty
,	,	PONfbl	MORPH=empty
et	et	CONcoo	MORPH=empty
s'	si	ADVgen	MORPH=empty
a	avoir	VERcjg	MORPH=empty
Orquelenes	Orquelenes	NOMpro	MORPH=empty
a	avoir	VERcjg	MORPH=empty
non	nom	NOMcom	MORPH=empty
.	.	PONfrt	MORPH=empty
Et	et	CONcoo	MORPH=empty
vos	vos	PROper	MORPH=empty
comant	coment1	ADVint	MORPH=empty
?	?	PONfrt	MORPH=empty
Grinomalanz	Guiromelant	NOMpro	MORPH=empty
.	.	PONfrt	MORPH=empty
Sire	seignor	NOMcom	MORPH=empty
,	,	PONfbl	MORPH=empty
mout	mout	ADVgen	MORPH=empty
preuz	pro	ADJqua	MORPH=empty
et	et	CONcoo	MORPH=empty
mout	mout	ADVgen	MORPH=empty
vaillanz	valoir	VERppa	MORPH=empty
estes	estre1	VERcjg	MORPH=empty
,	,	PONfbl	MORPH=empty
ge	je	PROper	MORPH=empty
l'	il	PROper	MORPH=empty
ai	avoir	VERcjg	MORPH=empty
bien	bien1	ADVgen	MORPH=empty
oï	öir	VERppe	MORPH=empty
dire	dire	VERinf	MORPH=empty
,	,	PONfbl	MORPH=empty
et	et	CONcoo	MORPH=empty
de	de	PRE	MORPH=empty
mout	mout	ADVgen	MORPH=empty
grant	grant	ADJqua	MORPH=empty
terre	terre	NOMcom	MORPH=empty
estes	estre1	VERcjg	MORPH=empty
sire	seignor	NOMcom	MORPH=empty
.	.	PONfrt	MORPH=empty
Et	et	CONcoo	MORPH=empty
comant	coment1	ADVint	MORPH=empty
a	avoir	VERcjg	MORPH=empty
non	nom	NOMcom	MORPH=empty
la	le	DETdef	MORPH=empty
pucele	pucele	NOMcom	MORPH=empty
de	de	PRE	MORPH=empty
cui	cui	PROrel	MORPH=empty
nule	nul	DETind	MORPH=empty
boene	bon	ADJqua	MORPH=empty
novele	novele	NOMcom	MORPH=empty
n'	ne1	ADVneg	MORPH=empty
est	estre1	VERcjg	MORPH=empty
contee	conter	VERppe	MORPH=empty
ne	ne2	CONcoo	MORPH=empty
pres	près	ADVgen	MORPH=empty
ne	ne2	CONcoo	MORPH=empty
loing	loing	ADVgen	MORPH=empty
,	,	PONfbl	MORPH=empty
si	si	ADVgen	MORPH=empty
con	come1	CONsub	MORPH=empty
vos	vos	PROper	MORPH=empty
l'	il	PROper	MORPH=empty
an	en2	PROadv	MORPH=empty
portez	porter	VERcjg	MORPH=empty
tesmoing	tesmoin	NOMcom	MORPH=empty
?	?	PONfrt	MORPH=empty
Ge	je	PROper	MORPH=empty
puis	pöoir	VERcjg	MORPH=empty
bien	bien1	ADVgen	MORPH=empty
,	,	PONfbl	MORPH=empty
fet	faire	VERcjg	MORPH=empty
il	il	PROper	MORPH=empty
,	,	PONfbl	MORPH=empty
tesmoingnier	tesmoignier	VERinf	MORPH=empty
qu'	que4	CONsub	MORPH=empty
ele	il	PROper	MORPH=empty
fet	faire	VERcjg	MORPH=empty
bien	bien1	ADVgen	MORPH=empty
a	a3	PRE	MORPH=empty
esloignier	esloignier	VERinf	MORPH=empty
,	,	PONfbl	MORPH=empty
qu'	que4	CONcoo	MORPH=empty
ele	il	PROper	MORPH=empty
est	estre1	VERcjg	MORPH=empty
mout	mout	ADVgen	MORPH=empty
male	mal1	ADJqua	MORPH=empty
et	et	CONcoo	MORPH=empty
desdeigneuse	desdeignos	ADJqua	MORPH=empty
.	.	PONfrt	MORPH=empty
Et	et	CONcoo	MORPH=empty
por	por2	PRE	MORPH=empty
ce	ce1	PROdem	MORPH=empty
a	avoir	VERcjg	MORPH=empty
non	nom	NOMcom	MORPH=empty
l'	le	DETdef	MORPH=empty
Orguilleuse	orgoillos	ADJqua	MORPH=empty
de	de	PRE	MORPH=empty
Logres	Logres	NOMpro	MORPH=empty
,	,	PONfbl	MORPH=empty
ou	où	PROrel	MORPH=empty
ele	il	PROper	MORPH=empty
fu	estre1	VERcjg	MORPH=empty
nee	naistre	VERppe	MORPH=empty
,	,	PONfbl	MORPH=empty
si	si	ADVgen	MORPH=empty
an	en2	PROadv	MORPH=empty
fu	estre1	VERcjg	MORPH=empty
petite	petit	ADJqua	MORPH=empty
aportee	aporter	VERppe	MORPH=empty
.	.	PONfrt	MORPH=empty
Et	et	CONcoo	MORPH=empty
ses	son4	DETpos	MORPH=empty
amis	ami	NOMcom	MORPH=empty
,	,	PONfbl	MORPH=empty
comant	coment1	ADVint	MORPH=empty
a	avoir	VERcjg	MORPH=empty
non	nom	NOMcom	MORPH=empty
,	,	PONfbl	MORPH=empty
qui	qui	PROrel	MORPH=empty
en	en2	PROadv	MORPH=empty
est	estre1	VERcjg	MORPH=empty
alez	aler	VERppe	MORPH=empty
,	,	PONfbl	MORPH=empty
vuelle	voloir	VERcjg	MORPH=empty
ou	o3	CONcoo	MORPH=empty
non	non	ADVneg	MORPH=empty
,	,	PONfbl	MORPH=empty
an	en1	PRE	MORPH=empty
la	le	DETdef	MORPH=empty
prison	prison	NOMcom	MORPH=empty
au	a3+le	PRE.DETdef	MORPH=empty
notonier	notonier	NOMcom	MORPH=empty
?	?	PONfrt	MORPH=empty
Amis	ami	NOMcom	MORPH=empty
,	,	PONfbl	MORPH=empty
saichiez	savoir	VERcjg	MORPH=empty
del	de+le	PRE.DETdef	MORPH=empty
chevalier	chevalier	NOMcom	MORPH=empty
qu'	que4	CONsub	MORPH=empty
il	il	PROper	MORPH=empty
est	estre1	VERcjg	MORPH=empty
chevaliers	chevalier	NOMcom	MORPH=empty
mervelleus	merveillos	ADJqua	MORPH=empty
et	et	CONcoo	MORPH=empty
si	si	ADVgen	MORPH=empty
a	avoir	VERcjg	MORPH=empty
non	nom	NOMcom	MORPH=empty
li	le	DETdef	MORPH=empty
Orguelleus	orgoillos	ADJqua	MORPH=empty
de	de	PRE	MORPH=empty
la	le	DETdef	MORPH=empty
Roche	roche3	NOMcom	MORPH=empty
a	a3	PRE	MORPH=empty
l'	le	DETdef	MORPH=empty
Estroite	estroit	ADJqua	MORPH=empty
Voie	voie	NOMcom	MORPH=empty
,	,	PONfbl	MORPH=empty
qui	qui	PROrel	MORPH=empty
garde	garder	VERcjg	MORPH=empty
les	le	DETdef	MORPH=empty
porz	port2	NOMcom	MORPH=empty
de	de	PRE	MORPH=empty
Galvoie	Galveide	NOMpro	MORPH=empty
.	.	PONfrt	MORPH=empty
Et	et	CONcoo	MORPH=empty
comant	coment1	ADVint	MORPH=empty
a	avoir	VERcjg	MORPH=empty
non	nom	NOMcom	MORPH=empty
li	le	DETdef	MORPH=empty
chastiax	chastel	NOMcom	MORPH=empty
qui	qui	PROrel	MORPH=empty
tant	tant	ADVgen	MORPH=empty
est	estre1	VERcjg	MORPH=empty
boens	bon	ADJqua	MORPH=empty
et	et	CONcoo	MORPH=empty
tant	tant	ADVgen	MORPH=empty
est	estre1	VERcjg	MORPH=empty
biax	bel1	ADJqua	MORPH=empty
de	de	PRE	MORPH=empty
la	là	ADVgen	MORPH=empty
d'	de	PRE	MORPH=empty
outre	outre1	ADVgen	MORPH=empty
don	dont	PROrel	MORPH=empty
ge	je	PROper	MORPH=empty
ving	venir	VERcjg	MORPH=empty
hui	ui	ADVgen	MORPH=empty
,	,	PONfbl	MORPH=empty
et	et	CONcoo	MORPH=empty
s'	si	ADVgen	MORPH=empty
i	i2	PROadv	MORPH=empty
mangié	mangier	VERcjg	MORPH=empty
ersoir	ersoir	ADVgen	MORPH=empty
et	et	CONcoo	MORPH=empty
bui	boivre	VERcjg	MORPH=empty
?	?	PONfrt	MORPH=empty
"	"	PONpxx	MORPH=empty
A	a3	PRE	MORPH=empty
icest	icest	DETdem	MORPH=empty
mot	mot	NOMcom	MORPH=empty
Grinomalanz	Guiromelant	NOMpro	MORPH=empty
se	soi1	PROper	MORPH=empty
trestorne	trestorner	VERcjg	MORPH=empty
come	come1	CONsub	MORPH=empty
dolanz	dolent	ADJqua	MORPH=empty
et	et	CONcoo	MORPH=empty
si	si	ADVgen	MORPH=empty
s'	soi1	PROper	MORPH=empty
an	en2	PROadv	MORPH=empty
comance	comencier	VERcjg	MORPH=empty
a	a3	PRE	MORPH=empty
aler	aler	VERinf	MORPH=empty
.	.	PONfrt	MORPH=empty
Gauvains	Gauvain	NOMpro	MORPH=empty
le	il	PROper	MORPH=empty
prant	prendre	VERcjg	MORPH=empty
a	a3	PRE	MORPH=empty
apeler	apeler	VERinf	MORPH=empty
:	:	PONfbl	MORPH=empty
"	"	PONpxx	MORPH=empty
Sire	seignor	NOMcom	MORPH=empty
,	,	PONfbl	MORPH=empty
sire	seignor	NOMcom	MORPH=empty
,	,	PONfbl	MORPH=empty
parlez	parler	VERcjg	MORPH=empty
a	a3	PRE	MORPH=empty
moi	je	PROper	MORPH=empty
,	,	PONfbl	MORPH=empty
si	si	ADVgen	MORPH=empty
vos	vos	PROper	MORPH=empty
manbre	membrer2	VERcjg	MORPH=empty
de	de	PRE	MORPH=empty
vostre	vostre	DETpos	MORPH=empty
foi	foi	NOMcom	MORPH=empty
!	!	PONfrt	MORPH=empty
"	"	PONpxx	MORPH=empty
Et	et	CONcoo	MORPH=empty
li	le	DETdef	MORPH=empty
Grinomalanz	Guiromelant	NOMpro	MORPH=empty
s'	soi1	PROper	MORPH=empty
areste	arester	VERcjg	MORPH=empty
,	,	PONfbl	MORPH=empty
si	si	ADVgen	MORPH=empty
li	il	PROper	MORPH=empty
torne	torner	VERcjg	MORPH=empty
an	en1	PRE	MORPH=empty
travers	travers	NOMcom	MORPH=empty
la	le	DETdef	MORPH=empty
teste	teste	NOMcom	MORPH=empty
et	et	CONcoo	MORPH=empty
dit	dire	VERcjg	MORPH=empty
:	:	PONfbl	MORPH=empty
"	"	PONpxx	MORPH=empty
L'	le	DETdef	MORPH=empty
ore	ore3	NOMcom	MORPH=empty
que	que2	PROrel	MORPH=empty
ge	je	PROper	MORPH=empty
te	tu	PROper	MORPH=empty
vi	vëoir	VERcjg	MORPH=empty
et	et	CONcoo	MORPH=empty
que	que2	PROrel	MORPH=empty
ge	je	PROper	MORPH=empty
ma	mon1	DETpos	MORPH=empty
foi	foi	NOMcom	MORPH=empty
te	tu	PROper	MORPH=empty
plevi	plevir	VERcjg	MORPH=empty
soit	estre1	VERcjg	MORPH=empty
la	le	DETdef	MORPH=empty
honie	honir	VERppe	MORPH=empty
et	et	CONcoo	MORPH=empty
la	le	DETdef	MORPH=empty
maudite	maudire	VERppe	MORPH=empty
!	!	PONfrt	MORPH=empty
Va	aler	VERcjg	MORPH=empty
t'	tu	PROper	MORPH=empty
an	en2	PROadv	MORPH=empty
,	,	PONfbl	MORPH=empty
ge	je	PROper	MORPH=empty
te	tu	PROper	MORPH=empty
claim	clamer	VERcjg	MORPH=empty
ta	ton4	DETpos	MORPH=empty
foi	foi	NOMcom	MORPH=empty
quite	quite	ADJqua	MORPH=empty
,	,	PONfbl	MORPH=empty
et	et	CONcoo	MORPH=empty
tu	tu	PROper	MORPH=empty
me	je	PROper	MORPH=empty
requite	requiter	VERcjg	MORPH=empty
la	le	DETdef	MORPH=empty
moie	mien	PROpos	MORPH=empty
,	,	PONfbl	MORPH=empty
que	que4	CONcoo	MORPH=empty
de	de	PRE	MORPH=empty
la	là	ADVgen	MORPH=empty
d'	de	PRE	MORPH=empty
outre	outre1	ADVgen	MORPH=empty
te	tu	PROper	MORPH=empty
cuidoie	cuidier1	VERcjg	MORPH=empty
noveles	novele	NOMcom	MORPH=empty
demander	demander	VERinf	MORPH=empty
aucune	aucun	ADJind	MORPH=empty
.	.	PONfrt	MORPH=empty
Mes	mais1	CONcoo	MORPH=empty
tu	tu	PROper	MORPH=empty
sez	savoir	VERcjg	MORPH=empty
autant	autant	ADVgen	MORPH=empty
de	de	PRE	MORPH=empty
la	le	DETdef	MORPH=empty
lune	lune	NOMcom	MORPH=empty
con	come1	CONsub	MORPH=empty
tu	tu	PROper	MORPH=empty
sez	savoir	VERcjg	MORPH=empty
del	de+le	PRE.DETdef	MORPH=empty
chastel	chastel	NOMcom	MORPH=empty
,	,	PONfbl	MORPH=empty
ce	ce1	PROdem	MORPH=empty
cuit	cuidier1	VERcjg	MORPH=empty
.	.	PONfrt	MORPH=empty
Sire	seignor	NOMcom	MORPH=empty
,	,	PONfbl	MORPH=empty
fet	faire	VERcjg	MORPH=empty
il	il	PROper	MORPH=empty
,	,	PONfbl	MORPH=empty
ge	je	PROper	MORPH=empty
jui	jesir	VERcjg	MORPH=empty
g'	je	PROper	MORPH=empty
i	i2	PROadv	MORPH=empty
fui	fuir	VERcjg	MORPH=empty
enuit	anuit	ADVgen	MORPH=empty
,	,	PONfbl	MORPH=empty
dormi	dormir	VERcjg	MORPH=empty
et	et	CONcoo	MORPH=empty
jui	jesir	VERcjg	MORPH=empty
el	en1+le	PRE.DETdef	MORPH=empty
Lit	lit1	NOMcom	MORPH=empty
de	de	PRE	MORPH=empty
la	le	DETdef	MORPH=empty
Mervoille	merveille	NOMcom	MORPH=empty
,	,	PONfbl	MORPH=empty
a	a3	PRE	MORPH=empty
cui	cui	PROrel	MORPH=empty
nule	nul	PROind	MORPH=empty
ne	ne1	ADVneg	MORPH=empty
s'	soi1	PROper	MORPH=empty
aparoille	apareillier2	VERcjg	MORPH=empty
n'	ne2	CONcoo	MORPH=empty
onques	onque	ADVgen	MORPH=empty
nus	nul	PROind	MORPH=empty
ne	ne1	ADVneg	MORPH=empty
vit	vëoir	VERcjg	MORPH=empty
son	son4	DETpos	MORPH=empty
paroil	pareil	ADJqua	MORPH=empty
.	.	PONfrt	MORPH=empty
Sire	seignor	NOMcom	MORPH=empty
,	,	PONfbl	MORPH=empty
fet	faire	VERcjg	MORPH=empty
il	il	PROper	MORPH=empty
,	,	PONfbl	MORPH=empty
mout	mout	ADVgen	MORPH=empty
me	je	PROper	MORPH=empty
mervoil	merveillier	VERcjg	MORPH=empty
des	de+le	PRE.DETdef	MORPH=empty
mervoilles	merveille	NOMcom	MORPH=empty
que	que2	PROrel	MORPH=empty
tu	tu	PROper	MORPH=empty
me	je	PROper	MORPH=empty
diz	dire	VERcjg	MORPH=empty
.	.	PONfrt	MORPH=empty
Or	or4	ADVgen	MORPH=empty
m'	je	PROper	MORPH=empty
est	estre1	VERcjg	MORPH=empty
il	il	PROper	MORPH=empty
solaz	solaz	NOMcom	MORPH=empty
et	et	CONcoo	MORPH=empty
deliz	delit2	NOMcom	MORPH=empty
de	de	PRE	MORPH=empty
tes	ton4	DETpos	MORPH=empty
mançonges	mençogne	NOMcom	MORPH=empty
escouter	escouter	VERinf	MORPH=empty
,	,	PONfbl	MORPH=empty
qu'	que4	CONcoo	MORPH=empty
ausinc	aussi	ADVgen	MORPH=empty
orroie	öir	VERcjg	MORPH=empty
ge	je	PROper	MORPH=empty
conter	conter	VERinf	MORPH=empty
.i.	un	DETndf	MORPH=empty
fableor	fablëor	NOMcom	MORPH=empty
con	come1	CONsub	MORPH=empty
ge	je	PROper	MORPH=empty
faz	faire	VERcjg	MORPH=empty
toi	tu	PROper	MORPH=empty
.	.	PONfrt	MORPH=empty
Tu	tu	PROper	MORPH=empty
es	estre1	VERcjg	MORPH=empty
juglerres	joglëor	NOMcom	MORPH=empty
,	,	PONfbl	MORPH=empty
bien	bien1	ADVgen	MORPH=empty
le	il	PROper	MORPH=empty
voi	vëoir	VERcjg	MORPH=empty
.	.	PONfrt	MORPH=empty
Mes	mais1	CONcoo	MORPH=empty
ge	je	PROper	MORPH=empty
cuidoie	cuidier1	VERcjg	MORPH=empty
que	que4	CONsub	MORPH=empty
tu	tu	PROper	MORPH=empty
fusses	estre1	VERcjg	MORPH=empty
chevaliers	chevalier	NOMcom	MORPH=empty
et	et	CONcoo	MORPH=empty
que	que4	CONsub	MORPH=empty
tu	tu	PROper	MORPH=empty
eüsses	avoir	VERcjg	MORPH=empty
de	de	PRE	MORPH=empty
la	là	ADVgen	MORPH=empty
fet	faire	VERcjg	MORPH=empty
aucun	aucun	DETind	MORPH=empty
vasselage	vasselage	NOMcom	MORPH=empty
.	.	PONfrt	MORPH=empty
Et	et	CONcoo	MORPH=empty
neporquant	neporcant	ADVgen	MORPH=empty
or	or4	ADVgen	MORPH=empty
me	je	PROper	MORPH=empty
fei	faire	VERcjg	MORPH=empty
sage	sage	ADJqua	MORPH=empty
se	se	CONsub	MORPH=empty
nule	nul	DETind	MORPH=empty
proesce	pröece	NOMcom	MORPH=empty
i	i2	PROadv	MORPH=empty
feïs	faire	VERcjg	MORPH=empty
et	et	CONcoo	MORPH=empty
quel	quel1	DETrel	MORPH=empty
chose	chose	NOMcom	MORPH=empty
tu	tu	PROper	MORPH=empty
i	i2	PROadv	MORPH=empty
veïs	vëoir	VERcjg	MORPH=empty
.	.	PONfrt	MORPH=empty
"	"	PONpxx	MORPH=empty
Et	et	CONcoo	MORPH=empty
messire	seignor	NOMcom	MORPH=empty
Gauvains	Gauvain	NOMpro	MORPH=empty
li	il	PROper	MORPH=empty
dit	dire	VERcjg	MORPH=empty
:	:	PONfbl	MORPH=empty
"	"	PONpxx	MORPH=empty
Sire	seignor	NOMcom	MORPH=empty
,	,	PONfbl	MORPH=empty
quant	cant1	CONsub	MORPH=empty
ge	je	PROper	MORPH=empty
m'	je	PROper	MORPH=empty
assis	asseoir	VERcjg	MORPH=empty
el	en1+le	PRE.DETdef	MORPH=empty
lit	lit1	NOMcom	MORPH=empty
,	,	PONfbl	MORPH=empty
el	en1+le	PRE.DETdef	MORPH=empty
palés	palais2	NOMcom	MORPH=empty
ot	avoir	VERcjg	MORPH=empty
mout	mout	ADVgen	MORPH=empty
grant	grant	ADJqua	MORPH=empty
tormante	tormente	NOMcom	MORPH=empty
,	,	PONfbl	MORPH=empty
ne	ne1	ADVneg	MORPH=empty
cuidiez	cuidier1	VERcjg	MORPH=empty
pas	pas	ADVneg	MORPH=empty
que	que4	CONsub	MORPH=empty
ge	je	PROper	MORPH=empty
vos	vos	PROper	MORPH=empty
mante	mentir	VERcjg	MORPH=empty
,	,	PONfbl	MORPH=empty
que	que4	CONcoo	MORPH=empty
les	le	DETdef	MORPH=empty
cordes	corde	NOMcom	MORPH=empty
del	de+le	PRE.DETdef	MORPH=empty
lit	lit1	NOMcom	MORPH=empty
crierent	crïer2	VERcjg	MORPH=empty
et	et	CONcoo	MORPH=empty
unes	un	DETndf	MORPH=empty
quanpanes	champaine	NOMcom	MORPH=empty
sonerent	soner	VERcjg	MORPH=empty
,	,	PONfbl	MORPH=empty
qui	qui	PROrel	MORPH=empty
as	a3+le	PRE.DETdef	MORPH=empty
cordes	corde	NOMcom	MORPH=empty
del	de+le	PRE.DETdef	MORPH=empty
lit	lit1	NOMcom	MORPH=empty
pandoient	pendre	VERcjg	MORPH=empty
.	.	PONfrt	MORPH=empty
Et	et	CONcoo	MORPH=empty
les	le	DETdef	MORPH=empty
fenestres	fenestre	NOMcom	MORPH=empty
qui	qui	PROrel	MORPH=empty
estoient	estre1	VERcjg	MORPH=empty
closes	clore	VERppe	MORPH=empty
tot	tot	ADVgen	MORPH=empty
par	par	PRE	MORPH=empty
eles	il	PROper	MORPH=empty
ovrirent	ovrir	VERcjg	MORPH=empty
;	;	PONfbl	MORPH=empty
et	et	CONcoo	MORPH=empty
an	en1	PRE	MORPH=empty
mon	mon1	DETpos	MORPH=empty
escu	escu	NOMcom	MORPH=empty
me	je	PROper	MORPH=empty
ferirent	ferir	VERcjg	MORPH=empty
quarrel	carrel	NOMcom	MORPH=empty
et	et	CONcoo	MORPH=empty
saietes	saiete	NOMcom	MORPH=empty
esreses	esrere	VERppe	MORPH=empty
,	,	PONfbl	MORPH=empty
et	et	CONcoo	MORPH=empty
s'	si	ADVgen	MORPH=empty
i	i2	PROadv	MORPH=empty
sont	estre1	VERcjg	MORPH=empty
les	le	DETdef	MORPH=empty
ongles	ongle	NOMcom	MORPH=empty
remeses	remanoir	VERppe	MORPH=empty
d'	de	PRE	MORPH=empty
un	un	DETndf	MORPH=empty
grant	grant	ADJqua	MORPH=empty
lyon	lïon	NOMcom	MORPH=empty
fier	fier	ADJqua	MORPH=empty
et	et	CONcoo	MORPH=empty
cresté	crester	VERppe	MORPH=empty
qui	qui	PROrel	MORPH=empty
avoit	avoir	VERcjg	MORPH=empty
longuemant	longement2	ADVgen	MORPH=empty
esté	estre1	VERppe	MORPH=empty
an	en1	PRE	MORPH=empty
une	un	DETndf	MORPH=empty
chanbre	chambre1	NOMcom	MORPH=empty
anchaenez	enchäener	VERppe	MORPH=empty
.	.	PONfrt	MORPH=empty
Li	le	DETdef	MORPH=empty
lyons	lïon	NOMcom	MORPH=empty
me	je	PROper	MORPH=empty
fu	estre1	VERcjg	MORPH=empty
amenez	amener	VERppe	MORPH=empty
et	et	CONcoo	MORPH=empty
feri	ferir	VERcjg	MORPH=empty
si	si	ADVgen	MORPH=empty
an	en1	PRE	MORPH=empty
mon	mon1	DETpos	MORPH=empty
escu	escu	NOMcom	MORPH=empty
qu'	que4	CONsub	MORPH=empty
ax	a3+le	PRE.DETdef	MORPH=empty
ongles	ongle	NOMcom	MORPH=empty
retenuz	retenir	VERppe	MORPH=empty
i	i2	PROadv	MORPH=empty
fu	estre1	VERcjg	MORPH=empty
et	et	CONcoo	MORPH=empty
que	que4	CONsub	MORPH=empty
il	il	PROper	MORPH=empty
nes	ne1+il	ADVneg.PROper	MORPH=empty
an	en2	PROadv	MORPH=empty
pot	pöoir	VERcjg	MORPH=empty
retraire	retraire	VERinf	MORPH=empty
.	.	PONfrt	MORPH=empty
Se	se	CONsub	MORPH=empty
vos	vos	PROper	MORPH=empty
cuidiez	cuidier1	VERcjg	MORPH=empty
que	que4	CONsub	MORPH=empty
il	il	PROimp	MORPH=empty
n'	ne1	ADVneg	MORPH=empty
i	i2	PROadv	MORPH=empty
paire	paroir	VERcjg	MORPH=empty
,	,	PONfbl	MORPH=empty
veez	vëoir	VERcjg	MORPH=empty
ancor	encore	ADVgen	MORPH=empty
les	le	DETdef	MORPH=empty
ongles	ongle	NOMcom	MORPH=empty
ci	ci	ADVgen	MORPH=empty
,	,	PONfbl	MORPH=empty
que	que4	CONcoo	MORPH=empty
la	le	DETdef	MORPH=empty
teste	teste	NOMcom	MORPH=empty
,	,	PONfbl	MORPH=empty
la	le	DETdef	MORPH=empty
Deu	Dieu	NOMpro	MORPH=empty
merci	merci	NOMcom	MORPH=empty
,	,	PONfbl	MORPH=empty
li	il	PROper	MORPH=empty
tranchié	trenchier1	VERcjg	MORPH=empty
et	et	CONcoo	MORPH=empty
les	le	DETdef	MORPH=empty
piez	pié	NOMcom	MORPH=empty
ansanble	ensemble	ADVgen	MORPH=empty
.	.	PONfrt	MORPH=empty
De	de	PRE	MORPH=empty
ces	ce2	DETdem	MORPH=empty
anseingnes	enseigne	NOMcom	MORPH=empty
que	que3	PROint	MORPH=empty
vos	vos	PROper	MORPH=empty
sanble	sembler	VERcjg	MORPH=empty
?	?	PONfrt	MORPH=empty
"	"	PONpxx	MORPH=empty
Li	le	DETdef	MORPH=empty
Grinomalanz	Guiromelant	NOMpro	MORPH=empty
a	a3	PRE	MORPH=empty
ce	ce2	DETdem	MORPH=empty
mot	mot	NOMcom	MORPH=empty
vint	venir	VERcjg	MORPH=empty
a	a3	PRE	MORPH=empty
terre	terre	NOMcom	MORPH=empty
plus	plus	ADVgen	MORPH=empty
tost	tost1	ADVgen	MORPH=empty
qu'	que1	CONsub	MORPH=empty
il	il	PROper	MORPH=empty
pot	pöoir	VERcjg	MORPH=empty
,	,	PONfbl	MORPH=empty
si	si	ADVgen	MORPH=empty
li	il	PROper	MORPH=empty
ancline	encliner	VERcjg	MORPH=empty
et	et	CONcoo	MORPH=empty
ses	son4	DETpos	MORPH=empty
mains	main2	NOMcom	MORPH=empty
joint	joindre	VERcjg	MORPH=empty
et	et	CONcoo	MORPH=empty
li	il	PROper	MORPH=empty
prie	priier	VERcjg	MORPH=empty
qu'	que4	CONsub	MORPH=empty
il	il	PROper	MORPH=empty
li	il	PROper	MORPH=empty
pardoint	pardoner	VERcjg	MORPH=empty
la	le	DETdef	MORPH=empty
folie	folie2	NOMcom	MORPH=empty
que	que2	PROrel	MORPH=empty
il	il	PROper	MORPH=empty
a	avoir	VERcjg	MORPH=empty
dite	dire	VERppe	MORPH=empty
.	.	PONfrt	MORPH=empty
"	"	PONpxx	MORPH=empty
Ge	je	PROper	MORPH=empty
vos	vos	PROper	MORPH=empty
an	en2	PROadv	MORPH=empty
claim	clamer	VERcjg	MORPH=empty
,	,	PONfbl	MORPH=empty
fet	faire	VERcjg	MORPH=empty
il	il	PROper	MORPH=empty
,	,	PONfbl	MORPH=empty
tot	tot	ADVgen	MORPH=empty
quite	quite	ADJqua	MORPH=empty
.	.	PONfrt	MORPH=empty
Mes	mais1	CONcoo	MORPH=empty
remontez	remonter	VERcjg	MORPH=empty
.	.	PONfrt	MORPH=empty
"	"	PONpxx	MORPH=empty
Et	et	CONcoo	MORPH=empty
cil	cel	PROdem	MORPH=empty
remonte	remonter	VERcjg	MORPH=empty
,	,	PONfbl	MORPH=empty
qui	qui	PROrel	MORPH=empty
de	de	PRE	MORPH=empty
sa	son4	DETpos	MORPH=empty
folie	folie2	NOMcom	MORPH=empty
a	avoir	VERcjg	MORPH=empty
grant	grant	ADJqua	MORPH=empty
honte	honte	NOMcom	MORPH=empty
,	,	PONfbl	MORPH=empty
et	et	CONcoo	MORPH=empty
dist	dire	VERcjg	MORPH=empty
:	:	PONfbl	MORPH=empty
"	"	PONpxx	MORPH=empty
Sire	seignor	NOMcom	MORPH=empty
,	,	PONfbl	MORPH=empty
se	se	CONsub	MORPH=empty
Dex	Dieu	NOMpro	MORPH=empty
me	je	PROper	MORPH=empty
gart	garder	VERcjg	MORPH=empty
,	,	PONfbl	MORPH=empty
ne	ne1	ADVneg	MORPH=empty
cuidoie	cuidier1	VERcjg	MORPH=empty
que	que4	CONsub	MORPH=empty
nule	nul	DETind	MORPH=empty
part	part1	NOMcom	MORPH=empty
ne	ne2	CONcoo	MORPH=empty
pres	près	ADVgen	MORPH=empty
ne	ne2	CONcoo	MORPH=empty
loing	loing	ADVgen	MORPH=empty
estre	estre1	VERinf	MORPH=empty
deüst	devoir	VERcjg	MORPH=empty
chevaliers	chevalier	NOMcom	MORPH=empty
qui	qui	PROrel	MORPH=empty
avoir	avoir	VERinf	MORPH=empty
peüst	pöoir	VERcjg	MORPH=empty
l'	le	DETdef	MORPH=empty
enor	onor	NOMcom	MORPH=empty
que	que2	PROrel	MORPH=empty
vos	vos	PROper	MORPH=empty
avez	avoir	VERcjg	MORPH=empty
eüe	avoir	VERppe	MORPH=empty
.	.	PONfrt	MORPH=empty
Mes	mais1	CONcoo	MORPH=empty
de	de	PRE	MORPH=empty
la	le	DETdef	MORPH=empty
reïne	röine1	NOMcom	MORPH=empty
chenue	chenu	ADJqua	MORPH=empty
me	je	PROper	MORPH=empty
dites	dire	VERcjg	MORPH=empty
se	se	CONsub	MORPH=empty
vos	vos	PROper	MORPH=empty
la	il	PROper	MORPH=empty
veïstes	vëoir	VERcjg	MORPH=empty
et	et	CONcoo	MORPH=empty
se	se	CONsub	MORPH=empty
vos	vos	PROper	MORPH=empty
point	point	ADVgen	MORPH=empty
li	il	PROper	MORPH=empty
anqueïstes	enquerre	VERcjg	MORPH=empty
qui	qui	PROrel	MORPH=empty
ele	il	PROper	MORPH=empty
est	estre1	VERcjg	MORPH=empty
et	et	CONcoo	MORPH=empty
dont	dont	PROrel	MORPH=empty
ele	il	PROper	MORPH=empty
vint	venir	VERcjg	MORPH=empty
.	.	PONfrt	MORPH=empty
Onques	onque	ADVgen	MORPH=empty
,	,	PONfbl	MORPH=empty
fet	faire	VERcjg	MORPH=empty
il	il	PROper	MORPH=empty
,	,	PONfbl	MORPH=empty
ne	ne1	ADVneg	MORPH=empty
m'	je	PROper	MORPH=empty
an	en2	PROadv	MORPH=empty
sovint	sovenir	VERcjg	MORPH=empty
mes	mais1	CONcoo	MORPH=empty
ge	je	PROper	MORPH=empty
la	il	PROper	MORPH=empty
vi	vëoir	VERcjg	MORPH=empty
et	et	CONcoo	MORPH=empty
s'	si	ADVgen	MORPH=empty
i	i2	PROadv	MORPH=empty
parlai	parler	VERcjg	MORPH=empty
.	.	PONfrt	MORPH=empty
Et	et	CONcoo	MORPH=empty
ge	je	PROper	MORPH=empty
,	,	PONfbl	MORPH=empty
fet	faire	VERcjg	MORPH=empty
il	il	PROper	MORPH=empty
,	,	PONfbl	MORPH=empty
le	il	PROper	MORPH=empty
vos	vos	PROper	MORPH=empty
dirai	dire	VERcjg	MORPH=empty
.	.	PONfrt	MORPH=empty
Ele	il	PROper	MORPH=empty
est	estre1	VERcjg	MORPH=empty
mere	mere	NOMcom	MORPH=empty
le	le	DETdef	MORPH=empty
roi	roi2	NOMcom	MORPH=empty
Artu	Artu	NOMpro	MORPH=empty
.	.	PONfrt	MORPH=empty
Foi	foi	NOMcom	MORPH=empty
que	que2	PROrel	MORPH=empty
doi	devoir	VERcjg	MORPH=empty
Deu	Dieu	NOMpro	MORPH=empty
et	et	CONcoo	MORPH=empty
sa	son4	DETpos	MORPH=empty
vertu	vertu	NOMcom	MORPH=empty
,	,	PONfbl	MORPH=empty
li	le	DETdef	MORPH=empty
rois	roi2	NOMcom	MORPH=empty
Artus	Artu	NOMpro	MORPH=empty
,	,	PONfbl	MORPH=empty
si	si	ADVgen	MORPH=empty
con	come1	CONsub	MORPH=empty
ge	je	PROper	MORPH=empty
pans	penser	VERcjg	MORPH=empty
,	,	PONfbl	MORPH=empty
n'	ne1	ADVneg	MORPH=empty
ot	avoir	VERcjg	MORPH=empty
mere	mere	NOMcom	MORPH=empty
passé	passer1	VERppe	MORPH=empty
a	avoir	VERcjg	MORPH=empty
lonc	lonc	ADJqua	MORPH=empty
tans	tens	NOMcom	MORPH=empty
,	,	PONfbl	MORPH=empty
que	que4	CONcoo	MORPH=empty
bien	bien1	ADVgen	MORPH=empty
a	avoir	VERcjg	MORPH=empty
.lx.	60	DETcar	MORPH=empty
anz	an	NOMcom	MORPH=empty
passez	passer1	VERppe	MORPH=empty
,	,	PONfbl	MORPH=empty
mien	mien	ADJpos	MORPH=empty
esciant	escïent	NOMcom	MORPH=empty
,	,	PONfbl	MORPH=empty
et	et	CONcoo	MORPH=empty
plus	plus	ADVgen	MORPH=empty
asez	assez	ADVgen	MORPH=empty
.	.	PONfrt	MORPH=empty
Si	si	ADVgen	MORPH=empty
est	estre1	VERcjg	MORPH=empty
voir	voir	ADJqua	MORPH=empty
,	,	PONfbl	MORPH=empty
sire	seignor	NOMcom	MORPH=empty
,	,	PONfbl	MORPH=empty
ele	il	PROper	MORPH=empty
est	estre1	VERcjg	MORPH=empty
sa	son4	DETpos	MORPH=empty
mere	mere	NOMcom	MORPH=empty
.	.	PONfrt	MORPH=empty
Qant	cant1	CONsub	MORPH=empty
Uterpandragon	Uterpandragon	NOMpro	MORPH=empty
,	,	PONfbl	MORPH=empty
ses	son4	DETpos	MORPH=empty
pere	pere1	NOMcom	MORPH=empty
,	,	PONfbl	MORPH=empty
fu	estre1	VERcjg	MORPH=empty
mis	metre2	VERppe	MORPH=empty
an	en1	PRE	MORPH=empty
terre	terre	NOMcom	MORPH=empty
,	,	PONfbl	MORPH=empty
si	si	ADVgen	MORPH=empty
avint	avenant	VERcjg	MORPH=empty
que	que4	CONsub	MORPH=empty
la	le	DETdef	MORPH=empty
reïne	röine1	NOMcom	MORPH=empty
Ygerne	Ygerne	NOMpro	MORPH=empty
vint	venir	VERcjg	MORPH=empty
an	en1	PRE	MORPH=empty
cest	cest	DETdem	MORPH=empty
païs	päis	NOMcom	MORPH=empty
;	;	PONfbl	MORPH=empty
si	si	ADVgen	MORPH=empty
aporta	aporter	VERcjg	MORPH=empty
tot	tot	DETind	MORPH=empty
son	son4	DETpos	MORPH=empty
tresor	tresor	NOMcom	MORPH=empty
et	et	CONcoo	MORPH=empty
si	si	ADVgen	MORPH=empty
ferma	fermer	VERcjg	MORPH=empty
sor	sor2	PRE	MORPH=empty
cele	cel	DETdem	MORPH=empty
roche	roche3	NOMcom	MORPH=empty
le	le	DETdef	MORPH=empty
chastel	chastel	NOMcom	MORPH=empty
et	et	CONcoo	MORPH=empty
le	le	DETdef	MORPH=empty
palés	palais2	NOMcom	MORPH=empty
si	si	ADVgen	MORPH=empty
riche	riche	ADJqua	MORPH=empty
et	et	CONcoo	MORPH=empty
bel	bel1	ADJqua	MORPH=empty
con	come1	CONsub	MORPH=empty
deviser	deviser	VERinf	MORPH=empty
oï	öir	VERppe	MORPH=empty
vos	vos	PROper	MORPH=empty
ai	avoir	VERcjg	MORPH=empty
.	.	PONfrt	MORPH=empty
Et	et	CONcoo	MORPH=empty
si	si	ADVgen	MORPH=empty
veïstes	vëoir	VERcjg	MORPH=empty
,	,	PONfbl	MORPH=empty
bien	bien1	ADVgen	MORPH=empty
le	il	PROper	MORPH=empty
sai	savoir	VERcjg	MORPH=empty
,	,	PONfbl	MORPH=empty
l'	le	DETdef	MORPH=empty
autre	autre	ADJind	MORPH=empty
reïne	röine1	NOMcom	MORPH=empty
,	,	PONfbl	MORPH=empty
l'	le	DETdef	MORPH=empty
autre	autre	ADJind	MORPH=empty
dame	dame	NOMcom	MORPH=empty
,	,	PONfbl	MORPH=empty
la	le	DETdef	MORPH=empty
grant	grant	ADJqua	MORPH=empty
,	,	PONfbl	MORPH=empty
la	le	DETdef	MORPH=empty
bele	bel1	ADJqua	MORPH=empty
,	,	PONfbl	MORPH=empty
qui	qui	PROrel	MORPH=empty
fu	estre1	VERcjg	MORPH=empty
fame	feme	NOMcom	MORPH=empty
le	le	DETdef	MORPH=empty
roi	roi2	NOMcom	MORPH=empty
Loth	Lot	NOMpro	MORPH=empty
et	et	CONcoo	MORPH=empty
mere	mere	NOMcom	MORPH=empty
celui	cel	PROdem	MORPH=empty
qui	qui	PROrel	MORPH=empty
teigne	tenir1	VERcjg	MORPH=empty
males	mal1	ADJqua	MORPH=empty
voies	voie	NOMcom	MORPH=empty
hui	ui	ADVgen	MORPH=empty
.	.	PONfrt	MORPH=empty
Mere	mere	NOMcom	MORPH=empty
est	estre1	VERcjg	MORPH=empty
Gauvain	Gauvain	NOMpro	MORPH=empty
.	.	PONfrt	MORPH=empty
Gauvain	Gauvain	NOMpro	MORPH=empty
,	,	PONfbl	MORPH=empty
biau	bel1	ADJqua	MORPH=empty
sire	seignor	NOMcom	MORPH=empty
,	,	PONfbl	MORPH=empty
quenuis	conoistre	VERcjg	MORPH=empty
ge	je	PROper	MORPH=empty
bien	bien1	ADVgen	MORPH=empty
,	,	PONfbl	MORPH=empty
et	et	CONcoo	MORPH=empty
si	si	ADVgen	MORPH=empty
os	oser	VERcjg	MORPH=empty
dire	dire	VERinf	MORPH=empty
que	que4	CONsub	MORPH=empty
il	il	PROper	MORPH=empty
n'	ne1	ADVneg	MORPH=empty
ot	avoir	VERcjg	MORPH=empty
mere	mere	NOMcom	MORPH=empty
icil	icel	DETdem	MORPH=empty
Gauvains	Gauvain	NOMpro	MORPH=empty
bien	bien1	ADVgen	MORPH=empty
a	avoir	VERcjg	MORPH=empty
passez	passer1	VERppe	MORPH=empty
.xx.	20	DETcar	MORPH=empty
anz	an	NOMcom	MORPH=empty
au	a3+le	PRE.DETdef	MORPH=empty
mains	moins	ADVgen	MORPH=empty
.	.	PONfrt	MORPH=empty
Si	si	ADVgen	MORPH=empty
est	estre1	VERcjg	MORPH=empty
,	,	PONfbl	MORPH=empty
sire	seignor	NOMcom	MORPH=empty
,	,	PONfbl	MORPH=empty
n'	ne1	ADVneg	MORPH=empty
an	en2	PROadv	MORPH=empty
dotez	doter2	VERcjg	MORPH=empty
ja	ja	ADVgen	MORPH=empty
.	.	PONfrt	MORPH=empty
Aprés	après	PRE	MORPH=empty
sa	son4	DETpos	MORPH=empty
mere	mere	NOMcom	MORPH=empty
s'	soi1	PROper	MORPH=empty
an	en2	PROadv	MORPH=empty
vint	venir	VERcjg	MORPH=empty
ça	ça	ADVgen	MORPH=empty
,	,	PONfbl	MORPH=empty
anchargiee	enchargier	VERppe	MORPH=empty
de	de	PRE	MORPH=empty
vif	vif	ADJqua	MORPH=empty
anfant	enfant	NOMcom	MORPH=empty
,	,	PONfbl	MORPH=empty
de	de	PRE	MORPH=empty
la	le	DETdef	MORPH=empty
tres	très	ADVgen	MORPH=empty
bele	bel1	ADJqua	MORPH=empty
,	,	PONfbl	MORPH=empty
de	de	PRE	MORPH=empty
la	le	DETdef	MORPH=empty
grant	grant	ADJqua	MORPH=empty
dameisele	damoisele	NOMcom	MORPH=empty
qui	qui	PROrel	MORPH=empty
est	estre1	VERcjg	MORPH=empty
m'	mon1	DETpos	MORPH=empty
amie	ami	NOMcom	MORPH=empty
et	et	CONcoo	MORPH=empty
suer	seror	NOMcom	MORPH=empty
,	,	PONfbl	MORPH=empty
n'	ne1	ADVneg	MORPH=empty
an	en2	PROadv	MORPH=empty
mantiroie	mentir	VERcjg	MORPH=empty
mie	mie	ADVneg	MORPH=empty
,	,	PONfbl	MORPH=empty
celui	cel	PROdem	MORPH=empty
cui	cui	PROrel	MORPH=empty
Dex	Dieu	NOMpro	MORPH=empty
grant	grant	ADJqua	MORPH=empty
honte	honte	NOMcom	MORPH=empty
doint	doner	VERcjg	MORPH=empty
;	;	PONfbl	MORPH=empty
que	que4	CONcoo	MORPH=empty
voir	voir	ADVgen	MORPH=empty
il	il	PROper	MORPH=empty
n'	ne1	ADVneg	MORPH=empty
an	en2	PROadv	MORPH=empty
porteroit	porter	VERcjg	MORPH=empty
point	point	ADVneg	MORPH=empty
de	de	PRE	MORPH=empty
la	le	DETdef	MORPH=empty
teste	teste	NOMcom	MORPH=empty
,	,	PONfbl	MORPH=empty
se	se	CONsub	MORPH=empty
gel	je+il	PROper.PROper	MORPH=empty
tenoie	tenir1	VERcjg	MORPH=empty
et	et	CONcoo	MORPH=empty
ge	je	PROper	MORPH=empty
au	a3+le	PRE.DETdef	MORPH=empty
desore	desor	ADVgen	MORPH=empty
an	en2	PROadv	MORPH=empty
estoie	estre1	VERcjg	MORPH=empty
ausi	aussi	ADVgen	MORPH=empty
con	come1	CONsub	MORPH=empty
de	de	PRE	MORPH=empty
vos	vos	PROper	MORPH=empty
ci	ci	ADVgen	MORPH=empty
elués	eluec	ADVgen	MORPH=empty
,	,	PONfbl	MORPH=empty
que	que4	CONsub	MORPH=empty
ge	je	PROper	MORPH=empty
ne	ne1	ADVneg	MORPH=empty
li	il	PROper	MORPH=empty
tranchasse	trenchier1	VERcjg	MORPH=empty
lués	luès	ADVgen	MORPH=empty
la	le	DETdef	MORPH=empty
teste	teste	NOMcom	MORPH=empty
au	a3+le	PRE.DETdef	MORPH=empty
mains	moins	ADVgen	MORPH=empty
,	,	PONfbl	MORPH=empty
tant	tant	ADVgen	MORPH=empty
par	par2	ADVgen	MORPH=empty
le	il	PROper	MORPH=empty
haz	häir	VERcjg	MORPH=empty
.	.	PONfrt	MORPH=empty
Vos	vos	PROper	MORPH=empty
n'	ne1	ADVneg	MORPH=empty
amez	amer1	VERcjg	MORPH=empty
pas	pas	ADVneg	MORPH=empty
si	si	ADVgen	MORPH=empty
con	come1	CONsub	MORPH=empty
ge	je	PROper	MORPH=empty
faz	faire	VERcjg	MORPH=empty
,	,	PONfbl	MORPH=empty
fet	faire	VERcjg	MORPH=empty
messire	seignor	NOMcom	MORPH=empty
Gauvains	Gauvain	NOMpro	MORPH=empty
,	,	PONfbl	MORPH=empty
par	par	PRE	MORPH=empty
m'	mon1	DETpos	MORPH=empty
ame	ame	NOMcom	MORPH=empty
.	.	PONfrt	MORPH=empty
Se	se	CONsub	MORPH=empty
j'	je	PROper	MORPH=empty
amoie	amer1	VERcjg	MORPH=empty
pucele	pucele	NOMcom	MORPH=empty
ou	o3	CONcoo	MORPH=empty
dame	dame	NOMcom	MORPH=empty
,	,	PONfbl	MORPH=empty
por	por2	PRE	MORPH=empty
la	le	DETdef	MORPH=empty
soe	suen	ADJpos	MORPH=empty
amor	amor	NOMcom	MORPH=empty
ameroie	amer1	VERcjg	MORPH=empty
tot	tot	DETind	MORPH=empty
son	son4	DETpos	MORPH=empty
linage	lignage	NOMcom	MORPH=empty
et	et	CONcoo	MORPH=empty
serviroie	servir	VERcjg	MORPH=empty
.	.	PONfrt	MORPH=empty
Vos	vos	PROper	MORPH=empty
avez	avoir	VERcjg	MORPH=empty
droit	droit	ADJqua	MORPH=empty
,	,	PONfbl	MORPH=empty
bien	bien1	ADVgen	MORPH=empty
m'	je	PROper	MORPH=empty
i	i2	PROadv	MORPH=empty
acort	acorder	VERcjg	MORPH=empty
.	.	PONfrt	MORPH=empty
Mes	mais1	CONcoo	MORPH=empty
quant	cant1	CONsub	MORPH=empty
de	de	PRE	MORPH=empty
Gauvain	Gauvain	NOMpro	MORPH=empty
me	je	PROper	MORPH=empty
recort	recorder	VERcjg	MORPH=empty
comant	coment1	ADVsub	MORPH=empty
ses	son4	DETpos	MORPH=empty
pere	pere1	NOMcom	MORPH=empty
ocist	ocire	VERcjg	MORPH=empty
le	le	DETdef	MORPH=empty
mien	mien	PROpos	MORPH=empty
,	,	PONfbl	MORPH=empty
je	je	PROper	MORPH=empty
ne	ne1	ADVneg	MORPH=empty
li	il	PROper	MORPH=empty
puis	pöoir	VERcjg	MORPH=empty
voloir	voloir	VERinf	MORPH=empty
nul	nul	DETind	MORPH=empty
bien	bien2	NOMcom	MORPH=empty
;	;	PONfbl	MORPH=empty
et	et	CONcoo	MORPH=empty
il	il	PROper	MORPH=empty
meïsmes	mëisme	ADJind	MORPH=empty
de	de	PRE	MORPH=empty
ses	son4	DETpos	MORPH=empty
mains	main2	NOMcom	MORPH=empty
ocist	ocire	VERcjg	MORPH=empty
de	de	PRE	MORPH=empty
mes	mon1	DETpos	MORPH=empty
cosins	cosin	NOMcom	MORPH=empty
germains	germain	ADJqua	MORPH=empty
.i.	un	DETndf	MORPH=empty
chevalier	chevalier	NOMcom	MORPH=empty
vaillant	valoir	VERppa	MORPH=empty
et	et	CONcoo	MORPH=empty
preu	pro	ADJqua	MORPH=empty
.	.	PONfrt	MORPH=empty
Onques	onque	ADVgen	MORPH=empty
ne	ne1	ADVneg	MORPH=empty
poi	pöoir	VERcjg	MORPH=empty
venir	venir	VERinf	MORPH=empty
an	en1	PRE	MORPH=empty
leu	lieu	NOMcom	MORPH=empty
de	de	PRE	MORPH=empty
lui	il	PROper	MORPH=empty
vangier	vengier	VERinf	MORPH=empty
an	en1	PRE	MORPH=empty
nule	nul	DETind	MORPH=empty
guise	guise	NOMcom	MORPH=empty
.	.	PONfrt	MORPH=empty
Mes	mais1	CONcoo	MORPH=empty
or	or4	ADVgen	MORPH=empty
me	je	PROper	MORPH=empty
feites	faire	VERcjg	MORPH=empty
.i.	un	DETndf	MORPH=empty
servise	servise	NOMcom	MORPH=empty
,	,	PONfbl	MORPH=empty
que	que4	CONsub	MORPH=empty
vos	vos	PROper	MORPH=empty
ailliez	aler	VERcjg	MORPH=empty
a	a3	PRE	MORPH=empty
ce	ce2	DETdem	MORPH=empty
chastel	chastel	NOMcom	MORPH=empty
,	,	PONfbl	MORPH=empty
si	si	ADVgen	MORPH=empty
me	je	PROper	MORPH=empty
porteroiz	porter	VERcjg	MORPH=empty
cest	cest	DETdem	MORPH=empty
anel	anel1	NOMcom	MORPH=empty
a	a3	PRE	MORPH=empty
m'	mon1	DETpos	MORPH=empty
amie	ami	NOMcom	MORPH=empty
,	,	PONfbl	MORPH=empty
si	si	ADVgen	MORPH=empty
li	il	PROper	MORPH=empty
bailliez	baillier	VERcjg	MORPH=empty
.	.	PONfrt	MORPH=empty
Por	por2	PRE	MORPH=empty
moi	je	PROper	MORPH=empty
voel	voloir	VERcjg	MORPH=empty
que	que4	CONsub	MORPH=empty
vos	vos	PROper	MORPH=empty
i	i2	PROadv	MORPH=empty
ailliez	aler	VERcjg	MORPH=empty
;	;	PONfbl	MORPH=empty
si	si	ADVgen	MORPH=empty
li	il	PROper	MORPH=empty
dites	dire	VERcjg	MORPH=empty
que	que4	CONsub	MORPH=empty
ge	je	PROper	MORPH=empty
me	je	PROper	MORPH=empty
fi	fïer	VERcjg	MORPH=empty
et	et	CONcoo	MORPH=empty
croi	croire	VERcjg	MORPH=empty
tant	tant	ADVgen	MORPH=empty
an	en1	PRE	MORPH=empty
l'	le	DETdef	MORPH=empty
amor	amor	NOMcom	MORPH=empty
de	de	PRE	MORPH=empty
li	il	PROper	MORPH=empty
qu'	que4	CONsub	MORPH=empty
ele	il	PROper	MORPH=empty
voldroit	voloir	VERcjg	MORPH=empty
mialz	mieus	ADVgen	MORPH=empty
que	que1	CONsub	MORPH=empty
ses	son4	DETpos	MORPH=empty
frere	frere	NOMcom	MORPH=empty
Gauvains	Gauvain	NOMpro	MORPH=empty
fust	estre1	VERcjg	MORPH=empty
morz	morir	VERppe	MORPH=empty
de	de	PRE	MORPH=empty
mort	mort	NOMcom	MORPH=empty
amere	amer2	ADJqua	MORPH=empty
que	que4	CONsub	MORPH=empty
ge	je	PROper	MORPH=empty
eüsse	avoir	VERcjg	MORPH=empty
nes	nëis	ADVgen	MORPH=empty
blecié	blecier	VERppe	MORPH=empty
le	le	DETdef	MORPH=empty
plus	plus	ADVgen	MORPH=empty
petit	petit	ADJqua	MORPH=empty
doi	doi	NOMcom	MORPH=empty
de	de	PRE	MORPH=empty
mon	mon1	DETpos	MORPH=empty
pié	pié	NOMcom	MORPH=empty
.	.	PONfrt	MORPH=empty
M'	mon1	DETpos	MORPH=empty
amie	ami	NOMcom	MORPH=empty
me	je	PROper	MORPH=empty
salueroiz	salüer	VERcjg	MORPH=empty
et	et	CONcoo	MORPH=empty
cest	cest	DETdem	MORPH=empty
anel	anel1	NOMcom	MORPH=empty
li	il	PROper	MORPH=empty
bailleroiz	baillier	VERcjg	MORPH=empty
de	de	PRE	MORPH=empty
par	par	PRE	MORPH=empty
moi	je	PROper	MORPH=empty
,	,	PONfbl	MORPH=empty
qui	qui	PROrel	MORPH=empty
sui	estre1	VERcjg	MORPH=empty
ses	son4	DETpos	MORPH=empty
amis	ami	NOMcom	MORPH=empty
.	.	PONfrt	MORPH=empty
"	"	PONpxx	MORPH=empty
Lors	lors	ADVgen	MORPH=empty
a	avoir	VERcjg	MORPH=empty
messire	seignor	NOMcom	MORPH=empty
Gauvains	Gauvain	NOMpro	MORPH=empty
mis	metre2	VERppe	MORPH=empty
l'	le	DETdef	MORPH=empty
anel	anel1	NOMcom	MORPH=empty
an	en1	PRE	MORPH=empty
son	son4	DETpos	MORPH=empty
plus	plus	ADVgen	MORPH=empty
petit	petit	ADJqua	MORPH=empty
doi	doi	NOMcom	MORPH=empty
et	et	CONcoo	MORPH=empty
dit	dire	VERcjg	MORPH=empty
:	:	PONfbl	MORPH=empty
"	"	PONpxx	MORPH=empty
Sire	seignor	NOMcom	MORPH=empty
,	,	PONfbl	MORPH=empty
foi	foi	NOMcom	MORPH=empty
que	que2	PROrel	MORPH=empty
vos	vos	PROper	MORPH=empty
doi	devoir	VERcjg	MORPH=empty
,	,	PONfbl	MORPH=empty
amie	ami	NOMcom	MORPH=empty
avez	avoir	VERcjg	MORPH=empty
et	et	CONcoo	MORPH=empty
bele	bel1	ADJqua	MORPH=empty
et	et	CONcoo	MORPH=empty
sage	sage	ADJqua	MORPH=empty
,	,	PONfbl	MORPH=empty
et	et	CONcoo	MORPH=empty
si	si	ADVgen	MORPH=empty
est	estre1	VERcjg	MORPH=empty
mout	mout	ADVgen	MORPH=empty
de	de	PRE	MORPH=empty
haut	haut	ADJqua	MORPH=empty
parage	parage	NOMcom	MORPH=empty
,	,	PONfbl	MORPH=empty
et	et	CONcoo	MORPH=empty
bele	bel1	ADJqua	MORPH=empty
et	et	CONcoo	MORPH=empty
gente	gent2	ADJqua	MORPH=empty
et	et	CONcoo	MORPH=empty
debonere	debonaire	ADJqua	MORPH=empty
,	,	PONfbl	MORPH=empty
se	se	CONsub	MORPH=empty
ele	il	PROper	MORPH=empty
otroie	otroiier	VERcjg	MORPH=empty
ensi	ainsi	ADVgen	MORPH=empty
l'	le	DETdef	MORPH=empty
afere	afaire2	NOMcom	MORPH=empty
con	come1	CONsub	MORPH=empty
vos	vos	PROper	MORPH=empty
ici	ici	ADVgen	MORPH=empty
m'	je	PROper	MORPH=empty
avez	avoir	VERcjg	MORPH=empty
conté	conter	VERppe	MORPH=empty
.	.	PONfrt	MORPH=empty
"	"	PONpxx	MORPH=empty
Et	et	CONcoo	MORPH=empty
cil	cel	PROdem	MORPH=empty
dit	dire	VERcjg	MORPH=empty
:	:	PONfbl	MORPH=empty
"	"	PONpxx	MORPH=empty
Sire	seignor	NOMcom	MORPH=empty
,	,	PONfbl	MORPH=empty
grant	grant	ADJqua	MORPH=empty
bonté	bonté	NOMcom	MORPH=empty
me	je	PROper	MORPH=empty
feroiz	faire	VERcjg	MORPH=empty
,	,	PONfbl	MORPH=empty
ce	ce1	PROdem	MORPH=empty
vos	vos	PROper	MORPH=empty
acreant	acreanter	VERcjg	MORPH=empty
,	,	PONfbl	MORPH=empty
se	se	CONsub	MORPH=empty
vos	vos	PROper	MORPH=empty
mon	mon1	DETpos	MORPH=empty
anel	anel1	NOMcom	MORPH=empty
an	en1	PRE	MORPH=empty
presant	present2	NOMcom	MORPH=empty
me	je	PROper	MORPH=empty
portez	porter	VERcjg	MORPH=empty
a	a3	PRE	MORPH=empty
m'	mon1	DETpos	MORPH=empty
amie	ami	NOMcom	MORPH=empty
chiere	chier	ADJqua	MORPH=empty
,	,	PONfbl	MORPH=empty
que	que4	CONcoo	MORPH=empty
ge	je	PROper	MORPH=empty
l'	il	PROper	MORPH=empty
aim	amer1	VERcjg	MORPH=empty
mout	mout	ADVgen	MORPH=empty
de	de	PRE	MORPH=empty
grant	grant	ADJqua	MORPH=empty
meniere	maniere	NOMcom	MORPH=empty
.	.	PONfrt	MORPH=empty
Ge	je	PROper	MORPH=empty
le	il	PROper	MORPH=empty
vos	vos	PROper	MORPH=empty
guerredonerai	guerredoner	VERcjg	MORPH=empty
et	et	CONcoo	MORPH=empty
de	de	PRE	MORPH=empty
ce	ce2	DETdem	MORPH=empty
chastel	chastel	NOMcom	MORPH=empty
vos	vos	PROper	MORPH=empty
dirai	dire	VERcjg	MORPH=empty
le	le	DETdef	MORPH=empty
non	nom	NOMcom	MORPH=empty
que	que2	PROrel	MORPH=empty
demandé	demander	VERppe	MORPH=empty
m'	je	PROper	MORPH=empty
avez	avoir	VERcjg	MORPH=empty
.	.	PONfrt	MORPH=empty
Li	le	DETdef	MORPH=empty
chastiax	chastel	NOMcom	MORPH=empty
,	,	PONfbl	MORPH=empty
se	se	CONsub	MORPH=empty
vos	vos	PROper	MORPH=empty
nel	ne1+il	ADVneg.PROper	MORPH=empty
savez	savoir	VERcjg	MORPH=empty
,	,	PONfbl	MORPH=empty
a	avoir	VERcjg	MORPH=empty
non	nom	NOMcom	MORPH=empty
la	le	DETdef	MORPH=empty
Roche	roche3	NOMcom	MORPH=empty
del	de+le	PRE.DETdef	MORPH=empty
Chanpguin	Chanpguin	NOMpro	MORPH=empty
.	.	PONfrt	MORPH=empty
Maint	maint	DETind	MORPH=empty
boen	bon	ADJqua	MORPH=empty
drap	drap	NOMcom	MORPH=empty
vermoil	vermeil1	ADJqua	MORPH=empty
et	et	CONcoo	MORPH=empty
sanguin	sanguin	ADJqua	MORPH=empty
i	i2	PROadv	MORPH=empty
taint	teindre	VERcjg	MORPH=empty
an	on	PROind	MORPH=empty
et	et	CONcoo	MORPH=empty
mainte	maint	DETind	MORPH=empty
escarlate	escarlate	NOMcom	MORPH=empty
,	,	PONfbl	MORPH=empty
s'	si	ADVgen	MORPH=empty
an	en2	PROadv	MORPH=empty
i	i2	PROadv	MORPH=empty
vant	vendre	VERcjg	MORPH=empty
an	on	PROind	MORPH=empty
mout	mout	PROind	MORPH=empty
et	et	CONcoo	MORPH=empty
achate	achater	VERcjg	MORPH=empty
.	.	PONfrt	MORPH=empty
Or	or4	ADVgen	MORPH=empty
vos	vos	PROper	MORPH=empty
ai	avoir	VERcjg	MORPH=empty
dit	dire	VERppe	MORPH=empty
ce	ce1	PROdem	MORPH=empty
que	que2	PROrel	MORPH=empty
vos	vos	PROper	MORPH=empty
plot	plaire	VERcjg	MORPH=empty
,	,	PONfbl	MORPH=empty
que	que4	CONcoo	MORPH=empty
ne	ne1	ADVneg	MORPH=empty
vos	vos	PROper	MORPH=empty
ai	avoir	VERcjg	MORPH=empty
manti	mentir	VERppe	MORPH=empty
de	de	PRE	MORPH=empty
mot	mot	NOMcom	MORPH=empty
,	,	PONfbl	MORPH=empty
et	et	CONcoo	MORPH=empty
vos	vos	PROper	MORPH=empty
me	je	PROper	MORPH=empty
ravez	ravoir2	VERcjg	MORPH=empty
dit	dire	VERppe	MORPH=empty
mout	mout	ADVgen	MORPH=empty
bien	bien1	ADVgen	MORPH=empty
.	.	PONfrt	MORPH=empty
Demanderoiz	demander	VERcjg	MORPH=empty
me	je	PROper	MORPH=empty
vos	vos	PROper	MORPH=empty
plus	plus	ADVgen	MORPH=empty
rien	rien	PROind	MORPH=empty
?	?	PONfrt	MORPH=empty
Nenil	nenil	ADVneg	MORPH=empty
,	,	PONfbl	MORPH=empty
sire	seignor	NOMcom	MORPH=empty
,	,	PONfbl	MORPH=empty
se	se	CONsub	MORPH=empty
congié	congié	NOMcom	MORPH=empty
non	non	ADVneg	MORPH=empty
.	.	PONfrt	MORPH=empty
"	"	PONpxx	MORPH=empty
Et	et	CONcoo	MORPH=empty
cil	cel	PROdem	MORPH=empty
dit	dire	VERcjg	MORPH=empty
:	:	PONfbl	MORPH=empty
"	"	PONpxx	MORPH=empty
Sire	seignor	NOMcom	MORPH=empty
,	,	PONfbl	MORPH=empty
vostre	vostre	DETpos	MORPH=empty
non	nom	NOMcom	MORPH=empty
me	je	PROper	MORPH=empty
diroiz	dire	VERcjg	MORPH=empty
,	,	PONfbl	MORPH=empty
se	se	CONsub	MORPH=empty
il	il	PROimp	MORPH=empty
ne	ne1	ADVneg	MORPH=empty
vos	vos	PROper	MORPH=empty
poise	peser	VERcjg	MORPH=empty
,	,	PONfbl	MORPH=empty
einz	ainz	ADVgen	MORPH=empty
que	que4	CONsub	MORPH=empty
de	de	PRE	MORPH=empty
moi	je	PROper	MORPH=empty
partir	partir	VERinf	MORPH=empty
vos	vos	PROper	MORPH=empty
loise	loisir1	VERcjg	MORPH=empty
.	.	PONfrt	MORPH=empty
"	"	PONpxx	MORPH=empty
Et	et	CONcoo	MORPH=empty
messire	seignor	NOMcom	MORPH=empty
Gauvains	Gauvain	NOMpro	MORPH=empty
li	il	PROper	MORPH=empty
dist	dire	VERcjg	MORPH=empty
:	:	PONfbl	MORPH=empty
"	"	PONpxx	MORPH=empty
Sire	seignor	NOMcom	MORPH=empty
,	,	PONfbl	MORPH=empty
se	se	CONsub	MORPH=empty
Damedex	Damnedeu	NOMpro	MORPH=empty
m'	je	PROper	MORPH=empty
aïst	aidier	VERcjg	MORPH=empty
,	,	PONfbl	MORPH=empty
onques	onque	ADVgen	MORPH=empty
mes	mon1	DETpos	MORPH=empty
nons	nom	NOMcom	MORPH=empty
ne	ne1	ADVneg	MORPH=empty
fu	estre1	VERcjg	MORPH=empty
celez	celer1	VERppe	MORPH=empty
.	.	PONfrt	MORPH=empty
Je	je	PROper	MORPH=empty
sui	estre1	VERcjg	MORPH=empty
cil	cel	PROdem	MORPH=empty
que	que2	PROrel	MORPH=empty
vos	vos	PROper	MORPH=empty
tant	tant	ADVgen	MORPH=empty
haez	häir	VERcjg	MORPH=empty
,	,	PONfbl	MORPH=empty
je	je	PROper	MORPH=empty
sui	estre1	VERcjg	MORPH=empty
Gauvains	Gauvain	NOMpro	MORPH=empty
.	.	PONfrt	MORPH=empty
Gauvains	Gauvain	NOMpro	MORPH=empty
iés	estre1	VERcjg	MORPH=empty
tu	tu	PROper	MORPH=empty
?	?	PONfrt	MORPH=empty
Voire	voir	ADVgen	MORPH=empty
,	,	PONfbl	MORPH=empty
li	le	DETdef	MORPH=empty
niés	nevo	NOMcom	MORPH=empty
le	le	DETdef	MORPH=empty
roi	roi2	NOMcom	MORPH=empty
Artu	Artu	NOMpro	MORPH=empty
.	.	PONfrt	MORPH=empty
Par	par	PRE	MORPH=empty
foi	foi	NOMcom	MORPH=empty
,	,	PONfbl	MORPH=empty
donc	donc	ADVgen	MORPH=empty
es	estre1	VERcjg	MORPH=empty
tu	tu	PROper	MORPH=empty
mout	mout	ADVgen	MORPH=empty
hardiz	hardi	ADJqua	MORPH=empty
,	,	PONfbl	MORPH=empty
ou	o3	CONcoo	MORPH=empty
mout	mout	ADVgen	MORPH=empty
fos	fol3	ADJqua	MORPH=empty
,	,	PONfbl	MORPH=empty
qui	qui	PROrel	MORPH=empty
ton	ton4	DETpos	MORPH=empty
non	nom	NOMcom	MORPH=empty
me	je	PROper	MORPH=empty
diz	dire	VERcjg	MORPH=empty
,	,	PONfbl	MORPH=empty
si	si	ADVgen	MORPH=empty
sez	savoir	VERcjg	MORPH=empty
que	que4	CONsub	MORPH=empty
ge	je	PROper	MORPH=empty
te	tu	PROper	MORPH=empty
haz	häir	VERcjg	MORPH=empty
de	de	PRE	MORPH=empty
mort	mort	NOMcom	MORPH=empty
.	.	PONfrt	MORPH=empty
Or	or4	ADVgen	MORPH=empty
m'	je	PROper	MORPH=empty
annuie	enoiier	VERcjg	MORPH=empty
et	et	CONcoo	MORPH=empty
poise	peser	VERcjg	MORPH=empty
mout	mout	ADVgen	MORPH=empty
fort	fort	ADJqua	MORPH=empty
que	que4	CONsub	MORPH=empty
ge	je	PROper	MORPH=empty
n'	ne1	ADVneg	MORPH=empty
ai	avoir	VERcjg	MORPH=empty
mon	mon1	DETpos	MORPH=empty
hiaume	heaume	NOMcom	MORPH=empty
lacié	lacier	VERppe	MORPH=empty
et	et	CONcoo	MORPH=empty
l'	le	DETdef	MORPH=empty
escu	escu	NOMcom	MORPH=empty
au	a3+le	PRE.DETdef	MORPH=empty
col	col	NOMcom	MORPH=empty
anbracié	embracier	VERppe	MORPH=empty
;	;	PONfbl	MORPH=empty
que	que4	CONcoo	MORPH=empty
se	se	CONsub	MORPH=empty
ge	je	PROper	MORPH=empty
fusse	estre1	VERcjg	MORPH=empty
armez	armer	VERppe	MORPH=empty
ensi	ainsi	ADVgen	MORPH=empty
con	come1	CONsub	MORPH=empty
tu	tu	PROper	MORPH=empty
es	estre1	VERcjg	MORPH=empty
,	,	PONfbl	MORPH=empty
ce	ce1	PROdem	MORPH=empty
saches	savoir	VERcjg	MORPH=empty
de	de	PRE	MORPH=empty
fi	fi2	ADJqua	MORPH=empty
,	,	PONfbl	MORPH=empty
la	le	DETdef	MORPH=empty
teste	teste	NOMcom	MORPH=empty
or	or4	ADVgen	MORPH=empty
androit	endroit	ADVgen	MORPH=empty
te	tu	PROper	MORPH=empty
tranchasse	trenchier1	VERcjg	MORPH=empty
,	,	PONfbl	MORPH=empty
que	que4	CONcoo	MORPH=empty
ja	ja	ADVgen	MORPH=empty
por	por2	PRE	MORPH=empty
rien	rien	PROind	MORPH=empty
ne	ne1	ADVneg	MORPH=empty
t'	tu	PROper	MORPH=empty
espargnasse	espargnier	VERcjg	MORPH=empty
.	.	PONfrt	MORPH=empty
Mes	mais1	CONcoo	MORPH=empty
se	se	CONsub	MORPH=empty
tu	tu	PROper	MORPH=empty
m'	je	PROper	MORPH=empty
osoies	oser	VERcjg	MORPH=empty
atandre	atendre	VERinf	MORPH=empty
,	,	PONfbl	MORPH=empty
ge	je	PROper	MORPH=empty
iroie	aler	VERcjg	MORPH=empty
mes	mon1	DETpos	MORPH=empty
armes	arme	NOMcom	MORPH=empty
prandre	prendre	VERinf	MORPH=empty
,	,	PONfbl	MORPH=empty
puis	puis	ADVgen	MORPH=empty
me	je	PROper	MORPH=empty
vanroie	venir	VERcjg	MORPH=empty
a	a3	PRE	MORPH=empty
toi	tu	PROper	MORPH=empty
conbatre	combatre	VERinf	MORPH=empty
,	,	PONfbl	MORPH=empty
s'	si	ADVgen	MORPH=empty
amanroie	amener	VERcjg	MORPH=empty
homes	ome	NOMcom	MORPH=empty
.iii.	3	PROcar	MORPH=empty
ou	o3	CONcoo	MORPH=empty
quatre	catre	PROcar	MORPH=empty
por	por2	PRE	MORPH=empty
esgarder	esgarder	VERinf	MORPH=empty
nostre	nostre	DETpos	MORPH=empty
bataille	bataille	NOMcom	MORPH=empty
.	.	PONfrt	MORPH=empty
Ou	o3	CONcoo	MORPH=empty
,	,	PONfbl	MORPH=empty
se	se	CONsub	MORPH=empty
tu	tu	PROper	MORPH=empty
viax	voloir	VERcjg	MORPH=empty
,	,	PONfbl	MORPH=empty
autremant	autrement	ADVgen	MORPH=empty
aille	aler	VERcjg	MORPH=empty
,	,	PONfbl	MORPH=empty
que	que4	CONcoo	MORPH=empty
jusqu'	jusque	PRE	MORPH=empty
a	a3	PRE	MORPH=empty
.vii.	7	DETcar	MORPH=empty
jorz	jor	NOMcom	MORPH=empty
atandrons	atendre	VERcjg	MORPH=empty
et	et	CONcoo	MORPH=empty
au	a3+le	PRE.DETdef	MORPH=empty
sesme	setme	ADJord	MORPH=empty
jor	jor	NOMcom	MORPH=empty
revandrons	revenir	VERcjg	MORPH=empty
an	en1	PRE	MORPH=empty
ceste	cest	DETdem	MORPH=empty
place	place	NOMcom	MORPH=empty
tuit	tot	ADVgen	MORPH=empty
armé	armer	VERppe	MORPH=empty
,	,	PONfbl	MORPH=empty
et	et	CONcoo	MORPH=empty
tu	tu	PROper	MORPH=empty
aies	avoir	VERcjg	MORPH=empty
le	le	DETdef	MORPH=empty
roi	roi2	NOMcom	MORPH=empty
mandé	mander	VERppe	MORPH=empty
et	et	CONcoo	MORPH=empty
la	le	DETdef	MORPH=empty
reïne	röine1	NOMcom	MORPH=empty
et	et	CONcoo	MORPH=empty
ses	son4	DETpos	MORPH=empty
genz	gent1	NOMcom	MORPH=empty
totes	tot	PROind	MORPH=empty
,	,	PONfbl	MORPH=empty
et	et	CONcoo	MORPH=empty
ge	je	PROper	MORPH=empty
ravrai	ravoir2	VERcjg	MORPH=empty
les	le	DETdef	MORPH=empty
moies	mien	ADJpos	MORPH=empty
rotes	rote4	NOMcom	MORPH=empty
de	de	PRE	MORPH=empty
par	par	PRE	MORPH=empty
tot	tot	DETind	MORPH=empty
le	le	DETdef	MORPH=empty
païs	päis	NOMcom	MORPH=empty
mandees	mander	VERppe	MORPH=empty
,	,	PONfbl	MORPH=empty
et	et	CONcoo	MORPH=empty
si	si	ADVgen	MORPH=empty
n'	ne1	ADVneg	MORPH=empty
iert	estre1	VERcjg	MORPH=empty
pas	pas	ADVneg	MORPH=empty
fete	faire	VERppe	MORPH=empty
an	en1	PRE	MORPH=empty
anblees	emblee	NOMcom	MORPH=empty
nostre	nostre	DETpos	MORPH=empty
bataille	bataille	NOMcom	MORPH=empty
,	,	PONfbl	MORPH=empty
ainz	ainz	ADVgen	MORPH=empty
la	il	PROper	MORPH=empty
verront	vëoir	VERcjg	MORPH=empty
tuit	tot	DETind	MORPH=empty
cil	cel	PROdem	MORPH=empty
qui	qui	PROrel	MORPH=empty
veoir	vëoir	VERinf	MORPH=empty
la	il	PROper	MORPH=empty
volront	voloir	VERcjg	MORPH=empty
;	;	PONfbl	MORPH=empty
que	que4	CONcoo	MORPH=empty
bataille	bataille	NOMcom	MORPH=empty
de	de	PRE	MORPH=empty
.ii.	2	DETcar	MORPH=empty
prodomes	pro	NOMcom	MORPH=empty
,	,	PONfbl	MORPH=empty
si	si	ADVgen	MORPH=empty
con	come1	CONsub	MORPH=empty
l'	le	DETdef	MORPH=empty
an	on	PROind	MORPH=empty
dit	dire	VERcjg	MORPH=empty
que	que4	CONsub	MORPH=empty
nos	nos1	PROper	MORPH=empty
dui	deus	PROcar	MORPH=empty
somes	estre1	VERcjg	MORPH=empty
,	,	PONfbl	MORPH=empty
ne	ne1	ADVneg	MORPH=empty
doit	devoir	VERcjg	MORPH=empty
an	on	PROind	MORPH=empty
pas	pas	ADVneg	MORPH=empty
feire	faire	VERinf	MORPH=empty
en	en1	PRE	MORPH=empty
aguait	agait	NOMcom	MORPH=empty
,	,	PONfbl	MORPH=empty
einz	ainz	ADVgen	MORPH=empty
est	estre1	VERcjg	MORPH=empty
bien	bien1	ADVgen	MORPH=empty
droiz	droit	ADJqua	MORPH=empty
que	que4	CONsub	MORPH=empty
il	il	PROimp	MORPH=empty
i	i2	PROadv	MORPH=empty
ait	avoir	VERcjg	MORPH=empty
dames	dame	NOMcom	MORPH=empty
et	et	CONcoo	MORPH=empty
chevaliers	chevalier	NOMcom	MORPH=empty
assez	assez	ADVgen	MORPH=empty
.	.	PONfrt	MORPH=empty
Et	et	CONcoo	MORPH=empty
quant	cant1	CONsub	MORPH=empty
li	le	DETdef	MORPH=empty
uns	un	PROind	MORPH=empty
sera	estre1	VERcjg	MORPH=empty
lassez	lasser	VERppe	MORPH=empty
,	,	PONfbl	MORPH=empty
que	que4	CONsub	MORPH=empty
toz	tot	DETind	MORPH=empty
li	le	DETdef	MORPH=empty
mondes	monde1	NOMcom	MORPH=empty
le	il	PROper	MORPH=empty
savra	savoir	VERcjg	MORPH=empty
,	,	PONfbl	MORPH=empty
.m.	1000	DETcar	MORPH=empty
tanz	tant	ADVgen	MORPH=empty
plus	plus	ADVgen	MORPH=empty
d'	de	PRE	MORPH=empty
enor	onor	NOMcom	MORPH=empty
i	i2	PROadv	MORPH=empty
avra	avoir	VERcjg	MORPH=empty
li	le	DETdef	MORPH=empty
vainquerres	veinquëor	NOMcom	MORPH=empty
que	que4	CONsub	MORPH=empty
il	il	PROper	MORPH=empty
n'	ne1	ADVneg	MORPH=empty
avroit	avoir	VERcjg	MORPH=empty
quant	cant1	CONsub	MORPH=empty
nus	nul	PROind	MORPH=empty
fors	fors1	PRE	MORPH=empty
lui	il	PROper	MORPH=empty
ne	ne1	ADVneg	MORPH=empty
le	il	PROper	MORPH=empty
savroit	savoir	VERcjg	MORPH=empty
.	.	PONfrt	MORPH=empty
Sire	seignor	NOMcom	MORPH=empty
,	,	PONfbl	MORPH=empty
fet	faire	VERcjg	MORPH=empty
messire	seignor	NOMcom	MORPH=empty
Gauvains	Gauvain	NOMpro	MORPH=empty
,	,	PONfbl	MORPH=empty
volantiers	volentiers	ADVgen	MORPH=empty
m'	je	PROper	MORPH=empty
an	en2	PROadv	MORPH=empty
feïsse	faire	VERcjg	MORPH=empty
a	a3	PRE	MORPH=empty
mains	moins	ADVgen	MORPH=empty
,	,	PONfbl	MORPH=empty
s'	se	CONsub	MORPH=empty
il	il	PROimp	MORPH=empty
poïst	pöoir	VERcjg	MORPH=empty
estre	estre1	VERinf	MORPH=empty
et	et	CONcoo	MORPH=empty
vos	vos	PROper	MORPH=empty
pleüst	plaire	VERcjg	MORPH=empty
que	que4	CONsub	MORPH=empty
ja	ja	ADVgen	MORPH=empty
bataille	bataille	NOMcom	MORPH=empty
n'	ne1	ADVneg	MORPH=empty
i	i2	PROadv	MORPH=empty
eüst	avoir	VERcjg	MORPH=empty
.	.	PONfrt	MORPH=empty
Et	et	CONcoo	MORPH=empty
se	se	CONsub	MORPH=empty
ge	je	PROper	MORPH=empty
rien	rien	PROind	MORPH=empty
mesfet	mesfaire	VERppe	MORPH=empty
vos	vos	PROper	MORPH=empty
ai	avoir	VERcjg	MORPH=empty
,	,	PONfbl	MORPH=empty
mout	mout	ADVgen	MORPH=empty
volantiers	volentiers	ADVgen	MORPH=empty
l'	il	PROper	MORPH=empty
amanderai	amender	VERcjg	MORPH=empty
par	par	PRE	MORPH=empty
voz	vostre	DETpos	MORPH=empty
amis	ami	NOMcom	MORPH=empty
et	et	CONcoo	MORPH=empty
par	par	PRE	MORPH=empty
les	le	DETdef	MORPH=empty
miens	mien	PROpos	MORPH=empty
si	si	ADVgen	MORPH=empty
que	que4	CONsub	MORPH=empty
il	il	PROper	MORPH=empty
soit	estre1	VERcjg	MORPH=empty
reisons	raison	NOMcom	MORPH=empty
et	et	CONcoo	MORPH=empty
biens	bien2	NOMcom	MORPH=empty
.	.	PONfrt	MORPH=empty
"	"	PONpxx	MORPH=empty
Et	et	CONcoo	MORPH=empty
cil	cel	PROdem	MORPH=empty
dit	dire	VERcjg	MORPH=empty
:	:	PONfbl	MORPH=empty
"	"	PONpxx	MORPH=empty
Ge	je	PROper	MORPH=empty
ne	ne1	ADVneg	MORPH=empty
puis	pöoir	VERcjg	MORPH=empty
savoir	savoir	VERinf	MORPH=empty
quel	quel1	DETrel	MORPH=empty
reison	raison	NOMcom	MORPH=empty
il	il	PROimp	MORPH=empty
i	i2	PROadv	MORPH=empty
puisse	pöoir	VERcjg	MORPH=empty
avoir	avoir	VERinf	MORPH=empty
,	,	PONfbl	MORPH=empty
s'	se	CONsub	MORPH=empty
a	a3	PRE	MORPH=empty
moi	je	PROper	MORPH=empty
conbatre	combatre	VERinf	MORPH=empty
ne	ne1	ADVneg	MORPH=empty
t'	tu	PROper	MORPH=empty
an	en2	PROadv	MORPH=empty
oses	oser	VERcjg	MORPH=empty
.	.	PONfrt	MORPH=empty
Ge	je	PROper	MORPH=empty
t'	tu	PROper	MORPH=empty
ai	avoir	VERcjg	MORPH=empty
devisees	deviser	VERppe	MORPH=empty
.ii.	2	DETcar	MORPH=empty
choses	chose	NOMcom	MORPH=empty
,	,	PONfbl	MORPH=empty
si	si	ADVgen	MORPH=empty
fai	faire	VERcjg	MORPH=empty
le	le	DETdef	MORPH=empty
quel	quel1	PROrel	MORPH=empty
que	que2	PROrel	MORPH=empty
tu	tu	PROper	MORPH=empty
voldras	voloir	VERcjg	MORPH=empty
:	:	PONfbl	MORPH=empty
se	se	CONsub	MORPH=empty
tu	tu	PROper	MORPH=empty
oses	oser	VERcjg	MORPH=empty
,	,	PONfbl	MORPH=empty
tu	tu	PROper	MORPH=empty
atandras	atendre	VERcjg	MORPH=empty
et	et	CONcoo	MORPH=empty
ge	je	PROper	MORPH=empty
irai	aler	VERcjg	MORPH=empty
mes	mon1	DETpos	MORPH=empty
armes	arme	NOMcom	MORPH=empty
querre	querre	VERinf	MORPH=empty
;	;	PONfbl	MORPH=empty
ou	o3	CONcoo	MORPH=empty
tu	tu	PROper	MORPH=empty
manderas	mander	VERcjg	MORPH=empty
an	en1	PRE	MORPH=empty
ta	ton4	DETpos	MORPH=empty
terre	terre	NOMcom	MORPH=empty
tot	tot	DETind	MORPH=empty
ton	ton4	DETpos	MORPH=empty
pooir	pöoir	VERinf	MORPH=empty
jusqu'	jusque	PRE	MORPH=empty
a	a3	PRE	MORPH=empty
.vii.	7	DETcar	MORPH=empty
jorz	jor	NOMcom	MORPH=empty
,	,	PONfbl	MORPH=empty
que	que4	CONcoo	MORPH=empty
a	a3	PRE	MORPH=empty
Pantecoste	Pentecoste	NOMpro	MORPH=empty
ert	estre1	VERcjg	MORPH=empty
la	le	DETdef	MORPH=empty
corz	cort1	NOMcom	MORPH=empty
le	le	DETdef	MORPH=empty
roi	roi2	NOMcom	MORPH=empty
Artus	Artu	NOMpro	MORPH=empty
an	en1	PRE	MORPH=empty
Orcanie	Orcanie	NOMpro	MORPH=empty
,	,	PONfbl	MORPH=empty
bien	bien1	ADVgen	MORPH=empty
en	en2	PROadv	MORPH=empty
ai	avoir	VERcjg	MORPH=empty
la	le	DETdef	MORPH=empty
novele	novele	NOMcom	MORPH=empty
oïe	öir	VERppe	MORPH=empty
,	,	PONfbl	MORPH=empty
n'	ne2	CONcoo	MORPH=empty
il	il	PROimp	MORPH=empty
n'	ne1	ADVneg	MORPH=empty
i	i2	PROadv	MORPH=empty
a	avoir	VERcjg	MORPH=empty
mes	mais1	ADVgen	MORPH=empty
que	que4	CONsub	MORPH=empty
.ii.	2	DETcar	MORPH=empty
jornees	jornee	NOMcom	MORPH=empty
.	.	PONfrt	MORPH=empty
Le	le	DETdef	MORPH=empty
roi	roi2	NOMcom	MORPH=empty
et	et	CONcoo	MORPH=empty
ses	son4	DETpos	MORPH=empty
genz	gent1	NOMcom	MORPH=empty
atornees	atorner	VERppe	MORPH=empty
i	i2	PROadv	MORPH=empty
porra	pöoir	VERcjg	MORPH=empty
trover	trover	VERinf	MORPH=empty
tes	ton4	DETpos	MORPH=empty
messages	message2	NOMcom	MORPH=empty
.	.	PONfrt	MORPH=empty
Anvoie	envoiier	VERcjg	MORPH=empty
i	i2	PROadv	MORPH=empty
,	,	PONfbl	MORPH=empty
si	si	ADVgen	MORPH=empty
feras	faire	VERcjg	MORPH=empty
que	que4	CONsub	MORPH=empty
sages	sage	ADJqua	MORPH=empty
.	.	PONfrt	MORPH=empty
c'	que4	CONcoo	MORPH=empty
uns	un	DETcar	MORPH=empty
jorz	jor	NOMcom	MORPH=empty
de	de	PRE	MORPH=empty
respit	respit	NOMcom	MORPH=empty
.c.	100	DETcar	MORPH=empty
solz	sou	NOMcom	MORPH=empty
valt	valoir	VERcjg	MORPH=empty
.	.	PONfrt	MORPH=empty
"	"	PONpxx	MORPH=empty
Et	et	CONcoo	MORPH=empty
cil	cel	PROdem	MORPH=empty
respont	respondre1	VERcjg	MORPH=empty
:	:	PONfbl	MORPH=empty
"	"	PONpxx	MORPH=empty
Se	se	CONsub	MORPH=empty
Dex	Dieu	NOMpro	MORPH=empty
me	je	PROper	MORPH=empty
salt	sauver	VERcjg	MORPH=empty
,	,	PONfbl	MORPH=empty
la	là	ADVgen	MORPH=empty
ert	estre1	VERcjg	MORPH=empty
la	le	DETdef	MORPH=empty
corz	cort1	NOMcom	MORPH=empty
sanz	sans	PRE	MORPH=empty
nule	nul	DETind	MORPH=empty
dote	dote	NOMcom	MORPH=empty
,	,	PONfbl	MORPH=empty
la	le	DETdef	MORPH=empty
verité	verité	NOMcom	MORPH=empty
an	en2	PROadv	MORPH=empty
savez	savoir	VERcjg	MORPH=empty
tote	tot	ADJind	MORPH=empty
;	;	PONfbl	MORPH=empty
et	et	CONcoo	MORPH=empty
g'	je	PROper	MORPH=empty
i	i2	PROadv	MORPH=empty
anvoierai	envoiier	VERcjg	MORPH=empty
mon	mon1	DETpos	MORPH=empty
voel	vuel	NOMcom	MORPH=empty
.	.	PONfrt	MORPH=empty
Gauvains	Gauvain	NOMpro	MORPH=empty
,	,	PONfbl	MORPH=empty
fet	faire	VERcjg	MORPH=empty
il	il	PROper	MORPH=empty
,	,	PONfbl	MORPH=empty
et	et	CONcoo	MORPH=empty
ge	je	PROper	MORPH=empty
te	tu	PROper	MORPH=empty
voel	voloir	VERcjg	MORPH=empty
mener	mener	VERinf	MORPH=empty
au	a3+le	PRE.DETdef	MORPH=empty
meillor	meillor	ADJqua	MORPH=empty
port	port2	NOMcom	MORPH=empty
del	de+le	PRE.DETdef	MORPH=empty
monde	monde1	NOMcom	MORPH=empty
.	.	PONfrt	MORPH=empty
Ceste	cest	DETdem	MORPH=empty
eve	aigue	NOMcom	MORPH=empty
est	estre1	VERcjg	MORPH=empty
si	si	ADVgen	MORPH=empty
roide	roit1	ADJqua	MORPH=empty
et	et	CONcoo	MORPH=empty
parfonde	parfont	ADJqua	MORPH=empty
que	que4	CONsub	MORPH=empty
passer	passer1	VERinf	MORPH=empty
n'	ne1	ADVneg	MORPH=empty
i	i2	PROadv	MORPH=empty
puet	pöoir	VERcjg	MORPH=empty
riens	rien	NOMcom	MORPH=empty
qui	qui	PROrel	MORPH=empty
vive	vivre1	VERcjg	MORPH=empty
ne	ne2	CONcoo	MORPH=empty
saillir	salir2	VERinf	MORPH=empty
jusqu'	jusque	PRE	MORPH=empty
a	a3	PRE	MORPH=empty
l'	le	DETdef	MORPH=empty
autre	autre	ADJind	MORPH=empty
rive	rive	NOMcom	MORPH=empty
.	.	PONfrt	MORPH=empty
"	"	PONpxx	MORPH=empty
Et	et	CONcoo	MORPH=empty
messire	seignor	NOMcom	MORPH=empty
Gauvains	Gauvain	NOMpro	MORPH=empty
respont	respondre1	VERcjg	MORPH=empty
qu'	que4	CONsub	MORPH=empty
il	il	PROper	MORPH=empty
n'	ne1	ADVneg	MORPH=empty
i	i2	PROadv	MORPH=empty
querra	querre	VERcjg	MORPH=empty
ne	ne2	CONcoo	MORPH=empty
gué	gué	NOMcom	MORPH=empty
ne	ne2	CONcoo	MORPH=empty
pont	pont	NOMcom	MORPH=empty
por	por2	PRE	MORPH=empty
riens	rien	NOMcom	MORPH=empty
nule	nul	ADJind	MORPH=empty
qu'	que2	PROrel	MORPH=empty
il	il	PROimp	MORPH=empty
l'	il	PROper	MORPH=empty
an	en2	PROadv	MORPH=empty
aviegne	avenant	VERcjg	MORPH=empty
.	.	PONfrt	MORPH=empty
"	"	PONpxx	MORPH=empty
Einz	ainz	ADVgen	MORPH=empty
que	que4	CONsub	MORPH=empty
a	a3	PRE	MORPH=empty
mauvestié	mauvaistié	NOMcom	MORPH=empty
le	il	PROper	MORPH=empty
tiegne	tenir1	VERcjg	MORPH=empty
la	le	DETdef	MORPH=empty
dameisele	damoisele	NOMcom	MORPH=empty
felenesse	felon	ADJqua	MORPH=empty
cui	cui	PROrel	MORPH=empty
ge	je	PROper	MORPH=empty
en	en2	PROadv	MORPH=empty
ai	avoir	VERcjg	MORPH=empty
fet	faire	VERppe	MORPH=empty
la	le	DETdef	MORPH=empty
promesse	promesse	NOMcom	MORPH=empty
,	,	PONfbl	MORPH=empty
si	si	ADVgen	MORPH=empty
m'	je	PROper	MORPH=empty
an	en2	PROadv	MORPH=empty
irai	aler	VERcjg	MORPH=empty
tot	tot	ADVgen	MORPH=empty
droit	droit	ADJqua	MORPH=empty
a	a3	PRE	MORPH=empty
li	il	PROper	MORPH=empty
.	.	PONfrt	MORPH=empty
"	"	PONpxx	MORPH=empty
Lors	lors	ADVgen	MORPH=empty
point	poindre	VERcjg	MORPH=empty
et	et	CONcoo	MORPH=empty
li	le	DETdef	MORPH=empty
chevax	cheval	NOMcom	MORPH=empty
sailli	salir2	VERcjg	MORPH=empty
oltre	outre1	PRE	MORPH=empty
l'	le	DETdef	MORPH=empty
eve	aigue	NOMcom	MORPH=empty
delivremant	delivrement2	ADVgen	MORPH=empty
,	,	PONfbl	MORPH=empty
que	que4	CONcoo	MORPH=empty
point	point	ADVneg	MORPH=empty
n'	ne1	ADVneg	MORPH=empty
i	i2	PROadv	MORPH=empty
ot	avoir	VERcjg	MORPH=empty
d'	de	PRE	MORPH=empty
anconbrement	encombrement	NOMcom	MORPH=empty
.	.	PONfrt	MORPH=empty
Qant	cant1	CONsub	MORPH=empty
devers	devers	PRE	MORPH=empty
li	il	PROper	MORPH=empty
passé	passer1	VERppe	MORPH=empty
le	il	PROper	MORPH=empty
voit	vëoir	VERcjg	MORPH=empty
la	le	DETdef	MORPH=empty
pucele	pucele	NOMcom	MORPH=empty
qui	qui	PROrel	MORPH=empty
tant	tant	ADVgen	MORPH=empty
l'	il	PROper	MORPH=empty
avoit	avoir	VERcjg	MORPH=empty
de	de	PRE	MORPH=empty
sa	son4	DETpos	MORPH=empty
parole	parole	NOMcom	MORPH=empty
sormené	sormener	VERppe	MORPH=empty
,	,	PONfbl	MORPH=empty
si	si	ADVgen	MORPH=empty
a	avoir	VERcjg	MORPH=empty
cuer	cuer2	NOMcom	MORPH=empty
et	et	CONcoo	MORPH=empty
talant	talent	NOMcom	MORPH=empty
mué	müer	VERppe	MORPH=empty
,	,	PONfbl	MORPH=empty
que	que4	CONsub	MORPH=empty
tot	tot	ADVgen	MORPH=empty
maintenant	maintenant	ADVgen	MORPH=empty
le	il	PROper	MORPH=empty
salue	salüer	VERcjg	MORPH=empty
et	et	CONcoo	MORPH=empty
dit	dire	VERcjg	MORPH=empty
qu'	que4	CONsub	MORPH=empty
ele	il	PROper	MORPH=empty
li	il	PROper	MORPH=empty
est	estre1	VERcjg	MORPH=empty
venue	venir	VERppe	MORPH=empty
merci	merci	NOMcom	MORPH=empty
crier	crïer2	VERinf	MORPH=empty
de	de	PRE	MORPH=empty
son	son4	DETpos	MORPH=empty
mesfet	mesfait	NOMcom	MORPH=empty
,	,	PONfbl	MORPH=empty
que	que2	PROrel	MORPH=empty
por	por2	PRE	MORPH=empty
li	il	PROper	MORPH=empty
a	avoir	VERcjg	MORPH=empty
grant	grant	ADJqua	MORPH=empty
poinne	peine	NOMcom	MORPH=empty
tret	traire	VERcjg	MORPH=empty
.	.	PONfrt	MORPH=empty
"	"	PONpxx	MORPH=empty
Biau	bel1	ADJqua	MORPH=empty
sire	seignor	NOMcom	MORPH=empty
,	,	PONfbl	MORPH=empty
fet	faire	VERcjg	MORPH=empty
ele	il	PROper	MORPH=empty
,	,	PONfbl	MORPH=empty
or	or4	ADVgen	MORPH=empty
escoute	escouter	VERcjg	MORPH=empty
por	por2	PRE	MORPH=empty
coi	coi2	PROrel	MORPH=empty
j'	je	PROper	MORPH=empty
ai	avoir	VERcjg	MORPH=empty
esté	estre1	VERppe	MORPH=empty
si	si	ADVgen	MORPH=empty
estoute	estout	ADJqua	MORPH=empty
vers	vers2	PRE	MORPH=empty
toz	tot	DETind	MORPH=empty
les	le	DETdef	MORPH=empty
chevaliers	chevalier	NOMcom	MORPH=empty
del	de+le	PRE.DETdef	MORPH=empty
mont	monde1	NOMcom	MORPH=empty
qui	qui	PROrel	MORPH=empty
aprés	après	PRE	MORPH=empty
aus	il	PROper	MORPH=empty
menee	mener	VERppe	MORPH=empty
m'	je	PROper	MORPH=empty
ont	avoir	VERcjg	MORPH=empty
.	.	PONfrt	MORPH=empty
Gel	je+il	PROper.PROper	MORPH=empty
te	tu	PROper	MORPH=empty
dirai	dire	VERcjg	MORPH=empty
,	,	PONfbl	MORPH=empty
s'	se	CONsub	MORPH=empty
il	il	PROimp	MORPH=empty
ne	ne1	ADVneg	MORPH=empty
t'	tu	PROper	MORPH=empty
enuie	enoiier	VERcjg	MORPH=empty
.	.	PONfrt	MORPH=empty
Cil	cel	DETdem	MORPH=empty
chevaliers	chevalier	NOMcom	MORPH=empty
,	,	PONfbl	MORPH=empty
cui	cui	PROrel	MORPH=empty
Dex	Dieu	NOMpro	MORPH=empty
destruie	destruire	VERcjg	MORPH=empty
,	,	PONfbl	MORPH=empty
qui	qui	PROrel	MORPH=empty
de	de	PRE	MORPH=empty
la	là	ADVgen	MORPH=empty
d'	de	PRE	MORPH=empty
outre	outre1	ADVgen	MORPH=empty
a	a3	PRE	MORPH=empty
toi	tu	PROper	MORPH=empty
parla	parler	VERcjg	MORPH=empty
,	,	PONfbl	MORPH=empty
s'	son4	DETpos	MORPH=empty
amor	amor	NOMcom	MORPH=empty
an	en1	PRE	MORPH=empty
moi	je	PROper	MORPH=empty
mal	mal1	NOMcom	MORPH=empty
anplea	emploiier	VERcjg	MORPH=empty
,	,	PONfbl	MORPH=empty
qu'	que4	CONcoo	MORPH=empty
il	il	PROper	MORPH=empty
m'	je	PROper	MORPH=empty
ama	amer1	VERcjg	MORPH=empty
,	,	PONfbl	MORPH=empty
et	et	CONcoo	MORPH=empty
ge	je	PROper	MORPH=empty
haï	häir	VERcjg	MORPH=empty
lui	il	PROper	MORPH=empty
;	;	PONfbl	MORPH=empty
car	car	CONcoo	MORPH=empty
il	il	PROper	MORPH=empty
me	je	PROper	MORPH=empty
fist	faire	VERcjg	MORPH=empty
si	si	ADVgen	MORPH=empty
grant	grant	ADJqua	MORPH=empty
enui	enui	NOMcom	MORPH=empty
qu'	que4	CONsub	MORPH=empty
il	il	PROper	MORPH=empty
ocist	ocire	VERcjg	MORPH=empty
,	,	PONfbl	MORPH=empty
n'	ne1	ADVneg	MORPH=empty
an	en2	PROadv	MORPH=empty
mantirai	mentir	VERcjg	MORPH=empty
mie	mie	ADVneg	MORPH=empty
,	,	PONfbl	MORPH=empty
celui	cel	PROdem	MORPH=empty
a	a3	PRE	MORPH=empty
cui	cui	PROrel	MORPH=empty
g'	je	PROper	MORPH=empty
estoie	estre1	VERcjg	MORPH=empty
amie	ami	NOMcom	MORPH=empty
;	;	PONfbl	MORPH=empty
puis	puis	ADVgen	MORPH=empty
me	je	PROper	MORPH=empty
cuida	cuidier1	VERcjg	MORPH=empty
tant	tant	ADVgen	MORPH=empty
d'	de	PRE	MORPH=empty
enor	onor	NOMcom	MORPH=empty
fere	faire	VERinf	MORPH=empty
qu'	que4	CONsub	MORPH=empty
a	a3	PRE	MORPH=empty
s'	son4	DETpos	MORPH=empty
amor	amor	NOMcom	MORPH=empty
me	je	PROper	MORPH=empty
cuida	cuidier1	VERcjg	MORPH=empty
atraire	atraire	VERinf	MORPH=empty
.	.	PONfrt	MORPH=empty
Mes	mais1	CONcoo	MORPH=empty
onques	onque	ADVgen	MORPH=empty
rien	rien	PROind	MORPH=empty
ne	ne1	ADVneg	MORPH=empty
li	il	PROper	MORPH=empty
valut	valoir	VERcjg	MORPH=empty
,	,	PONfbl	MORPH=empty
que	que4	CONcoo	MORPH=empty
au	a3+le	PRE.DETdef	MORPH=empty
plus	plus	ADVgen	MORPH=empty
tost	tost1	ADVgen	MORPH=empty
que	que1	CONsub	MORPH=empty
il	il	PROper	MORPH=empty
me	je	PROper	MORPH=empty
lut	loisir1	VERcjg	MORPH=empty
de	de	PRE	MORPH=empty
sa	son4	DETpos	MORPH=empty
conpeignie	compagnie	NOMcom	MORPH=empty
m'	je	PROper	MORPH=empty
anblai	embler	VERcjg	MORPH=empty
et	et	CONcoo	MORPH=empty
au	a3+le	PRE.DETdef	MORPH=empty
chevalier	chevalier	NOMcom	MORPH=empty
m'	je	PROper	MORPH=empty
asanblai	assembler	VERcjg	MORPH=empty
cui	cui	PROrel	MORPH=empty
tu	tu	PROper	MORPH=empty
me	je	PROper	MORPH=empty
ras	ravoir2	VERcjg	MORPH=empty
gehui	jehui	ADVgen	MORPH=empty
tolue	tolir	VERppe	MORPH=empty
,	,	PONfbl	MORPH=empty
dont	dont	PROrel	MORPH=empty
il	il	PROimp	MORPH=empty
ne	ne1	ADVneg	MORPH=empty
m'	je	PROper	MORPH=empty
est	estre1	VERcjg	MORPH=empty
a	a3	PRE	MORPH=empty
une	un	DETcar	MORPH=empty
alue	alie	NOMcom	MORPH=empty
.	.	PONfrt	MORPH=empty
Mes	mais1	CONcoo	MORPH=empty
de	de	PRE	MORPH=empty
mon	mon1	DETpos	MORPH=empty
premerain	premerain	ADJord	MORPH=empty
ami	ami	NOMcom	MORPH=empty
,	,	PONfbl	MORPH=empty
quant	cant1	CONsub	MORPH=empty
morz	mort	NOMcom	MORPH=empty
de	de	PRE	MORPH=empty
lui	il	PROper	MORPH=empty
me	je	PROper	MORPH=empty
departi	departir	VERcjg	MORPH=empty
,	,	PONfbl	MORPH=empty
ai	avoir	VERcjg	MORPH=empty
esté	estre1	VERppe	MORPH=empty
si	si	ADVgen	MORPH=empty
longuemant	longement2	ADVgen	MORPH=empty
fole	fol3	ADJqua	MORPH=empty
et	et	CONcoo	MORPH=empty
si	si	ADVgen	MORPH=empty
estoute	estout	ADJqua	MORPH=empty
de	de	PRE	MORPH=empty
parole	parole	NOMcom	MORPH=empty
et	et	CONcoo	MORPH=empty
si	si	ADVgen	MORPH=empty
vilainne	vilain	ADJqua	MORPH=empty
et	et	CONcoo	MORPH=empty
si	si	ADVgen	MORPH=empty
musarde	musart	ADJqua	MORPH=empty
c'	que4	CONsub	MORPH=empty
onques	onque	ADVgen	MORPH=empty
ne	ne1	ADVneg	MORPH=empty
me	je	PROper	MORPH=empty
prenoie	prendre	VERcjg	MORPH=empty
garde	garde	NOMcom	MORPH=empty
cui	cui	PROrel	MORPH=empty
j'	je	PROper	MORPH=empty
alasse	aler	VERcjg	MORPH=empty
contraliant	contrariier	VERppa	MORPH=empty
,	,	PONfbl	MORPH=empty
einz	ainz	ADVgen	MORPH=empty
le	il	PROper	MORPH=empty
feisoie	faire	VERcjg	MORPH=empty
a	a3	PRE	MORPH=empty
esciant	escïent	NOMcom	MORPH=empty
,	,	PONfbl	MORPH=empty
por	por2	PRE	MORPH=empty
ce	ce1	PROdem	MORPH=empty
que	que4	CONsub	MORPH=empty
trover	trover	VERinf	MORPH=empty
an	en2	PROadv	MORPH=empty
volsisse	voloir	VERcjg	MORPH=empty
.i.	un	DETndf	MORPH=empty
si	si	ADVgen	MORPH=empty
ireus	iros	ADJqua	MORPH=empty
que	que4	CONsub	MORPH=empty
gel	je+il	PROper.PROper	MORPH=empty
feïsse	faire	VERcjg	MORPH=empty
a	a3	PRE	MORPH=empty
moi	je	PROper	MORPH=empty
irestre	iraistre	VERinf	MORPH=empty
et	et	CONcoo	MORPH=empty
correcier	corrocier	VERinf	MORPH=empty
por	por2	PRE	MORPH=empty
moi	je	PROper	MORPH=empty
trestote	trestot	ADVgen	MORPH=empty
depecier	depecier	VERinf	MORPH=empty
,	,	PONfbl	MORPH=empty
que	que4	CONcoo	MORPH=empty
piece	piece	NOMcom	MORPH=empty
a	avoir	VERcjg	MORPH=empty
volsisse	voloir	VERcjg	MORPH=empty
estre	estre1	VERinf	MORPH=empty
ocise	ocire	VERppe	MORPH=empty
.	.	PONfrt	MORPH=empty
Sire	seignor	NOMcom	MORPH=empty
,	,	PONfbl	MORPH=empty
or	or4	ADVgen	MORPH=empty
prenez	prendre	VERcjg	MORPH=empty
de	de	PRE	MORPH=empty
moi	je	PROper	MORPH=empty
justise	justice	NOMcom	MORPH=empty
tel	tel	ADJind	MORPH=empty
que	que4	CONsub	MORPH=empty
ja	ja	ADVgen	MORPH=empty
mes	mais1	ADVgen	MORPH=empty
nule	nul	DETind	MORPH=empty
pucele	pucele	NOMcom	MORPH=empty
qui	qui	PROrel	MORPH=empty
de	de	PRE	MORPH=empty
moi	je	PROper	MORPH=empty
oie	öir	VERcjg	MORPH=empty
la	le	DETdef	MORPH=empty
novele	novele	NOMcom	MORPH=empty
ne	ne1	ADVneg	MORPH=empty
die	dire	VERcjg	MORPH=empty
a	a3	PRE	MORPH=empty
nul	nul	DETind	MORPH=empty
chevalier	chevalier	NOMcom	MORPH=empty
honte	honte	NOMcom	MORPH=empty
.	.	PONfrt	MORPH=empty
Bele	bel1	ADJqua	MORPH=empty
,	,	PONfbl	MORPH=empty
fet	faire	VERcjg	MORPH=empty
il	il	PROper	MORPH=empty
,	,	PONfbl	MORPH=empty
a	a3	PRE	MORPH=empty
moi	je	PROper	MORPH=empty
que	que3	PROint	MORPH=empty
monte	monter	VERcjg	MORPH=empty
que	que4	CONsub	MORPH=empty
ge	je	PROper	MORPH=empty
de	de	PRE	MORPH=empty
vos	vos	PROper	MORPH=empty
justise	justice	NOMcom	MORPH=empty
face	faire	VERcjg	MORPH=empty
?	?	PONfrt	MORPH=empty
Ja	ja	ADVgen	MORPH=empty
le	le	DETdef	MORPH=empty
fil	fil2	NOMcom	MORPH=empty
Damedeu	Damnedeu	NOMpro	MORPH=empty
ne	ne1	ADVneg	MORPH=empty
place	plaire	VERcjg	MORPH=empty
que	que4	CONsub	MORPH=empty
vos	vos	PROper	MORPH=empty
por	por2	PRE	MORPH=empty
moi	je	PROper	MORPH=empty
nul	nul	DETind	MORPH=empty
mal	mal1	NOMcom	MORPH=empty
aiez	avoir	VERcjg	MORPH=empty
,	,	PONfbl	MORPH=empty
mes	mais1	CONcoo	MORPH=empty
montez	monter	VERcjg	MORPH=empty
,	,	PONfbl	MORPH=empty
si	si	ADVgen	MORPH=empty
ne	ne1	ADVneg	MORPH=empty
delaiez	delaiier1	VERcjg	MORPH=empty
,	,	PONfbl	MORPH=empty
s'	si	ADVgen	MORPH=empty
irons	aler	VERcjg	MORPH=empty
jusqu'	jusque	PRE	MORPH=empty
a	a3	PRE	MORPH=empty
ce	ce2	DETdem	MORPH=empty
chastel	chastel	NOMcom	MORPH=empty
fort	fort	ADJqua	MORPH=empty
.	.	PONfrt	MORPH=empty
Veez	vëoir	VERcjg	MORPH=empty
le	le	DETdef	MORPH=empty
notonier	notonier	NOMcom	MORPH=empty
au	a3+le	PRE.DETdef	MORPH=empty
port	port2	NOMcom	MORPH=empty
,	,	PONfbl	MORPH=empty
qui	qui	PROrel	MORPH=empty
nos	nos1	PROper	MORPH=empty
atant	atendre	VERcjg	MORPH=empty
por	por2	PRE	MORPH=empty
passer	passer1	VERinf	MORPH=empty
outre	outre1	ADVgen	MORPH=empty
.	.	PONfrt	MORPH=empty
Vostre	vostre	DETpos	MORPH=empty
volanté	volenté	NOMcom	MORPH=empty
d'	de	PRE	MORPH=empty
outre	outre1	ADVgen	MORPH=empty
an	en1	PRE	MORPH=empty
outre	outre1	ADVgen	MORPH=empty
ferai	faire	VERcjg	MORPH=empty
,	,	PONfbl	MORPH=empty
sire	seignor	NOMcom	MORPH=empty
"	"	PONpxx	MORPH=empty
,	,	PONfbl	MORPH=empty
fet	faire	VERcjg	MORPH=empty
la	le	DETdef	MORPH=empty
pucele	pucele	NOMcom	MORPH=empty
.	.	PONfrt	MORPH=empty
Lors	lors	ADVgen	MORPH=empty
est	estre1	VERcjg	MORPH=empty
montee	monter	VERppe	MORPH=empty
sor	sor2	PRE	MORPH=empty
la	le	DETdef	MORPH=empty
sele	sele	NOMcom	MORPH=empty
del	de+le	PRE.DETdef	MORPH=empty
petit	petit	ADJqua	MORPH=empty
palefroi	palefroi	NOMcom	MORPH=empty
crenu	crenu	ADJqua	MORPH=empty
;	;	PONfbl	MORPH=empty
si	si	ADVgen	MORPH=empty
sont	estre1	VERcjg	MORPH=empty
au	a3+le	PRE.DETdef	MORPH=empty
notonier	notonier	NOMcom	MORPH=empty
venu	venir	VERppe	MORPH=empty
,	,	PONfbl	MORPH=empty
qui	qui	PROrel	MORPH=empty
oltre	outre1	PRE	MORPH=empty
l'	le	DETdef	MORPH=empty
eve	aigue	NOMcom	MORPH=empty
les	il	PROper	MORPH=empty
an	en2	PROadv	MORPH=empty
mainne	mener	VERcjg	MORPH=empty
,	,	PONfbl	MORPH=empty
qu'	que4	CONsub	MORPH=empty
il	il	PROper	MORPH=empty
ne	ne1	ADVneg	MORPH=empty
li	il	PROper	MORPH=empty
fu	estre1	VERcjg	MORPH=empty
travalz	travail	NOMcom	MORPH=empty
ne	ne2	CONcoo	MORPH=empty
painne	peine	NOMcom	MORPH=empty
.	.	PONfrt	MORPH=empty
Et	et	CONcoo	MORPH=empty
les	le	DETdef	MORPH=empty
dames	dame	NOMcom	MORPH=empty
venir	venir	VERinf	MORPH=empty
le	il	PROper	MORPH=empty
voient	vëoir	VERcjg	MORPH=empty
,	,	PONfbl	MORPH=empty
et	et	CONcoo	MORPH=empty
les	le	DETdef	MORPH=empty
puceles	pucele	NOMcom	MORPH=empty
,	,	PONfbl	MORPH=empty
qui	qui	PROrel	MORPH=empty
avoient	avoir	VERcjg	MORPH=empty
por	por2	PRE	MORPH=empty
lui	il	PROper	MORPH=empty
mout	mout	ADVgen	MORPH=empty
grant	grant	ADJqua	MORPH=empty
duel	duel	NOMcom	MORPH=empty
demené	demener	VERppe	MORPH=empty
.	.	PONfrt	MORPH=empty
Por	por2	PRE	MORPH=empty
lui	il	PROper	MORPH=empty
restoient	restre	VERcjg	MORPH=empty
forsené	forsener	VERppe	MORPH=empty
trestuit	trestot	DETind	MORPH=empty
li	le	DETdef	MORPH=empty
vaslet	vaslet	NOMcom	MORPH=empty
del	de+le	PRE.DETdef	MORPH=empty
palés	palais2	NOMcom	MORPH=empty
.	.	PONfrt	MORPH=empty
Or	or4	ADVgen	MORPH=empty
ont	avoir	VERcjg	MORPH=empty
tel	tel	DETind	MORPH=empty
joie	joie	NOMcom	MORPH=empty
c'	que4	CONsub	MORPH=empty
onques	onque	ADVgen	MORPH=empty
mes	mais1	ADVgen	MORPH=empty
ne	ne1	ADVneg	MORPH=empty
fu	estre1	VERcjg	MORPH=empty
nule	nul	PROind	MORPH=empty
plus	plus	ADVgen	MORPH=empty
granz	grant	ADJqua	MORPH=empty
anprise	emprendre	VERppe	MORPH=empty
.	.	PONfrt	MORPH=empty
Devant	devant	PRE	MORPH=empty
le	le	DETdef	MORPH=empty
palais	palais2	NOMcom	MORPH=empty
fu	estre1	VERcjg	MORPH=empty
asise	asseoir	VERppe	MORPH=empty
la	le	DETdef	MORPH=empty
reïne	röine1	NOMcom	MORPH=empty
por	por2	PRE	MORPH=empty
lui	il	PROper	MORPH=empty
atandre	atendre	VERinf	MORPH=empty
;	;	PONfbl	MORPH=empty
ses	son4	DETpos	MORPH=empty
puceles	pucele	NOMcom	MORPH=empty
avoit	avoir	VERcjg	MORPH=empty
fet	faire	VERppe	MORPH=empty
prandre	prendre	VERinf	MORPH=empty
totes	tot	PROind	MORPH=empty
ansanble	ensemble	ADVgen	MORPH=empty
por	por2	PRE	MORPH=empty
dancier	dancier	VERinf	MORPH=empty
et	et	CONcoo	MORPH=empty
por	por2	PRE	MORPH=empty
grant	grant	ADJqua	MORPH=empty
joie	joie	NOMcom	MORPH=empty
comancier	comencier	VERinf	MORPH=empty
.	.	PONfrt	MORPH=empty
Contre	contre	PRE	MORPH=empty
lui	il	PROper	MORPH=empty
grant	grant	ADJqua	MORPH=empty
joie	joie	NOMcom	MORPH=empty
comancent	comencier	VERcjg	MORPH=empty
,	,	PONfbl	MORPH=empty
chantent	chanter	VERcjg	MORPH=empty
et	et	CONcoo	MORPH=empty
querolent	caroler	VERcjg	MORPH=empty
et	et	CONcoo	MORPH=empty
dancent	dancier	VERcjg	MORPH=empty
;	;	PONfbl	MORPH=empty
et	et	CONcoo	MORPH=empty
il	il	PROper	MORPH=empty
vient	venir	VERcjg	MORPH=empty
et	et	CONcoo	MORPH=empty
descent	descendre	VERcjg	MORPH=empty
antr'	entre	PRE	MORPH=empty
eles	il	PROper	MORPH=empty
.	.	PONfrt	MORPH=empty
Les	le	DETdef	MORPH=empty
dames	dame	NOMcom	MORPH=empty
et	et	CONcoo	MORPH=empty
les	le	DETdef	MORPH=empty
dameiseles	damoisele	NOMcom	MORPH=empty
et	et	CONcoo	MORPH=empty
les	le	DETdef	MORPH=empty
.ii.	2	ADJcar	MORPH=empty
reïnes	röine1	NOMcom	MORPH=empty
l'	il	PROper	MORPH=empty
acolent	acoler	VERcjg	MORPH=empty
et	et	CONcoo	MORPH=empty
de	de	PRE	MORPH=empty
grant	grant	ADJqua	MORPH=empty
joie	joie	NOMcom	MORPH=empty
a	a3	PRE	MORPH=empty
lui	il	PROper	MORPH=empty
parolent	parler	VERcjg	MORPH=empty
;	;	PONfbl	MORPH=empty
si	si	ADVgen	MORPH=empty
le	il	PROper	MORPH=empty
desarment	desarmer	VERcjg	MORPH=empty
a	a3	PRE	MORPH=empty
grant	grant	ADJqua	MORPH=empty
feste	feste1	NOMcom	MORPH=empty
,	,	PONfbl	MORPH=empty
janbes	jambe	NOMcom	MORPH=empty
et	et	CONcoo	MORPH=empty
braz	braz	NOMcom	MORPH=empty
et	et	CONcoo	MORPH=empty
piez	pié	NOMcom	MORPH=empty
et	et	CONcoo	MORPH=empty
teste	teste	NOMcom	MORPH=empty
.	.	PONfrt	MORPH=empty
De	de	PRE	MORPH=empty
celi	cel	PROdem	MORPH=empty
qu'	que2	PROrel	MORPH=empty
il	il	PROper	MORPH=empty
ot	avoir	VERcjg	MORPH=empty
amenee	amener	VERppe	MORPH=empty
ront	ravoir2	VERcjg	MORPH=empty
mout	mout	ADVgen	MORPH=empty
grant	grant	ADJqua	MORPH=empty
joie	joie	NOMcom	MORPH=empty
demenee	demener	VERppe	MORPH=empty
,	,	PONfbl	MORPH=empty
que	que4	CONcoo	MORPH=empty
tuit	tot	PROind	MORPH=empty
et	et	CONcoo	MORPH=empty
totes	tot	PROind	MORPH=empty
la	il	PROper	MORPH=empty
servirent	servir	VERcjg	MORPH=empty
por	por2	PRE	MORPH=empty
lui	il	PROper	MORPH=empty
,	,	PONfbl	MORPH=empty
que	que4	CONcoo	MORPH=empty
por	por2	PRE	MORPH=empty
li	il	PROper	MORPH=empty
rien	rien	PROind	MORPH=empty
n'	ne1	ADVneg	MORPH=empty
an	en2	PROadv	MORPH=empty
firent	faire	VERcjg	MORPH=empty
.	.	PONfrt	MORPH=empty
A	a3	PRE	MORPH=empty
grant	grant	ADJqua	MORPH=empty
joie	joie	NOMcom	MORPH=empty
el	en1+le	PRE.DETdef	MORPH=empty
palés	palais2	NOMcom	MORPH=empty
s'	soi1	PROper	MORPH=empty
an	en2	PROadv	MORPH=empty
vont	aler	VERcjg	MORPH=empty
,	,	PONfbl	MORPH=empty
par	par	PRE	MORPH=empty
leanz	laienz	ADVgen	MORPH=empty
tuit	tot	PROind	MORPH=empty
assis	asseoir	VERppe	MORPH=empty
se	soi1	PROper	MORPH=empty
sont	estre1	VERcjg	MORPH=empty
.	.	PONfrt	MORPH=empty
Et	et	CONcoo	MORPH=empty
messire	seignor	NOMcom	MORPH=empty
Gauvains	Gauvain	NOMpro	MORPH=empty
a	avoir	VERcjg	MORPH=empty
prise	prendre	VERppe	MORPH=empty
sa	son4	DETpos	MORPH=empty
seror	seror	NOMcom	MORPH=empty
et	et	CONcoo	MORPH=empty
si	si	ADVgen	MORPH=empty
l'	il	PROper	MORPH=empty
a	avoir	VERcjg	MORPH=empty
assise	asseoir	VERppe	MORPH=empty
lez	lez	PRE	MORPH=empty
lui	il	PROper	MORPH=empty
el	en1+le	PRE.DETdef	MORPH=empty
Lit	lit1	NOMcom	MORPH=empty
de	de	PRE	MORPH=empty
la	le	DETdef	MORPH=empty
Mervoille	merveille	NOMcom	MORPH=empty
;	;	PONfbl	MORPH=empty
si	si	ADVgen	MORPH=empty
li	il	PROper	MORPH=empty
dit	dire	VERcjg	MORPH=empty
an	en1	PRE	MORPH=empty
bas	bas	ADJqua	MORPH=empty
et	et	CONcoo	MORPH=empty
consoille	conseillier1	VERcjg	MORPH=empty
:	:	PONfbl	MORPH=empty
"	"	PONpxx	MORPH=empty
Dameisele	damoisele	NOMcom	MORPH=empty
,	,	PONfbl	MORPH=empty
ge	je	PROper	MORPH=empty
vos	vos	PROper	MORPH=empty
aport	aporter	VERcjg	MORPH=empty
un	un	DETndf	MORPH=empty
anelet	anelet	NOMcom	MORPH=empty
d'	de	PRE	MORPH=empty
outre	outre1	PRE	MORPH=empty
ce	ce2	DETdem	MORPH=empty
port	port2	NOMcom	MORPH=empty
,	,	PONfbl	MORPH=empty
don	dont	PROrel	MORPH=empty
l'	le	DETdef	MORPH=empty
esmeraude	esmeraude	NOMcom	MORPH=empty
mout	mout	ADVgen	MORPH=empty
verdoie	verdoiier	VERcjg	MORPH=empty
.	.	PONfrt	MORPH=empty
Uns	un	DETndf	MORPH=empty
chevaliers	chevalier	NOMcom	MORPH=empty
le	il	PROper	MORPH=empty
vos	vos	PROper	MORPH=empty
anvoie	envoiier	VERcjg	MORPH=empty
par	par	PRE	MORPH=empty
amor	amor	NOMcom	MORPH=empty
et	et	CONcoo	MORPH=empty
si	si	ADVgen	MORPH=empty
vos	vos	PROper	MORPH=empty
salue	salüer	VERcjg	MORPH=empty
et	et	CONcoo	MORPH=empty
dit	dire	VERcjg	MORPH=empty
que	que4	CONsub	MORPH=empty
vos	vos	PROper	MORPH=empty
estes	estre1	VERcjg	MORPH=empty
sa	son4	DETpos	MORPH=empty
drue	dru1	NOMcom	MORPH=empty
.	.	PONfrt	MORPH=empty
Sire	seignor	NOMcom	MORPH=empty
,	,	PONfbl	MORPH=empty
fet	faire	VERcjg	MORPH=empty
ele	il	PROper	MORPH=empty
,	,	PONfbl	MORPH=empty
gel	je+il	PROper.PROper	MORPH=empty
cuit	cuidier1	VERcjg	MORPH=empty
bien	bien1	ADVgen	MORPH=empty
.	.	PONfrt	MORPH=empty
Mes	mais1	CONcoo	MORPH=empty
se	se	CONsub	MORPH=empty
ge	je	PROper	MORPH=empty
l'	il	PROper	MORPH=empty
aim	amer1	VERcjg	MORPH=empty
de	de	PRE	MORPH=empty
nule	nul	DETind	MORPH=empty
rien	rien	NOMcom	MORPH=empty
,	,	PONfbl	MORPH=empty
c'	ce1	PROdem	MORPH=empty
est	estre1	VERcjg	MORPH=empty
de	de	PRE	MORPH=empty
loing	loing	ADVgen	MORPH=empty
que	que4	CONsub	MORPH=empty
s'	son4	DETpos	MORPH=empty
amie	ami	NOMcom	MORPH=empty
sui	estre1	VERcjg	MORPH=empty
,	,	PONfbl	MORPH=empty
c'	que4	CONsub	MORPH=empty
onques	onque	ADVgen	MORPH=empty
ne	ne1	ADVneg	MORPH=empty
me	je	PROper	MORPH=empty
vit	vëoir	VERcjg	MORPH=empty
ne	ne2	CONcoo	MORPH=empty
ge	je	PROper	MORPH=empty
lui	il	PROper	MORPH=empty
s'	se	CONsub	MORPH=empty
outre	outre1	PRE	MORPH=empty
cele	cel	DETdem	MORPH=empty
eve	aigue	NOMcom	MORPH=empty
ne	ne1	ADVneg	MORPH=empty
le	il	PROper	MORPH=empty
vi	vëoir	VERcjg	MORPH=empty
.	.	PONfrt	MORPH=empty
Mes	mais1	CONcoo	MORPH=empty
il	il	PROper	MORPH=empty
m'	je	PROper	MORPH=empty
a	avoir	VERcjg	MORPH=empty
,	,	PONfbl	MORPH=empty
la	le	DETdef	MORPH=empty
soe	suen	ADJpos	MORPH=empty
merci	merci	NOMcom	MORPH=empty
,	,	PONfbl	MORPH=empty
s'	son4	DETpos	MORPH=empty
amor	amor	NOMcom	MORPH=empty
donee	doner	VERppe	MORPH=empty
grant	grant	ADJqua	MORPH=empty
piece	piece	NOMcom	MORPH=empty
a	avoir	VERcjg	MORPH=empty
et	et	CONcoo	MORPH=empty
se	si	ADVgen	MORPH=empty
ne	ne1	ADVneg	MORPH=empty
vint	venir	VERcjg	MORPH=empty
onques	onque	ADVgen	MORPH=empty
de	de	PRE	MORPH=empty
ça	ça	ADVgen	MORPH=empty
,	,	PONfbl	MORPH=empty
mes	mais1	CONcoo	MORPH=empty
si	son4	DETpos	MORPH=empty
message	message2	NOMcom	MORPH=empty
m'	je	PROper	MORPH=empty
ont	avoir	VERcjg	MORPH=empty
proiee	priier	VERppe	MORPH=empty
tant	tant	ADVgen	MORPH=empty
que	que4	CONsub	MORPH=empty
ge	je	PROper	MORPH=empty
li	il	PROper	MORPH=empty
ai	avoir	VERcjg	MORPH=empty
otroiee	otroiier	VERppe	MORPH=empty
m'	mon1	DETpos	MORPH=empty
amor	amor	NOMcom	MORPH=empty
,	,	PONfbl	MORPH=empty
n'	ne1	ADVneg	MORPH=empty
an	en2	PROadv	MORPH=empty
mantiroie	mentir	VERcjg	MORPH=empty
mie	mie	ADVneg	MORPH=empty
.	.	PONfrt	MORPH=empty
De	de	PRE	MORPH=empty
plus	plus	ADVgen	MORPH=empty
ne	ne1	ADVneg	MORPH=empty
sui	estre1	VERcjg	MORPH=empty
ancor	encore	ADVgen	MORPH=empty
s'	son4	DETpos	MORPH=empty
amie	ami	NOMcom	MORPH=empty
.	.	PONfrt	MORPH=empty
Ha	ha	INJ	MORPH=empty
!	!	PONfrt	MORPH=empty
bele	bel1	ADJqua	MORPH=empty
,	,	PONfbl	MORPH=empty
ja	ja	ADVgen	MORPH=empty
s'	soi1	PROper	MORPH=empty
est	estre1	VERcjg	MORPH=empty
il	il	PROper	MORPH=empty
vantez	vanter	VERcjg	MORPH=empty
que	que4	CONsub	MORPH=empty
vos	vos	PROper	MORPH=empty
voldriez	voloir	VERcjg	MORPH=empty
mialz	mieus	ADVgen	MORPH=empty
assez	assez	ADVgen	MORPH=empty
que	que1	CONsub	MORPH=empty
morz	morir	VERppe	MORPH=empty
fust	estre1	VERcjg	MORPH=empty
messire	seignor	NOMcom	MORPH=empty
Gauvains	Gauvain	NOMpro	MORPH=empty
,	,	PONfbl	MORPH=empty
qui	qui	PROrel	MORPH=empty
est	estre1	VERcjg	MORPH=empty
vostre	vostre	DETpos	MORPH=empty
freres	frere	NOMcom	MORPH=empty
germains	germain	ADJqua	MORPH=empty
,	,	PONfbl	MORPH=empty
qu'	que4	CONsub	MORPH=empty
il	il	PROper	MORPH=empty
eüst	avoir	VERcjg	MORPH=empty
mal	mal1	NOMcom	MORPH=empty
an	en1	PRE	MORPH=empty
son	son4	DETpos	MORPH=empty
ortoil	orteil	NOMcom	MORPH=empty
.	.	PONfrt	MORPH=empty
Avoi	avoi	INJ	MORPH=empty
!	!	PONfrt	MORPH=empty
sire	seignor	NOMcom	MORPH=empty
,	,	PONfbl	MORPH=empty
mout	mout	ADVgen	MORPH=empty
me	je	PROper	MORPH=empty
mervoil	merveillier	VERcjg	MORPH=empty
comant	coment1	ADVsub	MORPH=empty
il	il	PROper	MORPH=empty
dist	dire	VERcjg	MORPH=empty
si	si	ADVgen	MORPH=empty
grant	grant	ADJqua	MORPH=empty
folie	folie2	NOMcom	MORPH=empty
.	.	PONfrt	MORPH=empty
Par	par	PRE	MORPH=empty
Deu	Dieu	NOMpro	MORPH=empty
,	,	PONfbl	MORPH=empty
ge	je	PROper	MORPH=empty
nel	ne1+il	ADVneg.PROper	MORPH=empty
cuidoie	cuidier1	VERcjg	MORPH=empty
mie	mie	ADVneg	MORPH=empty
que	que4	CONsub	MORPH=empty
il	il	PROper	MORPH=empty
fust	estre1	VERcjg	MORPH=empty
si	si	ADVgen	MORPH=empty
mal	mal1	ADJqua	MORPH=empty
afeitiez	afaitier	VERppe	MORPH=empty
.	.	PONfrt	MORPH=empty
Or	or4	ADVgen	MORPH=empty
s'	soi1	PROper	MORPH=empty
i	i2	PROadv	MORPH=empty
est	estre1	VERcjg	MORPH=empty
il	il	PROper	MORPH=empty
mout	mout	ADVgen	MORPH=empty
mal	mal1	ADJqua	MORPH=empty
gueitiez	gaitier	VERppe	MORPH=empty
,	,	PONfbl	MORPH=empty
qui	qui	PROrel	MORPH=empty
ceste	cest	DETdem	MORPH=empty
chose	chose	NOMcom	MORPH=empty
m'	je	PROper	MORPH=empty
a	avoir	VERcjg	MORPH=empty
mandee	mander	VERppe	MORPH=empty
.	.	PONfrt	MORPH=empty
Lasse	las	ADJqua	MORPH=empty
!	!	PONfrt	MORPH=empty
il	il	PROper	MORPH=empty
ne	ne1	ADVneg	MORPH=empty
set	savoir	VERcjg	MORPH=empty
se	se	CONsub	MORPH=empty
ge	je	PROper	MORPH=empty
sui	estre1	VERcjg	MORPH=empty
nee	naistre	VERppe	MORPH=empty
,	,	PONfbl	MORPH=empty
mes	mon1	DETpos	MORPH=empty
freres	frere	NOMcom	MORPH=empty
,	,	PONfbl	MORPH=empty
n'	ne2	CONcoo	MORPH=empty
onques	onque	ADVgen	MORPH=empty
ne	ne1	ADVneg	MORPH=empty
me	je	PROper	MORPH=empty
vit	vëoir	VERcjg	MORPH=empty
.	.	PONfrt	MORPH=empty
Li	le	DETdef	MORPH=empty
Grinomalanz	Guiromelant	NOMpro	MORPH=empty
a	avoir	VERcjg	MORPH=empty
mesdit	mesdire	VERppe	MORPH=empty
.	.	PONfrt	MORPH=empty
"	"	PONpxx	MORPH=empty
Queque	que_que	PROrel	MORPH=empty
cil	cel	DETdem	MORPH=empty
dui	deus	PROcar	MORPH=empty
ensi	ainsi	ADVgen	MORPH=empty
parloient	parler	VERcjg	MORPH=empty
,	,	PONfbl	MORPH=empty
et	et	CONcoo	MORPH=empty
les	le	DETdef	MORPH=empty
dames	dame	NOMcom	MORPH=empty
les	il	PROper	MORPH=empty
escoutoient	escouter	VERcjg	MORPH=empty
,	,	PONfbl	MORPH=empty
et	et	CONcoo	MORPH=empty
la	le	DETdef	MORPH=empty
vielle	vieil	ADJqua	MORPH=empty
reïne	röine1	NOMcom	MORPH=empty
sist	sëoir	VERcjg	MORPH=empty
delez	dalez	PRE	MORPH=empty
sa	son4	DETpos	MORPH=empty
fille	fille	NOMcom	MORPH=empty
et	et	CONcoo	MORPH=empty
si	si	ADVgen	MORPH=empty
li	il	PROper	MORPH=empty
dist	dire	VERcjg	MORPH=empty
:	:	PONfbl	MORPH=empty
"	"	PONpxx	MORPH=empty
Bele	bel1	ADJqua	MORPH=empty
fille	fille	NOMcom	MORPH=empty
,	,	PONfbl	MORPH=empty
que	que3	PROint	MORPH=empty
vos	vos	PROper	MORPH=empty
est	estre1	VERcjg	MORPH=empty
vis	vis2	NOMcom	MORPH=empty
de	de	PRE	MORPH=empty
ce	ce2	DETdem	MORPH=empty
seignor	seignor	NOMcom	MORPH=empty
qui	qui	PROrel	MORPH=empty
s'	soi1	PROper	MORPH=empty
est	estre1	VERcjg	MORPH=empty
assis	asseoir	VERppe	MORPH=empty
delez	dalez	PRE	MORPH=empty
vostre	vostre	DETpos	MORPH=empty
fille	fille	NOMcom	MORPH=empty
,	,	PONfbl	MORPH=empty
ma	mon1	DETpos	MORPH=empty
niece	niece	NOMcom	MORPH=empty
?	?	PONfrt	MORPH=empty
Consellié	conseillier1	VERppe	MORPH=empty
a	avoir	VERcjg	MORPH=empty
a	a3	PRE	MORPH=empty
li	il	PROper	MORPH=empty
grant	grant	ADJqua	MORPH=empty
piece	piece	NOMcom	MORPH=empty
,	,	PONfbl	MORPH=empty
ne	ne1	ADVneg	MORPH=empty
sai	savoir	VERcjg	MORPH=empty
de	de	PRE	MORPH=empty
coi	coi2	PROrel	MORPH=empty
,	,	PONfbl	MORPH=empty
mes	mais1	CONcoo	MORPH=empty
mout	mout	ADVgen	MORPH=empty
me	je	PROper	MORPH=empty
siet	sëoir	VERcjg	MORPH=empty
n'	ne2	CONcoo	MORPH=empty
il	il	PROimp	MORPH=empty
n'	ne1	ADVneg	MORPH=empty
est	estre1	VERcjg	MORPH=empty
pas	pas	ADVneg	MORPH=empty
droiz	droit	ADJqua	MORPH=empty
que	que4	CONsub	MORPH=empty
il	il	PROper	MORPH=empty
me	je	PROper	MORPH=empty
griet	grever	VERcjg	MORPH=empty
;	;	PONfbl	MORPH=empty
que	que4	CONcoo	MORPH=empty
de	de	PRE	MORPH=empty
grant	grant	ADJqua	MORPH=empty
hautesce	hautece	NOMcom	MORPH=empty
li	il	PROper	MORPH=empty
vient	venir	VERcjg	MORPH=empty
quant	cant1	CONsub	MORPH=empty
a	a3	PRE	MORPH=empty
la	le	DETdef	MORPH=empty
plus	plus	ADVgen	MORPH=empty
bele	bel1	ADJqua	MORPH=empty
se	soi1	PROper	MORPH=empty
tient	tenir1	VERcjg	MORPH=empty
et	et	CONcoo	MORPH=empty
a	a3	PRE	MORPH=empty
la	le	DETdef	MORPH=empty
plus	plus	ADVgen	MORPH=empty
sage	sage	ADJqua	MORPH=empty
qui	qui	PROrel	MORPH=empty
soit	estre1	VERcjg	MORPH=empty
an	en1	PRE	MORPH=empty
cest	cest	DETdem	MORPH=empty
palés	palais2	NOMcom	MORPH=empty
,	,	PONfbl	MORPH=empty
et	et	CONcoo	MORPH=empty
si	si	ADVgen	MORPH=empty
a	a3	PRE	MORPH=empty
droit	droit	ADJqua	MORPH=empty
.	.	PONfrt	MORPH=empty
Et	et	CONcoo	MORPH=empty
pleüst	plaire	VERcjg	MORPH=empty
Deu	Dieu	NOMpro	MORPH=empty
que	que4	CONsub	MORPH=empty
il	il	PROper	MORPH=empty
l'	il	PROper	MORPH=empty
eüst	avoir	VERcjg	MORPH=empty
esposee	esposer2	VERppe	MORPH=empty
et	et	CONcoo	MORPH=empty
tant	tant	ADVgen	MORPH=empty
li	il	PROper	MORPH=empty
pleüst	plaire	VERcjg	MORPH=empty
con	come1	CONsub	MORPH=empty
fist	faire	VERcjg	MORPH=empty
a	a3	PRE	MORPH=empty
Eneas	Eneas	NOMpro	MORPH=empty
Lavine	Lavine	NOMpro	MORPH=empty
.	.	PONfrt	MORPH=empty
Ha	ha	INJ	MORPH=empty
!	!	PONfrt	MORPH=empty
dame	dame	NOMcom	MORPH=empty
,	,	PONfbl	MORPH=empty
fet	faire	VERcjg	MORPH=empty
l'	le	DETdef	MORPH=empty
autre	autre	ADJind	MORPH=empty
reïne	röine1	NOMcom	MORPH=empty
,	,	PONfbl	MORPH=empty
Dex	Dieu	NOMpro	MORPH=empty
li	il	PROper	MORPH=empty
doint	doner	VERcjg	MORPH=empty
si	si	ADVgen	MORPH=empty
metre	metre2	VERinf	MORPH=empty
son	son4	DETpos	MORPH=empty
cuer	cuer2	NOMcom	MORPH=empty
que	que4	CONsub	MORPH=empty
il	il	PROper	MORPH=empty
soient	estre1	VERcjg	MORPH=empty
con	come1	CONsub	MORPH=empty
frere	frere	NOMcom	MORPH=empty
et	et	CONcoo	MORPH=empty
suer	seror	NOMcom	MORPH=empty
!	!	PONfrt	MORPH=empty
"	"	PONpxx	MORPH=empty
An	en1	PRE	MORPH=empty
sa	son4	DETpos	MORPH=empty
proiere	priiere	NOMcom	MORPH=empty
antant	entendre	VERcjg	MORPH=empty
la	le	DETdef	MORPH=empty
dame	dame	NOMcom	MORPH=empty
qu'	que4	CONsub	MORPH=empty
il	il	PROper	MORPH=empty
l'	il	PROper	MORPH=empty
aint	amer1	VERcjg	MORPH=empty
et	et	CONcoo	MORPH=empty
qu'	que4	CONsub	MORPH=empty
il	il	PROper	MORPH=empty
la	il	PROper	MORPH=empty
praigne	prendre	VERcjg	MORPH=empty
a	a3	PRE	MORPH=empty
fame	feme	NOMcom	MORPH=empty
.	.	PONfrt	MORPH=empty
Cele	cel	PROdem	MORPH=empty
ne	ne1	ADVneg	MORPH=empty
reconuist	reconoistre	VERcjg	MORPH=empty
son	son4	DETpos	MORPH=empty
fil	fil2	NOMcom	MORPH=empty
;	;	PONfbl	MORPH=empty
come	come1	CONsub	MORPH=empty
frere	frere	NOMcom	MORPH=empty
et	et	CONcoo	MORPH=empty
suer	seror	NOMcom	MORPH=empty
seront	estre1	VERcjg	MORPH=empty
il	il	PROper	MORPH=empty
,	,	PONfbl	MORPH=empty
que	que4	CONcoo	MORPH=empty
d'	de	PRE	MORPH=empty
autre	autre	DETind	MORPH=empty
amor	amor	NOMcom	MORPH=empty
point	point	ADVneg	MORPH=empty
n'	ne1	ADVneg	MORPH=empty
i	i2	PROadv	MORPH=empty
avra	avoir	VERcjg	MORPH=empty
.	.	PONfrt	MORPH=empty
Qant	cant1	CONsub	MORPH=empty
ele	il	PROper	MORPH=empty
de	de	PRE	MORPH=empty
fi	fi2	ADJqua	MORPH=empty
le	il	PROper	MORPH=empty
savra	savoir	VERcjg	MORPH=empty
,	,	PONfbl	MORPH=empty
qu'	que4	CONsub	MORPH=empty
ele	il	PROper	MORPH=empty
est	estre1	VERcjg	MORPH=empty
sa	son4	DETpos	MORPH=empty
suer	seror	NOMcom	MORPH=empty
et	et	CONcoo	MORPH=empty
il	il	PROper	MORPH=empty
ses	son4	DETpos	MORPH=empty
frere	frere	NOMcom	MORPH=empty
,	,	PONfbl	MORPH=empty
s'	si	ADVgen	MORPH=empty
an	en2	PROadv	MORPH=empty
avra	avoir	VERcjg	MORPH=empty
grant	grant	ADJqua	MORPH=empty
joie	joie	NOMcom	MORPH=empty
sa	son4	DETpos	MORPH=empty
mere	mere	NOMcom	MORPH=empty
,	,	PONfbl	MORPH=empty
autre	autre	PROind	MORPH=empty
que	que1	CONsub	MORPH=empty
ele	il	PROper	MORPH=empty
n'	ne1	ADVneg	MORPH=empty
i	i2	PROadv	MORPH=empty
atant	atendre	VERcjg	MORPH=empty
.	.	PONfrt	MORPH=empty
Et	et	CONcoo	MORPH=empty
messire	seignor	NOMcom	MORPH=empty
Gauvains	Gauvain	NOMpro	MORPH=empty
a	avoir	VERcjg	MORPH=empty
tant	tant	ADVgen	MORPH=empty
parlé	parler	VERppe	MORPH=empty
a	a3	PRE	MORPH=empty
sa	son4	DETpos	MORPH=empty
seror	seror	NOMcom	MORPH=empty
la	le	DETdef	MORPH=empty
bele	bel1	ADJqua	MORPH=empty
que	que4	CONsub	MORPH=empty
il	il	PROper	MORPH=empty
se	soi1	PROper	MORPH=empty
lieve	lever	VERcjg	MORPH=empty
et	et	CONcoo	MORPH=empty
si	si	ADVgen	MORPH=empty
apele	apeler	VERcjg	MORPH=empty
.i.	un	DETndf	MORPH=empty
vaslet	vaslet	NOMcom	MORPH=empty
que	que2	PROrel	MORPH=empty
il	il	PROper	MORPH=empty
vit	vëoir	VERcjg	MORPH=empty
a	a3	PRE	MORPH=empty
destre	destre	ADJqua	MORPH=empty
,	,	PONfbl	MORPH=empty
celui	cel	PROdem	MORPH=empty
qui	qui	PROrel	MORPH=empty
plus	plus	ADVgen	MORPH=empty
li	il	PROper	MORPH=empty
sanbla	sembler	VERcjg	MORPH=empty
estre	estre1	VERinf	MORPH=empty
hunbles	umble	ADJqua	MORPH=empty
et	et	CONcoo	MORPH=empty
preuz	pro	ADJqua	MORPH=empty
et	et	CONcoo	MORPH=empty
serviables	servïable	ADJqua	MORPH=empty
,	,	PONfbl	MORPH=empty
et	et	CONcoo	MORPH=empty
plus	plus	ADVgen	MORPH=empty
saiges	sage	ADJqua	MORPH=empty
et	et	CONcoo	MORPH=empty
plus	plus	ADVgen	MORPH=empty
resnables	raisnable	ADJqua	MORPH=empty
de	de	PRE	MORPH=empty
toz	tot	DETind	MORPH=empty
les	le	DETdef	MORPH=empty
vaslez	vaslet	NOMcom	MORPH=empty
de	de	PRE	MORPH=empty
la	le	DETdef	MORPH=empty
sale	sale1	NOMcom	MORPH=empty
.	.	PONfrt	MORPH=empty
An	en1	PRE	MORPH=empty
une	un	DETndf	MORPH=empty
chanbre	chambre1	NOMcom	MORPH=empty
s'	soi1	PROper	MORPH=empty
an	en2	PROadv	MORPH=empty
avale	avaler	VERcjg	MORPH=empty
,	,	PONfbl	MORPH=empty
et	et	CONcoo	MORPH=empty
li	le	DETdef	MORPH=empty
vaslez	vaslet	NOMcom	MORPH=empty
seus	sol1	ADJqua	MORPH=empty
avoec	avuec	PRE	MORPH=empty
lui	il	PROper	MORPH=empty
.	.	PONfrt	MORPH=empty
Qant	cant1	CONsub	MORPH=empty
il	il	PROper	MORPH=empty
furent	estre1	VERcjg	MORPH=empty
aval	aval	ADVgen	MORPH=empty
andui	ambedos	PROcar	MORPH=empty
,	,	PONfbl	MORPH=empty
si	si	ADVgen	MORPH=empty
li	il	PROper	MORPH=empty
dist	dire	VERcjg	MORPH=empty
:	:	PONfbl	MORPH=empty
"	"	PONpxx	MORPH=empty
Vaslez	vaslet	NOMcom	MORPH=empty
,	,	PONfbl	MORPH=empty
ge	je	PROper	MORPH=empty
te	tu	PROper	MORPH=empty
cuit	cuidier1	VERcjg	MORPH=empty
mout	mout	ADVgen	MORPH=empty
vezié	vezïé	ADJqua	MORPH=empty
et	et	CONcoo	MORPH=empty
mout	mout	ADVgen	MORPH=empty
recuit	recuire	VERppe	MORPH=empty
.	.	PONfrt	MORPH=empty
Se	se	CONsub	MORPH=empty
ge	je	PROper	MORPH=empty
.i.	un	DETndf	MORPH=empty
mien	mien	ADJpos	MORPH=empty
consoil	conseil	NOMcom	MORPH=empty
te	tu	PROper	MORPH=empty
di	dire	VERcjg	MORPH=empty
,	,	PONfbl	MORPH=empty
del	de+le	PRE.DETdef	MORPH=empty
bien	bien1	ADVgen	MORPH=empty
celer	celer1	VERinf	MORPH=empty
mout	mout	ADVgen	MORPH=empty
te	tu	PROper	MORPH=empty
chasti	chastiier	VERcjg	MORPH=empty
por	por2	PRE	MORPH=empty
ce	ce1	PROdem	MORPH=empty
que	que4	CONsub	MORPH=empty
tu	tu	PROper	MORPH=empty
i	i2	PROadv	MORPH=empty
aies	avoir	VERcjg	MORPH=empty
preu	pro	NOMcom	MORPH=empty
.	.	PONfrt	MORPH=empty
Ge	je	PROper	MORPH=empty
voel	voloir	VERcjg	MORPH=empty
anvoier	envoiier	VERinf	MORPH=empty
an	en1	PRE	MORPH=empty
.i.	un	DETndf	MORPH=empty
leu	lieu	NOMcom	MORPH=empty
ou	où	PROrel	MORPH=empty
granz	grant	ADJqua	MORPH=empty
joie	joie	NOMcom	MORPH=empty
te	tu	PROper	MORPH=empty
sera	estre1	VERcjg	MORPH=empty
feite	faire	VERppe	MORPH=empty
.	.	PONfrt	MORPH=empty
Sire	seignor	NOMcom	MORPH=empty
,	,	PONfbl	MORPH=empty
mialz	mieus	ADVgen	MORPH=empty
voldroie	voloir	VERcjg	MORPH=empty
avoir	avoir	VERinf	MORPH=empty
treite	traire	VERppe	MORPH=empty
la	le	DETdef	MORPH=empty
lengue	langue1	NOMcom	MORPH=empty
par	par	PRE	MORPH=empty
desoz	desoz	PRE	MORPH=empty
la	le	DETdef	MORPH=empty
gole	gole	NOMcom	MORPH=empty
c'	que4	CONsub	MORPH=empty
une	un	DETndf	MORPH=empty
parole	parole	NOMcom	MORPH=empty
tote	tot	ADVgen	MORPH=empty
sole	sol1	ADJqua	MORPH=empty
me	je	PROper	MORPH=empty
fust	estre1	VERcjg	MORPH=empty
de	de	PRE	MORPH=empty
la	le	DETdef	MORPH=empty
boche	boche	NOMcom	MORPH=empty
volee	voler	VERppe	MORPH=empty
que	que2	PROrel	MORPH=empty
volsissiez	voloir	VERcjg	MORPH=empty
qui	qui	PROrel	MORPH=empty
fust	estre1	VERcjg	MORPH=empty
celee	celer1	VERppe	MORPH=empty
.	.	PONfrt	MORPH=empty
Amis	ami	NOMcom	MORPH=empty
,	,	PONfbl	MORPH=empty
fet	faire	VERcjg	MORPH=empty
il	il	PROper	MORPH=empty
,	,	PONfbl	MORPH=empty
donc	donc	ADVgen	MORPH=empty
iras	aler	VERcjg	MORPH=empty
tu	tu	PROper	MORPH=empty
a	a3	PRE	MORPH=empty
monseignor	seignor	NOMcom	MORPH=empty
le	le	DETdef	MORPH=empty
roi	roi2	NOMcom	MORPH=empty
Artu	Artu	NOMpro	MORPH=empty
,	,	PONfbl	MORPH=empty
que	que4	CONcoo	MORPH=empty
ge	je	PROper	MORPH=empty
ai	avoir	VERcjg	MORPH=empty
non	nom	NOMcom	MORPH=empty
Gauvains	Gauvain	NOMpro	MORPH=empty
,	,	PONfbl	MORPH=empty
ses	son4	DETpos	MORPH=empty
niés	nevo	NOMcom	MORPH=empty
.	.	PONfrt	MORPH=empty
La	le	DETdef	MORPH=empty
voie	voie	NOMcom	MORPH=empty
n'	ne1	ADVneg	MORPH=empty
est	estre1	VERcjg	MORPH=empty
longue	lonc	ADJqua	MORPH=empty
ne	ne2	CONcoo	MORPH=empty
griés	grief	ADJqua	MORPH=empty
,	,	PONfbl	MORPH=empty
que	que4	CONcoo	MORPH=empty
a	a3	PRE	MORPH=empty
la	le	DETdef	MORPH=empty
cité	cité	NOMcom	MORPH=empty
d'	de	PRE	MORPH=empty
Orcanie	Orcanie	NOMpro	MORPH=empty
a	avoir	VERcjg	MORPH=empty
li	le	DETdef	MORPH=empty
rois	roi2	NOMcom	MORPH=empty
sa	son4	DETpos	MORPH=empty
cort	cort1	NOMcom	MORPH=empty
establie	establir	VERppe	MORPH=empty
a	a3	PRE	MORPH=empty
tenir	tenir1	VERinf	MORPH=empty
a	a3	PRE	MORPH=empty
la	le	DETdef	MORPH=empty
Pantecoste	Pentecoste	NOMpro	MORPH=empty
.	.	PONfrt	MORPH=empty
Et	et	CONcoo	MORPH=empty
se	se	CONsub	MORPH=empty
la	le	DETdef	MORPH=empty
voie	voie	NOMcom	MORPH=empty
rien	rien	PROind	MORPH=empty
te	tu	PROper	MORPH=empty
coste	coster1	VERcjg	MORPH=empty
jusque	jusque	PRE	MORPH=empty
la	là	ADVgen	MORPH=empty
,	,	PONfbl	MORPH=empty
si	si	ADVgen	MORPH=empty
t'	tu	PROper	MORPH=empty
an	en2	PROadv	MORPH=empty
tien	tenir1	VERcjg	MORPH=empty
a	a3	PRE	MORPH=empty
moi	je	PROper	MORPH=empty
.	.	PONfrt	MORPH=empty
Qant	cant1	CONsub	MORPH=empty
tu	tu	PROper	MORPH=empty
vandras	venir	VERcjg	MORPH=empty
devant	devant	PRE	MORPH=empty
le	le	DETdef	MORPH=empty
roi	roi2	NOMcom	MORPH=empty
,	,	PONfbl	MORPH=empty
mout	mout	ADVgen	MORPH=empty
correcié	corrocier	VERppe	MORPH=empty
le	il	PROper	MORPH=empty
troveras	trover	VERcjg	MORPH=empty
;	;	PONfbl	MORPH=empty
et	et	CONcoo	MORPH=empty
quant	cant1	CONsub	MORPH=empty
tu	tu	PROper	MORPH=empty
le	il	PROper	MORPH=empty
salueras	salüer	VERcjg	MORPH=empty
de	de	PRE	MORPH=empty
par	par	PRE	MORPH=empty
moi	je	PROper	MORPH=empty
,	,	PONfbl	MORPH=empty
mout	mout	ADVgen	MORPH=empty
avra	avoir	VERcjg	MORPH=empty
grant	grant	ADJqua	MORPH=empty
joie	joie	NOMcom	MORPH=empty
.	.	PONfrt	MORPH=empty
Ja	ja	ADVgen	MORPH=empty
n'	ne1	ADVneg	MORPH=empty
i	i2	PROadv	MORPH=empty
avra	avoir	VERcjg	MORPH=empty
.i.	un	DETndf	MORPH=empty
seul	sol1	ADJqua	MORPH=empty
qui	qui	PROrel	MORPH=empty
oie	öir	VERcjg	MORPH=empty
la	le	DETdef	MORPH=empty
novele	novele	NOMcom	MORPH=empty
qui	qui	PROrel	MORPH=empty
liez	lié1	ADJqua	MORPH=empty
n'	ne1	ADVneg	MORPH=empty
an	en2	PROadv	MORPH=empty
soit	estre1	VERcjg	MORPH=empty
.	.	PONfrt	MORPH=empty
Au	a3+le	PRE.DETdef	MORPH=empty
roi	roi2	NOMcom	MORPH=empty
diras	dire	VERcjg	MORPH=empty
,	,	PONfbl	MORPH=empty
foi	foi	NOMcom	MORPH=empty
qu'	que2	PROrel	MORPH=empty
il	il	PROper	MORPH=empty
me	je	PROper	MORPH=empty
doit	devoir	VERcjg	MORPH=empty
,	,	PONfbl	MORPH=empty
qui	qui	PROrel	MORPH=empty
est	estre1	VERcjg	MORPH=empty
mes	mon1	DETpos	MORPH=empty
sire	seignor	NOMcom	MORPH=empty
et	et	CONcoo	MORPH=empty
ge	je	PROper	MORPH=empty
ses	son4	DETpos	MORPH=empty
hom	ome	NOMcom	MORPH=empty
,	,	PONfbl	MORPH=empty
qu'	que4	CONsub	MORPH=empty
il	il	PROper	MORPH=empty
ne	ne1	ADVneg	MORPH=empty
lest	laissier	VERcjg	MORPH=empty
por	por2	PRE	MORPH=empty
nule	nul	DETind	MORPH=empty
acoison	ochaison	NOMcom	MORPH=empty
que	que4	CONsub	MORPH=empty
ge	je	PROper	MORPH=empty
nel	ne1+il	ADVneg.PROper	MORPH=empty
truisse	trover	VERcjg	MORPH=empty
einz	ainz	ADVgen	MORPH=empty
le	le	DETdef	MORPH=empty
quint	quint	ADJord	MORPH=empty
jor	jor	NOMcom	MORPH=empty
de	de	PRE	MORPH=empty
la	le	DETdef	MORPH=empty
feste	feste1	NOMcom	MORPH=empty
soz	soz	PRE	MORPH=empty
ceste	cest	DETdem	MORPH=empty
tor	tor2	NOMcom	MORPH=empty
logié	logier	VERppe	MORPH=empty
aval	aval	PRE	MORPH=empty
la	le	DETdef	MORPH=empty
praerie	präerie	NOMcom	MORPH=empty
,	,	PONfbl	MORPH=empty
et	et	CONcoo	MORPH=empty
s'	si	ADVgen	MORPH=empty
i	i2	PROadv	MORPH=empty
ait	avoir	VERcjg	MORPH=empty
tele	tel	DETind	MORPH=empty
conpaingnie	compagnie	NOMcom	MORPH=empty
con	come1	CONsub	MORPH=empty
a	a3	PRE	MORPH=empty
sa	son4	DETpos	MORPH=empty
cort	cort1	NOMcom	MORPH=empty
avra	avoir	VERcjg	MORPH=empty
venue	venir	VERppe	MORPH=empty
,	,	PONfbl	MORPH=empty
de	de	PRE	MORPH=empty
haute	haut	ADJqua	MORPH=empty
gent	gent1	NOMcom	MORPH=empty
et	et	CONcoo	MORPH=empty
de	de	PRE	MORPH=empty
menue	menu	ADJqua	MORPH=empty
;	;	PONfbl	MORPH=empty
que	que4	CONcoo	MORPH=empty
j'	je	PROper	MORPH=empty
ai	avoir	VERcjg	MORPH=empty
une	un	DETndf	MORPH=empty
bataille	bataille	NOMcom	MORPH=empty
anprise	emprendre	VERppe	MORPH=empty
vers	vers2	PRE	MORPH=empty
.i.	un	DETndf	MORPH=empty
chevalier	chevalier	NOMcom	MORPH=empty
qui	qui	PROrel	MORPH=empty
ne	ne1	ADVneg	MORPH=empty
prise	prisier	VERcjg	MORPH=empty
ne	ne2	CONcoo	MORPH=empty
moi	je	PROper	MORPH=empty
ne	ne2	CONcoo	MORPH=empty
lui	il	PROper	MORPH=empty
qui	qui	PROrel	MORPH=empty
gaires	gaire	ADVgen	MORPH=empty
vaille	valoir	VERcjg	MORPH=empty
.	.	PONfrt	MORPH=empty
C'	ce1	PROdem	MORPH=empty
est	estre1	VERcjg	MORPH=empty
li	le	DETdef	MORPH=empty
Grinomalanz	Guiromelant	NOMpro	MORPH=empty
sanz	sans	PRE	MORPH=empty
faille	faille3	NOMcom	MORPH=empty
,	,	PONfbl	MORPH=empty
qui	qui	PROrel	MORPH=empty
me	je	PROper	MORPH=empty
het	häir	VERcjg	MORPH=empty
de	de	PRE	MORPH=empty
mortel	mortel	ADJqua	MORPH=empty
haïne	häine	NOMcom	MORPH=empty
.	.	PONfrt	MORPH=empty
Autel	autel1	PROind	MORPH=empty
diras	dire	VERcjg	MORPH=empty
a	a3	PRE	MORPH=empty
la	le	DETdef	MORPH=empty
reïne	röine1	NOMcom	MORPH=empty
,	,	PONfbl	MORPH=empty
qu'	que4	CONsub	MORPH=empty
ele	il	PROper	MORPH=empty
i	i2	PROadv	MORPH=empty
vaigne	venir	VERcjg	MORPH=empty
par	par	PRE	MORPH=empty
la	le	DETdef	MORPH=empty
grant	grant	ADJqua	MORPH=empty
foi	foi	NOMcom	MORPH=empty
qui	qui	PROrel	MORPH=empty
doit	devoir	VERcjg	MORPH=empty
estre	estre1	VERinf	MORPH=empty
antre	entre	PRE	MORPH=empty
li	il	PROper	MORPH=empty
et	et	CONcoo	MORPH=empty
moi	je	PROper	MORPH=empty
,	,	PONfbl	MORPH=empty
que	que4	CONcoo	MORPH=empty
ele	il	PROper	MORPH=empty
est	estre1	VERcjg	MORPH=empty
ma	mon1	DETpos	MORPH=empty
dame	dame	NOMcom	MORPH=empty
et	et	CONcoo	MORPH=empty
m'	mon1	DETpos	MORPH=empty
amie	ami	NOMcom	MORPH=empty
,	,	PONfbl	MORPH=empty
et	et	CONcoo	MORPH=empty
ele	il	PROper	MORPH=empty
nel	ne1+il	ADVneg.PROper	MORPH=empty
lessera	laissier	VERcjg	MORPH=empty
mie	mie	ADVneg	MORPH=empty
puis	puis	ADVgen	MORPH=empty
qu'	que4	CONsub	MORPH=empty
ele	il	PROper	MORPH=empty
savra	savoir	VERcjg	MORPH=empty
les	le	DETdef	MORPH=empty
noveles	novele	NOMcom	MORPH=empty
;	;	PONfbl	MORPH=empty
et	et	CONcoo	MORPH=empty
les	le	DETdef	MORPH=empty
dames	dame	NOMcom	MORPH=empty
et	et	CONcoo	MORPH=empty
les	le	DETdef	MORPH=empty
puceles	pucele	NOMcom	MORPH=empty
qui	qui	PROrel	MORPH=empty
a	a3	PRE	MORPH=empty
sa	son4	DETpos	MORPH=empty
cort	cort1	NOMcom	MORPH=empty
seront	estre1	VERcjg	MORPH=empty
le	le	DETdef	MORPH=empty
jor	jor	NOMcom	MORPH=empty
i	i2	PROadv	MORPH=empty
amaint	amener	VERcjg	MORPH=empty
por	por2	PRE	MORPH=empty
la	le	DETdef	MORPH=empty
moie	mien	ADJpos	MORPH=empty
amor	amor	NOMcom	MORPH=empty
.	.	PONfrt	MORPH=empty
Mes	mais1	CONcoo	MORPH=empty
d'	de	PRE	MORPH=empty
une	un	DETndf	MORPH=empty
chose	chose	NOMcom	MORPH=empty
ai	avoir	VERcjg	MORPH=empty
grant	grant	ADJqua	MORPH=empty
peor	pëor	NOMcom	MORPH=empty
,	,	PONfbl	MORPH=empty
que	que4	CONsub	MORPH=empty
tu	tu	PROper	MORPH=empty
n'	ne1	ADVneg	MORPH=empty
aies	avoir	VERcjg	MORPH=empty
boen	bon	ADJqua	MORPH=empty
chaceor	chacëor	NOMcom	MORPH=empty
qui	qui	PROrel	MORPH=empty
tost	tost1	ADVgen	MORPH=empty
te	tu	PROper	MORPH=empty
port	porter	VERcjg	MORPH=empty
anjusque	enjusque	PRE	MORPH=empty
la	là	ADVgen	MORPH=empty
.	.	PONfrt	MORPH=empty
"	"	PONpxx	MORPH=empty
Et	et	CONcoo	MORPH=empty
cil	cel	PROdem	MORPH=empty
li	il	PROper	MORPH=empty
respont	respondre1	VERcjg	MORPH=empty
que	que4	CONsub	MORPH=empty
il	il	PROper	MORPH=empty
l'	il	PROper	MORPH=empty
a	avoir	VERcjg	MORPH=empty
,	,	PONfbl	MORPH=empty
grant	grant	ADJqua	MORPH=empty
et	et	CONcoo	MORPH=empty
isnel	isnel	ADJqua	MORPH=empty
et	et	CONcoo	MORPH=empty
fort	fort	ADJqua	MORPH=empty
et	et	CONcoo	MORPH=empty
buen	bon	ADJqua	MORPH=empty
,	,	PONfbl	MORPH=empty
que	que2	PROrel	MORPH=empty
il	il	PROper	MORPH=empty
manra	mener	VERcjg	MORPH=empty
come	come1	CONsub	MORPH=empty
le	le	DETdef	MORPH=empty
suen	suen	PROpos	MORPH=empty
.	.	PONfrt	MORPH=empty
"	"	PONpxx	MORPH=empty
Ce	ce1	PROdem	MORPH=empty
,	,	PONfbl	MORPH=empty
fet	faire	VERcjg	MORPH=empty
il	il	PROper	MORPH=empty
,	,	PONfbl	MORPH=empty
ne	ne1	ADVneg	MORPH=empty
me	je	PROper	MORPH=empty
poise	peser	VERcjg	MORPH=empty
pas	pas	ADVneg	MORPH=empty
.	.	PONfrt	MORPH=empty
"	"	PONpxx	MORPH=empty
Et	et	CONcoo	MORPH=empty
li	le	DETdef	MORPH=empty
vaslez	vaslet	NOMcom	MORPH=empty
en	en1	PRE	MORPH=empty
es	es2	PROdem	MORPH=empty
le	le	DETdef	MORPH=empty
pas	pas	NOMcom	MORPH=empty
vers	vers2	PRE	MORPH=empty
unes	un	DETndf	MORPH=empty
estables	estable2	NOMcom	MORPH=empty
l'	il	PROper	MORPH=empty
an	en2	PROadv	MORPH=empty
mainne	mener	VERcjg	MORPH=empty
et	et	CONcoo	MORPH=empty
si	si	ADVgen	MORPH=empty
an	en2	PROadv	MORPH=empty
tret	traire	VERcjg	MORPH=empty
fors	fors1	ADVgen	MORPH=empty
et	et	CONcoo	MORPH=empty
amainne	amener	VERcjg	MORPH=empty
chaceors	chacëor	NOMcom	MORPH=empty
gras	cras	ADJqua	MORPH=empty
et	et	CONcoo	MORPH=empty
sejornez	sejorner	VERppe	MORPH=empty
,	,	PONfbl	MORPH=empty
don	dont	PROrel	MORPH=empty
li	le	DETdef	MORPH=empty
uns	un	PROind	MORPH=empty
estoit	estre1	VERcjg	MORPH=empty
atornez	atorner	VERppe	MORPH=empty
por	por2	PRE	MORPH=empty
chevauchier	chevauchier	VERinf	MORPH=empty
et	et	CONcoo	MORPH=empty
por	por2	PRE	MORPH=empty
errer	errer2	VERinf	MORPH=empty
,	,	PONfbl	MORPH=empty
qu'	que2	PROrel	MORPH=empty
il	il	PROper	MORPH=empty
ot	avoir	VERcjg	MORPH=empty
fet	faire	VERppe	MORPH=empty
de	de	PRE	MORPH=empty
novel	novel	ADJqua	MORPH=empty
ferrer	ferrer	VERinf	MORPH=empty
,	,	PONfbl	MORPH=empty
qu'	que4	CONsub	MORPH=empty
il	il	PROimp	MORPH=empty
n'	ne1	ADVneg	MORPH=empty
i	i2	PROadv	MORPH=empty
failloit	falir	VERcjg	MORPH=empty
sele	sele	NOMcom	MORPH=empty
ne	ne2	CONcoo	MORPH=empty
frains	frein	NOMcom	MORPH=empty
.	.	PONfrt	MORPH=empty
"	"	PONpxx	MORPH=empty
Par	par	PRE	MORPH=empty
foi	foi	NOMcom	MORPH=empty
,	,	PONfbl	MORPH=empty
fet	faire	VERcjg	MORPH=empty
messire	seignor	NOMcom	MORPH=empty
Gauvains	Gauvain	NOMpro	MORPH=empty
,	,	PONfbl	MORPH=empty
vaslez	vaslet	NOMcom	MORPH=empty
,	,	PONfbl	MORPH=empty
tu	tu	PROper	MORPH=empty
es	estre1	VERcjg	MORPH=empty
bien	bien1	ADVgen	MORPH=empty
a	a3	PRE	MORPH=empty
hernois	harnois	NOMcom	MORPH=empty
.	.	PONfrt	MORPH=empty
Or	or4	ADVgen	MORPH=empty
va	aler	VERcjg	MORPH=empty
,	,	PONfbl	MORPH=empty
que	que3	ADVint	MORPH=empty
li	le	DETdef	MORPH=empty
sires	seignor	NOMcom	MORPH=empty
des	de+le	PRE.DETdef	MORPH=empty
rois	roi2	NOMcom	MORPH=empty
te	tu	PROper	MORPH=empty
doint	doner	VERcjg	MORPH=empty
bien	bien1	ADVgen	MORPH=empty
aler	aler	VERinf	MORPH=empty
et	et	CONcoo	MORPH=empty
venir	venir	VERinf	MORPH=empty
et	et	CONcoo	MORPH=empty
la	le	DETdef	MORPH=empty
droite	droit	ADJqua	MORPH=empty
voie	voie	NOMcom	MORPH=empty
tenir	tenir1	VERinf	MORPH=empty
.	.	PONfrt	MORPH=empty
"	"	PONpxx	MORPH=empty
Ensi	ainsi	ADVgen	MORPH=empty
le	le	DETdef	MORPH=empty
vaslet	vaslet	NOMcom	MORPH=empty
an	en2	PROadv	MORPH=empty
anvoie	envoiier	VERcjg	MORPH=empty
et	et	CONcoo	MORPH=empty
jusqu'	jusque	PRE	MORPH=empty
a	a3	PRE	MORPH=empty
l'	le	DETdef	MORPH=empty
eve	aigue	NOMcom	MORPH=empty
le	il	PROper	MORPH=empty
convoie	convoiier	VERcjg	MORPH=empty
et	et	CONcoo	MORPH=empty
si	si	ADVgen	MORPH=empty
comande	comander	VERcjg	MORPH=empty
au	a3+le	PRE.DETdef	MORPH=empty
notonier	notonier	NOMcom	MORPH=empty
que	que4	CONsub	MORPH=empty
il	il	PROper	MORPH=empty
le	il	PROper	MORPH=empty
face	faire	VERcjg	MORPH=empty
outre	outre1	ADVgen	MORPH=empty
nagier	nagier	VERinf	MORPH=empty
.	.	PONfrt	MORPH=empty
Li	le	DETdef	MORPH=empty
notoniers	notonier	NOMcom	MORPH=empty
le	il	PROper	MORPH=empty
fist	faire	VERcjg	MORPH=empty
passer	passer1	VERinf	MORPH=empty
,	,	PONfbl	MORPH=empty
c'	que4	CONsub	MORPH=empty
onques	onque	ADVgen	MORPH=empty
ne	ne1	ADVneg	MORPH=empty
l'	il	PROper	MORPH=empty
an	en2	PROadv	MORPH=empty
covint	covenir	VERcjg	MORPH=empty
lasser	lasser	VERinf	MORPH=empty
.	.	PONfrt	MORPH=empty
Li	le	DETdef	MORPH=empty
vaslez	vaslet	NOMcom	MORPH=empty
est	estre1	VERcjg	MORPH=empty
outre	outre1	ADVgen	MORPH=empty
passez	passer1	VERppe	MORPH=empty
,	,	PONfbl	MORPH=empty
qu'	que4	CONsub	MORPH=empty
il	il	PROper	MORPH=empty
avoit	avoir	VERcjg	MORPH=empty
nageors	nagëor	NOMcom	MORPH=empty
assez	assez	ADVgen	MORPH=empty
.	.	PONfrt	MORPH=empty
Et	et	CONcoo	MORPH=empty
vers	vers2	PRE	MORPH=empty
la	le	DETdef	MORPH=empty
cité	cité	NOMcom	MORPH=empty
d'	de	PRE	MORPH=empty
Orcanie	Orcanie	NOMpro	MORPH=empty
a	avoir	VERcjg	MORPH=empty
la	le	DETdef	MORPH=empty
droite	droit	ADJqua	MORPH=empty
voie	voie	NOMcom	MORPH=empty
acoillie	acoillir	VERppe	MORPH=empty
,	,	PONfbl	MORPH=empty
car	car	CONcoo	MORPH=empty
qui	qui	PROrel	MORPH=empty
set	savoir	VERcjg	MORPH=empty
voie	voie	NOMcom	MORPH=empty
demander	demander	VERinf	MORPH=empty
par	par	PRE	MORPH=empty
tot	tot	DETind	MORPH=empty
le	le	DETdef	MORPH=empty
monde	monde1	NOMcom	MORPH=empty
puet	pöoir	VERcjg	MORPH=empty
aler	aler	VERinf	MORPH=empty
.	.	PONfrt	MORPH=empty
Et	et	CONcoo	MORPH=empty
messire	seignor	NOMcom	MORPH=empty
Gauvains	Gauvain	NOMpro	MORPH=empty
retorne	retorner	VERcjg	MORPH=empty
an	en1	PRE	MORPH=empty
son	son4	DETpos	MORPH=empty
palés	palais2	NOMcom	MORPH=empty
,	,	PONfbl	MORPH=empty
ou	où	PROrel	MORPH=empty
il	il	PROper	MORPH=empty
sejorne	sejorner	VERcjg	MORPH=empty
a	a3	PRE	MORPH=empty
grant	grant	ADJqua	MORPH=empty
joie	joie	NOMcom	MORPH=empty
et	et	CONcoo	MORPH=empty
a	a3	PRE	MORPH=empty
grant	grant	ADJqua	MORPH=empty
deduit	deduit	NOMcom	MORPH=empty
.	.	PONfrt	MORPH=empty
Joie	joie	NOMcom	MORPH=empty
li	il	PROper	MORPH=empty
font	faire	VERcjg	MORPH=empty
totes	tot	PROind	MORPH=empty
et	et	CONcoo	MORPH=empty
tuit	tot	PROind	MORPH=empty
,	,	PONfbl	MORPH=empty
et	et	CONcoo	MORPH=empty
la	le	DETdef	MORPH=empty
reïne	röine1	NOMcom	MORPH=empty
fist	faire	VERcjg	MORPH=empty
estuves	estuve	NOMcom	MORPH=empty
et	et	CONcoo	MORPH=empty
bainz	bain	NOMcom	MORPH=empty
chaufer	chaufer	VERinf	MORPH=empty
an	en1	PRE	MORPH=empty
.v.	5	DETcar	MORPH=empty
.c.	100	DETcar	MORPH=empty
cuves	cuve	NOMcom	MORPH=empty
,	,	PONfbl	MORPH=empty
s'	si	ADVgen	MORPH=empty
i	i2	PROadv	MORPH=empty
fist	faire	VERcjg	MORPH=empty
toz	tot	DETind	MORPH=empty
les	le	DETdef	MORPH=empty
vaslez	vaslet	NOMcom	MORPH=empty
antrer	entrer	VERinf	MORPH=empty
por	por2	PRE	MORPH=empty
baignier	baignier	VERinf	MORPH=empty
et	et	CONcoo	MORPH=empty
por	por2	PRE	MORPH=empty
estuver	estuver	VERinf	MORPH=empty
;	;	PONfbl	MORPH=empty
et	et	CONcoo	MORPH=empty
an	on	PROind	MORPH=empty
lor	il	PROper	MORPH=empty
ot	avoir	VERcjg	MORPH=empty
robes	robe	NOMcom	MORPH=empty
tailliees	taillier1	VERppe	MORPH=empty
qui	qui	PROrel	MORPH=empty
bien	bien1	ADVgen	MORPH=empty
furent	estre1	VERcjg	MORPH=empty
aparelliees	apareillier1	VERppe	MORPH=empty
quant	cant1	CONsub	MORPH=empty
il	il	PROper	MORPH=empty
furent	estre1	VERcjg	MORPH=empty
del	de+le	PRE.DETdef	MORPH=empty
baing	bain	NOMcom	MORPH=empty
issu	issir	VERppe	MORPH=empty
.	.	PONfrt	MORPH=empty
Li	le	DETdef	MORPH=empty
drap	drap	NOMcom	MORPH=empty
de	de	PRE	MORPH=empty
soie	soie2	NOMcom	MORPH=empty
sont	estre1	VERcjg	MORPH=empty
tissu	tistre	VERppe	MORPH=empty
et	et	CONcoo	MORPH=empty
les	le	DETdef	MORPH=empty
robes	robe	NOMcom	MORPH=empty
furent	estre1	VERcjg	MORPH=empty
d'	de	PRE	MORPH=empty
ermines	ermine	NOMcom	MORPH=empty
.	.	PONfrt	MORPH=empty
Au	a3+le	PRE.DETdef	MORPH=empty
mostier	mostier	NOMcom	MORPH=empty
jusqu'	jusque	PRE	MORPH=empty
aprés	après	PRE	MORPH=empty
matines	matines	NOMcom	MORPH=empty
li	le	DETdef	MORPH=empty
vaslet	vaslet	NOMcom	MORPH=empty
an	en1	PRE	MORPH=empty
estant	ester	VERppa	MORPH=empty
vellierent	veillier2	VERcjg	MORPH=empty
,	,	PONfbl	MORPH=empty
c'	que4	CONsub	MORPH=empty
onques	onque	ADVgen	MORPH=empty
ne	ne1	ADVneg	MORPH=empty
s'	soi1	PROper	MORPH=empty
i	i2	PROadv	MORPH=empty
agenoillierent	agenoillier	VERcjg	MORPH=empty
.	.	PONfrt	MORPH=empty
Au	a3+le	PRE.DETdef	MORPH=empty
matin	matin2	NOMcom	MORPH=empty
messire	seignor	NOMcom	MORPH=empty
Gauvains	Gauvain	NOMpro	MORPH=empty
chauça	chaucier1	VERcjg	MORPH=empty
a	a3	PRE	MORPH=empty
chascun	chascun	PROind	MORPH=empty
de	de	PRE	MORPH=empty
ses	son4	DETpos	MORPH=empty
mains	main2	NOMcom	MORPH=empty
l'	le	DETdef	MORPH=empty
esperon	esperon	NOMcom	MORPH=empty
destre	destre	ADJqua	MORPH=empty
et	et	CONcoo	MORPH=empty
ceint	ceindre	VERcjg	MORPH=empty
l'	le	DETdef	MORPH=empty
espee	espee	NOMcom	MORPH=empty
et	et	CONcoo	MORPH=empty
si	si	ADVgen	MORPH=empty
li	il	PROper	MORPH=empty
dona	doner	VERcjg	MORPH=empty
la	le	DETdef	MORPH=empty
colee	colee	NOMcom	MORPH=empty
.	.	PONfrt	MORPH=empty
Lors	lors	ADVgen	MORPH=empty
ot	avoir	VERcjg	MORPH=empty
il	il	PROper	MORPH=empty
conpaignie	compagnie	NOMcom	MORPH=empty
viax	viaus	ADVgen	MORPH=empty
de	de	PRE	MORPH=empty
.v.	5	DETcar	MORPH=empty
.c.	100	DETcar	MORPH=empty
chevaliers	chevalier	NOMcom	MORPH=empty
noviax	novel	ADJqua	MORPH=empty
.	.	PONfrt	MORPH=empty
Et	et	CONcoo	MORPH=empty
li	le	DETdef	MORPH=empty
vaslez	vaslet	NOMcom	MORPH=empty
a	avoir	VERcjg	MORPH=empty
tant	tant	ADVgen	MORPH=empty
alé	aler	VERppe	MORPH=empty
qu'	que4	CONsub	MORPH=empty
il	il	PROper	MORPH=empty
est	estre1	VERcjg	MORPH=empty
venuz	venir	VERppe	MORPH=empty
a	a3	PRE	MORPH=empty
la	le	DETdef	MORPH=empty
cité	cité	NOMcom	MORPH=empty
d'	de	PRE	MORPH=empty
Orcanie	Orcanie	NOMpro	MORPH=empty
,	,	PONfbl	MORPH=empty
ou	où	PROrel	MORPH=empty
li	le	DETdef	MORPH=empty
rois	roi2	NOMcom	MORPH=empty
tenoit	tenir1	VERcjg	MORPH=empty
cort	cort1	NOMcom	MORPH=empty
si	si	ADVgen	MORPH=empty
grant	grant	ADJqua	MORPH=empty
con	come1	CONsub	MORPH=empty
il	il	PROper	MORPH=empty
plus	plus	ADVgen	MORPH=empty
devoit	devoir	VERcjg	MORPH=empty
.	.	PONfrt	MORPH=empty
Et	et	CONcoo	MORPH=empty
li	le	DETdef	MORPH=empty
contret	contrait	ADJqua	MORPH=empty
et	et	CONcoo	MORPH=empty
li	le	DETdef	MORPH=empty
ardant	ardre	VERppa	MORPH=empty
,	,	PONfbl	MORPH=empty
qui	qui	PROrel	MORPH=empty
le	le	DETdef	MORPH=empty
vaslet	vaslet	NOMcom	MORPH=empty
vont	aler	VERcjg	MORPH=empty
regardant	regarder	VERppa	MORPH=empty
,	,	PONfbl	MORPH=empty
dïent	dire	VERcjg	MORPH=empty
:	:	PONfbl	MORPH=empty
"	"	PONpxx	MORPH=empty
Cist	cest	PROdem	MORPH=empty
vient	venir	VERcjg	MORPH=empty
a	a3	PRE	MORPH=empty
grant	grant	ADJqua	MORPH=empty
besoing	besoing	NOMcom	MORPH=empty
,	,	PONfbl	MORPH=empty
je	je	PROper	MORPH=empty
cuit	cuidier1	VERcjg	MORPH=empty
qu'	que4	CONsub	MORPH=empty
il	il	PROper	MORPH=empty
aporte	aporter	VERcjg	MORPH=empty
de	de	PRE	MORPH=empty
loing	loing	ADVgen	MORPH=empty
estranges	estrange	ADJqua	MORPH=empty
noveles	novele	NOMcom	MORPH=empty
a	a3	PRE	MORPH=empty
cort	cort1	NOMcom	MORPH=empty
.	.	PONfrt	MORPH=empty
Mout	mout	ADVgen	MORPH=empty
trovera	trover	VERcjg	MORPH=empty
et	et	CONcoo	MORPH=empty
mu	mu1	ADJqua	MORPH=empty
et	et	CONcoo	MORPH=empty
sort	sort2	ADJqua	MORPH=empty
le	le	DETdef	MORPH=empty
roi	roi2	NOMcom	MORPH=empty
,	,	PONfbl	MORPH=empty
tel	tel	DETind	MORPH=empty
chose	chose	NOMcom	MORPH=empty
puet	pöoir	VERcjg	MORPH=empty
il	il	PROper	MORPH=empty
dire	dire	VERinf	MORPH=empty
,	,	PONfbl	MORPH=empty
qu'	que4	CONcoo	MORPH=empty
il	il	PROper	MORPH=empty
est	estre1	VERcjg	MORPH=empty
mout	mout	ADVgen	MORPH=empty
plains	plein	ADJqua	MORPH=empty
de	de	PRE	MORPH=empty
duel	duel	NOMcom	MORPH=empty
et	et	CONcoo	MORPH=empty
d'	de	PRE	MORPH=empty
ire	ire	NOMcom	MORPH=empty
.	.	PONfrt	MORPH=empty
Et	et	CONcoo	MORPH=empty
qui	qui	PROrel	MORPH=empty
ert	estre1	VERcjg	MORPH=empty
ore	or4	ADVgen	MORPH=empty
qui	qui	PROrel	MORPH=empty
savra	savoir	VERcjg	MORPH=empty
consoil	conseil	NOMcom	MORPH=empty
doner	doner	VERinf	MORPH=empty
,	,	PONfbl	MORPH=empty
quant	cant1	CONsub	MORPH=empty
il	il	PROper	MORPH=empty
avra	avoir	VERcjg	MORPH=empty
oï	öir	VERppe	MORPH=empty
del	de+le	PRE.DETdef	MORPH=empty
message	message2	NOMcom	MORPH=empty
com	come1	CONsub	MORPH=empty
iert	estre1	VERcjg	MORPH=empty
?	?	PONfrt	MORPH=empty
Di	dire	VERcjg	MORPH=empty
va	aler	VERcjg	MORPH=empty
,	,	PONfbl	MORPH=empty
font	faire	VERcjg	MORPH=empty
il	il	PROper	MORPH=empty
,	,	PONfbl	MORPH=empty
a	a3	PRE	MORPH=empty
nos	nos1	PROper	MORPH=empty
qu'	que3	PROint	MORPH=empty
afiert	aferir	VERcjg	MORPH=empty
a	a3	PRE	MORPH=empty
parler	parler	VERinf	MORPH=empty
del	de+le	PRE.DETdef	MORPH=empty
consoil	conseil	NOMcom	MORPH=empty
le	le	DETdef	MORPH=empty
roi	roi2	NOMcom	MORPH=empty
?	?	PONfrt	MORPH=empty
Nos	nos1	PROper	MORPH=empty
devriens	devoir	VERcjg	MORPH=empty
estre	estre1	VERinf	MORPH=empty
an	en1	PRE	MORPH=empty
esfroi	esfroi	NOMcom	MORPH=empty
et	et	CONcoo	MORPH=empty
esmaié	esmaiier	VERppe	MORPH=empty
et	et	CONcoo	MORPH=empty
esperdu	esperdre	VERppe	MORPH=empty
quant	cant1	CONsub	MORPH=empty
nos	nos1	PROper	MORPH=empty
avons	avoir	VERcjg	MORPH=empty
celui	cel	PROdem	MORPH=empty
perdu	perdre	VERppe	MORPH=empty
qui	qui	PROrel	MORPH=empty
por	por2	PRE	MORPH=empty
Deu	Dieu	NOMpro	MORPH=empty
toz	tot	ADVgen	MORPH=empty
nos	nos1	PROper	MORPH=empty
revestoit	revestir	VERcjg	MORPH=empty
et	et	CONcoo	MORPH=empty
don	dont	PROrel	MORPH=empty
toz	tot	DETind	MORPH=empty
li	le	DETdef	MORPH=empty
biens	bien2	NOMcom	MORPH=empty
nos	nos1	PROper	MORPH=empty
venoit	venir	VERcjg	MORPH=empty
par	par	PRE	MORPH=empty
aumosne	aumosne	NOMcom	MORPH=empty
et	et	CONcoo	MORPH=empty
par	par	PRE	MORPH=empty
charité	charité	NOMcom	MORPH=empty
.	.	PONfrt	MORPH=empty
"	"	PONpxx	MORPH=empty
Ensi	ainsi	ADVgen	MORPH=empty
par	par	PRE	MORPH=empty
tote	tot	DETind	MORPH=empty
la	le	DETdef	MORPH=empty
cité	cité	NOMcom	MORPH=empty
monseignor	seignor	NOMcom	MORPH=empty
Gauvain	Gauvain	NOMpro	MORPH=empty
regretoient	regreter	VERcjg	MORPH=empty
la	le	DETdef	MORPH=empty
povre	povre	ADJqua	MORPH=empty
gent	gent1	NOMcom	MORPH=empty
qui	qui	PROrel	MORPH=empty
mout	mout	ADVgen	MORPH=empty
l'	il	PROper	MORPH=empty
amoient	amer1	VERcjg	MORPH=empty
.	.	PONfrt	MORPH=empty
Et	et	CONcoo	MORPH=empty
li	le	DETdef	MORPH=empty
vaslez	vaslet	NOMcom	MORPH=empty
outre	outre1	ADVgen	MORPH=empty
s'	soi1	PROper	MORPH=empty
an	en2	PROadv	MORPH=empty
va	aler	VERcjg	MORPH=empty
,	,	PONfbl	MORPH=empty
s'	si	ADVgen	MORPH=empty
a	avoir	VERcjg	MORPH=empty
tant	tant	ADVgen	MORPH=empty
alé	aler	VERppe	MORPH=empty
que	que4	CONsub	MORPH=empty
il	il	PROper	MORPH=empty
trova	trover	VERcjg	MORPH=empty
le	le	DETdef	MORPH=empty
roi	roi2	NOMcom	MORPH=empty
seant	sëoir	VERppa	MORPH=empty
an	en1	PRE	MORPH=empty
son	son4	DETpos	MORPH=empty
paleis	palais2	NOMcom	MORPH=empty
,	,	PONfbl	MORPH=empty
antor	entor	PRE	MORPH=empty
lui	il	PROper	MORPH=empty
.c.	100	DETcar	MORPH=empty
contes	conte1	NOMcom	MORPH=empty
paleis	palais2	NOMcom	MORPH=empty
et	et	CONcoo	MORPH=empty
.c.	100	DETcar	MORPH=empty
dus	duc2	NOMcom	MORPH=empty
et	et	CONcoo	MORPH=empty
.c.	100	DETcar	MORPH=empty
rois	roi2	NOMcom	MORPH=empty
assis	asseoir	VERppe	MORPH=empty
.	.	PONfrt	MORPH=empty
Li	le	DETdef	MORPH=empty
rois	roi2	NOMcom	MORPH=empty
fu	estre1	VERcjg	MORPH=empty
mornes	morne	ADJqua	MORPH=empty
et	et	CONcoo	MORPH=empty
pansis	pensif	ADJqua	MORPH=empty
quant	cant1	CONsub	MORPH=empty
il	il	PROper	MORPH=empty
vit	vëoir	VERcjg	MORPH=empty
sa	son4	DETpos	MORPH=empty
grant	grant	ADJqua	MORPH=empty
baronie	baronie	NOMcom	MORPH=empty
et	et	CONcoo	MORPH=empty
de	de	PRE	MORPH=empty
son	son4	DETpos	MORPH=empty
neveu	nevo	NOMcom	MORPH=empty
n'	ne1	ADVneg	MORPH=empty
i	i2	PROadv	MORPH=empty
vit	vëoir	VERcjg	MORPH=empty
mie	mie	ADVneg	MORPH=empty
,	,	PONfbl	MORPH=empty
si	si	ADVgen	MORPH=empty
chiet	chëoir	VERcjg	MORPH=empty
pasmez	pasmer	VERppe	MORPH=empty
par	par	PRE	MORPH=empty
grant	grant	ADJqua	MORPH=empty
destrece	destrece	NOMcom	MORPH=empty
.	.	PONfrt	MORPH=empty
Au	a3+le	PRE.DETdef	MORPH=empty
relever	relever	VERinf	MORPH=empty
fu	estre1	VERcjg	MORPH=empty
sanz	sans	PRE	MORPH=empty
perece	perece	NOMcom	MORPH=empty
qui	qui	PROrel	MORPH=empty
einçois	ainçois	ADVgen	MORPH=empty
i	i2	PROadv	MORPH=empty
pot	pöoir	VERcjg	MORPH=empty
avenir	avenant	VERinf	MORPH=empty
,	,	PONfbl	MORPH=empty
car	car	CONcoo	MORPH=empty
tuit	tot	PROind	MORPH=empty
le	il	PROper	MORPH=empty
corent	corir	VERcjg	MORPH=empty
sostenir	sostenir	VERinf	MORPH=empty
.	.	PONfrt	MORPH=empty
Et	et	CONcoo	MORPH=empty
ma	mon1	DETpos	MORPH=empty
dame	dame	NOMcom	MORPH=empty
Lore	Lore	NOMpro	MORPH=empty
seoit	sëoir	VERcjg	MORPH=empty
an	en1	PRE	MORPH=empty
unes	un	DETndf	MORPH=empty
loiges	loge	NOMcom	MORPH=empty
,	,	PONfbl	MORPH=empty
si	si	ADVgen	MORPH=empty
ooit	öir	VERcjg	MORPH=empty
le	le	DETdef	MORPH=empty
duel	duel	NOMcom	MORPH=empty
qu'	que2	PROrel	MORPH=empty
an	on	PROind	MORPH=empty
fist	faire	VERcjg	MORPH=empty
parmi	parmi	PRE	MORPH=empty
la	le	DETdef	MORPH=empty
sale	sale1	NOMcom	MORPH=empty
.	.	PONfrt	MORPH=empty
De	de	PRE	MORPH=empty
la	le	DETdef	MORPH=empty
loige	loge	NOMcom	MORPH=empty
jus	jus1	ADVgen	MORPH=empty
s'	soi1	PROper	MORPH=empty
an	en2	PROadv	MORPH=empty
avale	avaler	VERcjg	MORPH=empty
,	,	PONfbl	MORPH=empty
s'	si	ADVgen	MORPH=empty
est	estre1	VERcjg	MORPH=empty
a	a3	PRE	MORPH=empty
la	le	DETdef	MORPH=empty
reïne	röine1	NOMcom	MORPH=empty
venue	venir	VERppe	MORPH=empty
ausi	aussi	ADVgen	MORPH=empty
come	come1	CONsub	MORPH=empty
tote	tot	ADVgen	MORPH=empty
esperdue	esperdre	VERppe	MORPH=empty
,	,	PONfbl	MORPH=empty
et	et	CONcoo	MORPH=empty
quant	cant1	CONsub	MORPH=empty
la	le	DETdef	MORPH=empty
reïne	röine1	NOMcom	MORPH=empty
la	il	PROper	MORPH=empty
voit	vëoir	VERcjg	MORPH=empty
,	,	PONfbl	MORPH=empty
si	si	ADVgen	MORPH=empty
li	il	PROper	MORPH=empty
demande	demander	VERcjg	MORPH=empty
qu'	que2	PROrel	MORPH=empty
ele	il	PROper	MORPH=empty
avoit	avoir	VERcjg	MORPH=empty
…	…	PONfrt	MORPH=empty
